0.005507 35.408752
nan 43.360616
0.009480 51.312480
0.003369 59.264343
0.004603 67.216207
0.002137 75.168070
0.008444 83.119934
0.006616 91.071798
nan 99.023661
0.004525 106.975525
0.005167 114.927388
0.012193 122.879252
0.000707 130.831116
0.002827 138.782979
0.003361 146.734843
0.012023 154.686706
0.016888 162.638570
0.007344 170.590434
0.004090 178.542297
0.004005 186.494161
0.005548 194.446024
0.005331 202.397888
0.012529 210.349752
0.002503 218.301615
0.008590 226.253479
0.008239 234.205342
0.005972 242.157206
0.007218 250.109070
0.007547 258.060933
0.001290 266.012797
0.005888 273.964660
0.006287 281.916524
0.004252 289.868388
0.005853 297.820251
0.005169 305.772115
0.009748 313.723978
0.005257 321.675842
0.004556 329.627706
0.011884 337.579569
0.004441 345.531433
0.005887 353.483296
0.006054 361.435160
0.000287 369.387024
0.003883 377.338887
0.005622 385.290751
0.003055 393.242614
0.004822 401.194478
0.010756 409.146342
0.010493 417.098205
0.008513 425.050069
0.001429 433.001932
0.006108 440.953796
0.006688 448.905660
0.002044 456.857523
0.005713 464.809387
0.003065 472.761250
0.011231 480.713114
0.001428 488.664978
0.006254 496.616841
0.003263 504.568705
0.002080 512.520568
0.007513 520.472432
0.005762 528.424296
0.002983 536.376159
0.012415 544.328023
0.008167 552.279886
0.008117 560.231750
0.002173 568.183613
0.006005 576.135477
0.004567 584.087341
0.006934 592.039204
0.005506 599.991068
0.003454 607.942931
0.007598 615.894795
0.003965 623.846659
nan 631.798522
0.007460 639.750386
nan 647.702249
0.006536 655.654113
0.003564 663.605977
0.013800 671.557840
0.005232 679.509704
nan 687.461567
nan 695.413431
nan 703.365295
0.002269 711.317158
0.009275 719.269022
0.004586 727.220885
0.003527 735.172749
nan 743.124613
nan 751.076476
nan 759.028340
0.001881 766.980203
nan 774.932067
nan 782.883931
0.004781 790.835794
nan 798.787658
nan 806.739521
nan 814.691385
0.000256 822.643249
