0.006288 26.278108
0.004538 33.324722
0.007680 40.371335
0.003842 47.417949
0.005526 54.464562
0.001908 61.511176
0.003270 68.557789
0.004809 75.604403
0.011526 82.651016
nan 89.697630
nan 96.744243
nan 103.790857
nan 110.837470
nan 117.884084
nan 124.930698
nan 131.977311
nan 139.023925
nan 146.070538
nan 153.117152
nan 160.163765
nan 167.210379
nan 174.256992
nan 181.303606
nan 188.350219
nan 195.396833
nan 202.443446
nan 209.490060
nan 216.536674
nan 223.583287
nan 230.629901
nan 237.676514
nan 244.723128
nan 251.769741
nan 258.816355
nan 265.862968
nan 272.909582
0.002705 279.956195
0.000873 287.002809
0.006133 294.049422
0.003806 301.096036
0.006459 308.142650
nan 315.189263
0.004076 322.235877
0.005211 329.282490
0.005769 336.329104
0.003275 343.375717
0.004889 350.422331
0.007368 357.468944
0.001064 364.515558
0.006581 371.562171
0.004673 378.608785
0.002631 385.655398
0.002443 392.702012
0.006757 399.748626
0.015137 406.795239
0.003742 413.841853
0.005752 420.888466
0.005860 427.935080
0.010380 434.981693
0.002900 442.028307
0.009803 449.074920
0.005943 456.121534
0.006588 463.168147
0.010648 470.214761
0.008003 477.261374
0.003246 484.307988
0.003263 491.354601
0.007315 498.401215
0.007144 505.447829
0.003881 512.494442
0.010427 519.541056
0.007640 526.587669
0.005991 533.634283
0.014244 540.680896
0.004377 547.727510
nan 554.774123
0.004859 561.820737
nan 568.867350
nan 575.913964
nan 582.960577
nan 590.007191
nan 597.053805
nan 604.100418
nan 611.147032
0.001032 618.193645
0.009193 625.240259
0.012409 632.286872
nan 639.333486
0.006461 646.380099
0.000191 653.426713
0.003148 660.473326
0.002468 667.519940
0.003098 674.566553
0.001551 681.613167
0.001577 688.659781
0.005342 695.706394
0.005521 702.753008
nan 709.799621
0.007484 716.846235
0.006768 723.892848
