0.007724 35.535232
0.009811 43.332790
0.010930 51.130349
0.002335 58.927908
0.010669 66.725466
0.004568 74.523025
0.007138 82.320583
0.002108 90.118142
0.003924 97.915701
0.006345 105.713259
0.005831 113.510818
0.010057 121.308376
0.011942 129.105935
0.008835 136.903494
0.009685 144.701052
0.007948 152.498611
nan 160.296170
0.008700 168.093728
0.008463 175.891287
0.012559 183.688845
0.008558 191.486404
0.004797 199.283963
0.012328 207.081521
0.009811 214.879080
0.009659 222.676639
0.010212 230.474197
0.011264 238.271756
0.004243 246.069314
0.004528 253.866873
0.007513 261.664432
0.007860 269.461990
0.007521 277.259549
0.009774 285.057107
0.009813 292.854666
0.007157 300.652225
0.007402 308.449783
0.009162 316.247342
0.010054 324.044901
0.011618 331.842459
0.011500 339.640018
0.009346 347.437576
0.012913 355.235135
0.011953 363.032694
0.009249 370.830252
0.010215 378.627811
0.008263 386.425369
0.006706 394.222928
0.005734 402.020487
0.006061 409.818045
0.008507 417.615604
0.009629 425.413163
0.007363 433.210721
0.005926 441.008280
0.004821 448.805838
0.010533 456.603397
0.007812 464.400956
0.007158 472.198514
0.007204 479.996073
0.005517 487.793631
0.005518 495.591190
0.008193 503.388749
0.002581 511.186307
0.007830 518.983866
0.005516 526.781425
0.004107 534.578983
0.007028 542.376542
0.001228 550.174100
0.008646 557.971659
0.011036 565.769218
0.004466 573.566776
0.013601 581.364335
0.014108 589.161893
0.009215 596.959452
0.010118 604.757011
nan 612.554569
0.006431 620.352128
0.012111 628.149687
0.006818 635.947245
0.006008 643.744804
0.007432 651.542362
0.005775 659.339921
0.005700 667.137480
0.007678 674.935038
0.004150 682.732597
0.004959 690.530155
0.002303 698.327714
0.004150 706.125273
nan 713.922831
0.005714 721.720390
0.005510 729.517949
0.000267 737.315507
0.007994 745.113066
0.004123 752.910624
nan 760.708183
nan 768.505742
0.004123 776.303300
nan 784.100859
0.001673 791.898418
nan 799.695976
0.000810 807.493535
