0.004067 5.141211
0.005227 14.688083
0.006995 24.234954
0.006097 33.781825
0.006055 43.328696
0.007005 52.875568
0.007304 62.422439
0.007064 71.969310
0.007301 81.516182
0.007361 91.063053
0.007125 100.609924
0.006871 110.156795
0.007803 119.703667
0.007432 129.250538
0.007221 138.797409
0.007965 148.344281
0.008781 157.891152
0.008345 167.438023
0.008783 176.984894
0.008640 186.531766
0.008496 196.078637
0.008436 205.625508
0.008695 215.172379
0.008310 224.719251
0.008493 234.266122
0.008313 243.812993
0.008548 253.359865
0.008938 262.906736
0.008969 272.453607
0.008563 282.000478
0.009250 291.547350
0.009032 301.094221
0.008818 310.641092
0.008962 320.187964
0.009263 329.734835
0.008589 339.281706
0.008951 348.828577
0.008714 358.375449
0.008516 367.922320
0.008802 377.469191
0.008819 387.016062
0.008803 396.562934
0.008832 406.109805
0.008698 415.656676
0.008467 425.203548
0.008285 434.750419
0.008495 444.297290
0.008338 453.844161
0.008343 463.391033
0.008011 472.937904
0.008791 482.484775
0.008370 492.031647
0.007971 501.578518
0.008777 511.125389
0.008310 520.672260
0.008255 530.219132
0.008446 539.766003
0.008852 549.312874
0.008457 558.859745
0.008585 568.406617
0.008759 577.953488
0.008539 587.500359
0.008592 597.047231
0.008610 606.594102
0.008490 616.140973
0.008292 625.687844
0.008860 635.234716
0.008563 644.781587
0.008504 654.328458
0.009159 663.875330
0.009032 673.422201
0.009160 682.969072
0.008524 692.515943
0.007949 702.062815
0.008632 711.609686
0.008332 721.156557
0.007718 730.703428
0.008166 740.250300
0.007821 749.797171
0.008382 759.344042
0.006414 768.890914
0.010510 778.437785
0.006170 787.984656
0.008208 797.531527
0.007355 807.078399
0.007049 816.625270
0.007265 826.172141
0.007147 835.719012
0.007493 845.265884
0.004892 854.812755
0.004426 864.359626
0.006897 873.906498
0.006173 883.453369
0.004317 893.000240
0.009487 902.547111
0.004156 912.093983
nan 921.640854
0.003205 931.187725
nan 940.734597
0.000919 950.281468
