# x y z x_res y_res z_res
-2.985632599265738008e+03 -1.667408538990492843e+03 1.658952818390447987e+02 0.000000000000000000e+00 0.000000000000000000e+00 -3.404546922669737796e-02
-2.596668966023932171e+03 -1.666663254675832377e+03 1.371372565540627875e+02 0.000000000000000000e+00 0.000000000000000000e+00 -1.408398289731849218e-02
-2.789314006376067937e+03 -1.430767516026517114e+03 1.426406088011503925e+02 0.000000000000000000e+00 0.000000000000000000e+00 -2.963740722213970002e-02
-3.026299326265122090e+03 -1.270175246180813474e+03 1.561160333702258924e+02 0.000000000000000000e+00 0.000000000000000000e+00 1.614845561999800339e-02
-2.602536862393320462e+03 -1.266373785430323778e+03 1.244321907712957938e+02 0.000000000000000000e+00 0.000000000000000000e+00 -4.060014151950497308e-02
-2.992530642258002445e+03 -9.528047101006318371e+02 1.456718598118626460e+02 0.000000000000000000e+00 0.000000000000000000e+00 3.782569603129104507e-02
-2.603171344450831384e+03 -9.532252807891196653e+02 1.168194847569674124e+02 0.000000000000000000e+00 0.000000000000000000e+00 -1.930747361564044695e-02
-2.795254196136587325e+03 -7.141384276642796749e+02 1.262277487608719184e+02 0.000000000000000000e+00 0.000000000000000000e+00 -1.685457216598251762e-02
-3.000906279034570616e+03 -5.541548955240974692e+02 1.400030539771460383e+02 0.000000000000000000e+00 0.000000000000000000e+00 5.337242908865391655e-03
-2.593148512842192304e+03 -5.581939231195464117e+02 1.097339313672128469e+02 0.000000000000000000e+00 0.000000000000000000e+00 -1.188717181609888485e-02
-2.972403021538645589e+03 -2.424549057437390616e+02 1.354028045104222429e+02 0.000000000000000000e+00 0.000000000000000000e+00 -1.645281409028598318e-02
-2.610135903323583989e+03 -2.456252666933762612e+02 1.084392972701016475e+02 0.000000000000000000e+00 0.000000000000000000e+00 2.615079641454087778e-02
-2.775542164142352249e+03 -1.235983897241416685e+01 1.200042303474315588e+02 0.000000000000000000e+00 0.000000000000000000e+00 -2.131228063871049017e-02
-2.964604500064652257e+03 1.389268244676123913e+02 1.351222215643041977e+02 0.000000000000000000e+00 0.000000000000000000e+00 -2.444347074629149574e-02
-2.630733851392389624e+03 1.827087613902753844e+02 1.102903550678184672e+02 0.000000000000000000e+00 0.000000000000000000e+00 -2.526459587845408805e-02
-2.609771301283608409e+03 4.776742092217651248e+02 1.116903685195415790e+02 0.000000000000000000e+00 0.000000000000000000e+00 -9.534340246730721447e-03
-2.966441865499258256e+03 4.678552122720063267e+02 1.384264073201293570e+02 0.000000000000000000e+00 0.000000000000000000e+00 -2.675591038669722366e-02
-2.795268860988918277e+03 7.046280439510641145e+02 1.289437881370042476e+02 0.000000000000000000e+00 0.000000000000000000e+00 -6.026649628466884678e-03
-2.604973583090194552e+03 8.649420310049029013e+02 1.183941580831773166e+02 0.000000000000000000e+00 0.000000000000000000e+00 1.255862824253028975e-02
-2.964658078135842516e+03 8.658638889901353650e+02 1.457235345717502071e+02 0.000000000000000000e+00 0.000000000000000000e+00 3.387847529268128710e-03
-2.980080180930865481e+03 1.171251312088921850e+03 1.554496814264831244e+02 0.000000000000000000e+00 0.000000000000000000e+00 4.136094306031168344e-02
-2.626486060528616235e+03 1.187162521580936755e+03 1.286940467179776704e+02 0.000000000000000000e+00 0.000000000000000000e+00 -1.902216178442017736e-02
-2.803280292573057977e+03 1.419984096660032947e+03 1.499703431832480476e+02 0.000000000000000000e+00 0.000000000000000000e+00 3.616753607937539527e-02
-2.974868684037022831e+03 1.562110010067962776e+03 1.694383390628866835e+02 0.000000000000000000e+00 0.000000000000000000e+00 1.282663307054576762e-02
-2.630499283919953996e+03 1.598068898290688821e+03 1.441099790602775954e+02 0.000000000000000000e+00 0.000000000000000000e+00 1.706074024551185175e-02
-2.332317944551093660e+03 2.329748153711896066e+03 1.614857764074191095e+02 0.000000000000000000e+00 0.000000000000000000e+00 -5.176414670768281212e-02
-1.945588628194395369e+03 2.318972187438241690e+03 1.375837519569190306e+02 0.000000000000000000e+00 0.000000000000000000e+00 -3.527569555245690935e-03
-2.140560744467010409e+03 2.152736796981627776e+03 1.389759814709617842e+02 0.000000000000000000e+00 0.000000000000000000e+00 1.975614177587203812e-02
-1.943312319954279701e+03 1.920695017631737755e+03 1.154838331878402187e+02 0.000000000000000000e+00 0.000000000000000000e+00 8.919816077622044759e-03
-2.306827770847026841e+03 1.888151122651004471e+03 1.352567708413802450e+02 0.000000000000000000e+00 0.000000000000000000e+00 -6.212508624258816781e-03
-2.331790387899674442e+03 1.600169439873058082e+03 1.237306550182455425e+02 0.000000000000000000e+00 0.000000000000000000e+00 3.582420772474392834e-03
-1.939716682310402575e+03 1.605270012854509105e+03 1.009800966844991592e+02 0.000000000000000000e+00 0.000000000000000000e+00 -8.431793243232732493e-03
-2.120360805863409951e+03 1.491050275997747804e+03 1.064546972922112644e+02 0.000000000000000000e+00 0.000000000000000000e+00 -1.060321617558201979e-02
-2.312388375220040416e+03 1.178766224371019234e+03 1.072793574520477620e+02 0.000000000000000000e+00 0.000000000000000000e+00 -9.464435353464750733e-03
-1.948694900073841382e+03 1.201919433240372882e+03 8.700484609920263779e+01 0.000000000000000000e+00 0.000000000000000000e+00 1.262021239995192445e-02
-1.933033913503384838e+03 9.155275302216297177e+02 7.848285519673326860e+01 0.000000000000000000e+00 0.000000000000000000e+00 1.093049346927443821e-02
-2.310134493755568656e+03 8.654835590094392046e+02 9.881787503306978238e+01 0.000000000000000000e+00 0.000000000000000000e+00 -2.124308663475460435e-02
-2.138109795235873207e+03 7.262011300923160206e+02 8.566754951299633092e+01 0.000000000000000000e+00 0.000000000000000000e+00 -1.490440126875114402e-02
-1.940070544499821835e+03 5.011985025451727438e+02 7.134371432859538231e+01 0.000000000000000000e+00 0.000000000000000000e+00 -1.419953693985576137e-02
-2.323560957040769154e+03 4.843628834787741084e+02 9.286369368374022315e+01 0.000000000000000000e+00 0.000000000000000000e+00 -1.857318961248211053e-02
-2.330072701195610534e+03 1.956553826679506471e+02 9.050298389010832523e+01 0.000000000000000000e+00 0.000000000000000000e+00 2.037449539561464462e-02
-1.939673992035631727e+03 1.692179566823133143e+02 6.834111847719796629e+01 0.000000000000000000e+00 0.000000000000000000e+00 1.660096934872967722e-02
-2.137043438599250749e+03 2.459871537150770138e+01 7.843785457810741946e+01 0.000000000000000000e+00 0.000000000000000000e+00 1.950096589462191332e-02
-2.329510073436817038e+03 -1.977470928195845659e+02 8.993332155228313241e+01 0.000000000000000000e+00 0.000000000000000000e+00 -4.880118081331374924e-03
-1.940398569478246145e+03 -2.234982732256848408e+02 6.824397451013240357e+01 0.000000000000000000e+00 0.000000000000000000e+00 5.302498950882750250e-03
-1.931603370257361803e+03 -4.923948078402964939e+02 6.979204081900577705e+01 0.000000000000000000e+00 0.000000000000000000e+00 -5.122808193462446980e-03
-2.305139619357294123e+03 -4.845129163284284459e+02 9.037116949128188992e+01 0.000000000000000000e+00 0.000000000000000000e+00 3.817913437718800651e-02
-2.122008256032581357e+03 -7.102673030718810878e+02 8.265770884004250263e+01 0.000000000000000000e+00 0.000000000000000000e+00 -7.521304524331640096e-03
-1.930642177715246817e+03 -8.983201639439744213e+02 7.590812272570229879e+01 0.000000000000000000e+00 0.000000000000000000e+00 2.376329457922565780e-02
-2.290315408711039254e+03 -9.593962571033511040e+02 9.688311367542705455e+01 0.000000000000000000e+00 0.000000000000000000e+00 -1.579681484835759875e-02
-2.319437443085888845e+03 -1.208458772691628155e+03 1.045969989831255020e+02 0.000000000000000000e+00 0.000000000000000000e+00 -4.353542184449565866e-02
-2.133872647504562337e+03 -1.359753049807624848e+03 9.816810745902178326e+01 0.000000000000000000e+00 0.000000000000000000e+00 2.366144053780772083e-02
-1.933261547717220310e+03 -1.221349030642695652e+03 8.363129648572770236e+01 0.000000000000000000e+00 0.000000000000000000e+00 -2.067526841986477848e-02
-1.936170305992765179e+03 -1.606410362208446259e+03 9.592354718156015281e+01 0.000000000000000000e+00 0.000000000000000000e+00 -9.945858101374938087e-03
-2.329484002285108545e+03 -1.630239243954286849e+03 1.185561304455686553e+02 0.000000000000000000e+00 0.000000000000000000e+00 -4.995961882561061884e-02
-2.326114865500979249e+03 -1.914667565020742131e+03 1.296700966478436214e+02 0.000000000000000000e+00 0.000000000000000000e+00 -1.113645052524532275e-01
-1.940754339307766031e+03 -1.925702200639749208e+03 1.087844810536683298e+02 0.000000000000000000e+00 0.000000000000000000e+00 -8.505988671444697502e-03
-2.132959679629273069e+03 -2.096420927041493087e+03 1.266543342614013596e+02 0.000000000000000000e+00 0.000000000000000000e+00 1.442370254889624448e-02
-2.321444336408083927e+03 -2.320880648734003898e+03 1.488133766093672250e+02 0.000000000000000000e+00 0.000000000000000000e+00 -2.554935556585746781e-02
-1.946217466025923841e+03 -2.315378072197455822e+03 1.276467224860041512e+02 0.000000000000000000e+00 0.000000000000000000e+00 3.266978382301033434e-02
-1.607468083249368874e+03 -3.050366863521113828e+03 1.566532253330810249e+02 0.000000000000000000e+00 0.000000000000000000e+00 -3.106798644674313437e-02
-1.245656997180724375e+03 -3.028279740729325113e+03 1.417236435795894067e+02 0.000000000000000000e+00 0.000000000000000000e+00 -9.661986791797971819e-04
-1.438753161486689351e+03 -2.787657515105641778e+03 1.326064637675129063e+02 0.000000000000000000e+00 0.000000000000000000e+00 2.553585794314017221e-02
-1.261878841373312753e+03 -2.659894509526081038e+03 1.186064919288992741e+02 0.000000000000000000e+00 0.000000000000000000e+00 3.738667204380874409e-02
-1.625702711234348726e+03 -2.671111081049461063e+03 1.328312238865467805e+02 0.000000000000000000e+00 0.000000000000000000e+00 -3.120639735121244485e-02
-1.253312456990214741e+03 -2.367958183230353825e+03 1.018488553360906081e+02 0.000000000000000000e+00 0.000000000000000000e+00 -1.236593040495392870e-02
-1.628235306565550673e+03 -2.382159109299036118e+03 1.164819741901750660e+02 0.000000000000000000e+00 0.000000000000000000e+00 1.868452121864550008e-02
-1.431980933431691483e+03 -2.131093201910382049e+03 9.604976149643123051e+01 0.000000000000000000e+00 0.000000000000000000e+00 -8.346233334762587219e-03
-1.221294932212208323e+03 -1.986697560608386539e+03 8.225591518566214688e+01 0.000000000000000000e+00 0.000000000000000000e+00 4.897614167929020823e-02
-1.566371717536050028e+03 -1.953001250655856438e+03 9.306793450405022838e+01 0.000000000000000000e+00 0.000000000000000000e+00 1.849051649560351507e-02
-1.223377107358953936e+03 -1.656443580112309746e+03 6.887829371419465474e+01 0.000000000000000000e+00 0.000000000000000000e+00 -4.385705750797797009e-02
-1.618563033818026270e+03 -1.672729514127836637e+03 8.383089380632308973e+01 0.000000000000000000e+00 0.000000000000000000e+00 4.490382085397470746e-02
-1.401681861192248107e+03 -1.421794511629079807e+03 6.677672195068176109e+01 0.000000000000000000e+00 0.000000000000000000e+00 2.768892377389420290e-03
-1.205485918388550999e+03 -1.271971339202292256e+03 5.574722310027166827e+01 0.000000000000000000e+00 0.000000000000000000e+00 1.034836080579282225e-02
-1.597237937161487253e+03 -1.267413193505851950e+03 6.964475130742225417e+01 0.000000000000000000e+00 0.000000000000000000e+00 1.972826675077499203e-02
-1.581764847330413659e+03 -9.618039591974538780e+02 6.142368141316272556e+01 0.000000000000000000e+00 0.000000000000000000e+00 1.607119904645060160e-02
-1.226748998314993514e+03 -9.536382548284670975e+02 4.848723915927793371e+01 0.000000000000000000e+00 0.000000000000000000e+00 4.447420591775852472e-02
-1.410344080260692863e+03 -7.145456204571813714e+02 5.023387195110728953e+01 0.000000000000000000e+00 0.000000000000000000e+00 -1.030756128682952522e-02
-1.601466024788527648e+03 -5.604565929676456335e+02 5.546770567530886353e+01 0.000000000000000000e+00 0.000000000000000000e+00 -2.013151131522761261e-02
-1.245359501218568766e+03 -5.340265691899736566e+02 4.211013028384371637e+01 0.000000000000000000e+00 0.000000000000000000e+00 -1.545050229216826665e-02
-1.619623285988247062e+03 -2.440594740939970961e+02 5.348626614170976268e+01 0.000000000000000000e+00 0.000000000000000000e+00 -3.214499108423751750e-03
-1.244371939823796083e+03 -2.399555136217702511e+02 3.957583810552611681e+01 0.000000000000000000e+00 0.000000000000000000e+00 -4.068279374606476040e-02
-1.437678592004210714e+03 -1.167906019226327530e+00 4.572606014669618446e+01 0.000000000000000000e+00 0.000000000000000000e+00 3.573537145221905575e-03
-1.618731637985953057e+03 1.530912627799692132e+02 5.330184218665174001e+01 0.000000000000000000e+00 0.000000000000000000e+00 -4.272810132952997719e-02
-1.247734638469869424e+03 1.508969684129459097e+02 3.944359803309891532e+01 0.000000000000000000e+00 0.000000000000000000e+00 -2.421578121252565552e-02
-1.600600884347263445e+03 4.713668719272920953e+02 5.511015447792635769e+01 0.000000000000000000e+00 0.000000000000000000e+00 -3.908182383796088288e-02
-1.224046176021354540e+03 4.584741788459287477e+02 4.101400009000022351e+01 0.000000000000000000e+00 0.000000000000000000e+00 -4.314385746731375093e-02
-1.417778279979061608e+03 7.005232020927530812e+02 5.118716940247281144e+01 0.000000000000000000e+00 0.000000000000000000e+00 -7.565538698067086898e-03
-1.609196741867434866e+03 8.697098171217626259e+02 6.215601030184183173e+01 0.000000000000000000e+00 0.000000000000000000e+00 3.331556516350531183e-03
-1.217602984543821094e+03 8.621810586548182300e+02 4.732666758801918405e+01 0.000000000000000000e+00 0.000000000000000000e+00 -3.422087456805655847e-02
-1.220360305900233016e+03 1.173919182726165445e+03 5.521011849521472925e+01 0.000000000000000000e+00 0.000000000000000000e+00 4.012754270434015780e-03
-1.621009084764853014e+03 1.149999709492941065e+03 6.973551934365769966e+01 0.000000000000000000e+00 0.000000000000000000e+00 6.594405695720695348e-02
-1.396491135663916566e+03 1.398960035242129607e+03 6.856680220303853446e+01 0.000000000000000000e+00 0.000000000000000000e+00 -1.744349975612635717e-02
-1.212085608875390108e+03 1.562963180281169343e+03 6.814516242363490051e+01 0.000000000000000000e+00 0.000000000000000000e+00 -1.482998036379967743e-03
-1.597501698733308103e+03 1.565259012764361387e+03 8.288827010698365427e+01 0.000000000000000000e+00 0.000000000000000000e+00 1.395429492900746027e-02
-1.600653447773741618e+03 1.868731224160550028e+03 9.625382601818162698e+01 0.000000000000000000e+00 0.000000000000000000e+00 1.637596667876550782e-02
-1.212446742514017615e+03 1.883692368202488979e+03 8.203382982218437292e+01 0.000000000000000000e+00 0.000000000000000000e+00 -1.828457972651165164e-02
-1.408943629658524969e+03 2.113266206731754210e+03 1.007663665675623719e+02 0.000000000000000000e+00 0.000000000000000000e+00 9.478368464456821130e-03
-1.199722671404768562e+03 2.268996283837717328e+03 1.019730918884491615e+02 0.000000000000000000e+00 0.000000000000000000e+00 9.150713998479886868e-03
-1.604508569821397259e+03 2.277324802239972541e+03 1.182001672166385049e+02 0.000000000000000000e+00 0.000000000000000000e+00 2.286041349097445163e-02
-1.606998972469102000e+03 2.602277082099268682e+03 1.389813023091498962e+02 0.000000000000000000e+00 0.000000000000000000e+00 2.997001629310602766e-02
-1.229936469617076227e+03 2.597149987265524487e+03 1.236176846843541028e+02 0.000000000000000000e+00 0.000000000000000000e+00 1.521180521476139802e-02
-1.412706660868014978e+03 2.825865098754935389e+03 1.466619524241841077e+02 0.000000000000000000e+00 0.000000000000000000e+00 1.811765996876602003e-03
-1.604892297625326137e+03 2.989429084699504983e+03 1.675195052475772570e+02 0.000000000000000000e+00 0.000000000000000000e+00 1.004378071868927691e-02
-1.210150116598074874e+03 2.990701200616511869e+03 1.517859706254465664e+02 0.000000000000000000e+00 0.000000000000000000e+00 1.479353925722648455e-02
-9.258266713967759642e+02 3.047115989064023779e+03 1.476541708472746564e+02 0.000000000000000000e+00 0.000000000000000000e+00 -2.018905617913446804e-02
-5.180665548964732352e+02 3.057504736645047160e+03 1.401295791210246193e+02 0.000000000000000000e+00 0.000000000000000000e+00 -1.894167402599578054e-02
-7.485219022563944691e+02 2.875674783007989390e+03 1.301099211501217781e+02 0.000000000000000000e+00 0.000000000000000000e+00 -1.820807732468665563e-02
-5.171207656089301281e+02 2.670943952078614075e+03 1.112389041553971083e+02 0.000000000000000000e+00 0.000000000000000000e+00 2.686487442147722504e-03
-9.014431033704358924e+02 2.612493166838252364e+03 1.148615762615674356e+02 0.000000000000000000e+00 0.000000000000000000e+00 -5.701703643964606272e-03
-9.164885211264291911e+02 2.363758538367374513e+03 9.930500488386310565e+01 0.000000000000000000e+00 0.000000000000000000e+00 -1.216703659406448423e-02
-5.217212106573447272e+02 2.358086404154529646e+03 9.111424968168542193e+01 0.000000000000000000e+00 0.000000000000000000e+00 5.719613684249225116e-03
-7.227118498101307296e+02 2.195085018692403082e+03 8.512654504063715422e+01 0.000000000000000000e+00 0.000000000000000000e+00 1.177075985170006334e-02
-9.139793265979938042e+02 1.961397017703666052e+03 7.714186658947015474e+01 0.000000000000000000e+00 0.000000000000000000e+00 -8.440107769729365828e-03
-5.517405808754650707e+02 1.957245430299709824e+03 6.970360093458813822e+01 0.000000000000000000e+00 0.000000000000000000e+00 2.501858776638243853e-02
-5.565917758815039633e+02 1.631402607379971414e+03 5.523453808785779984e+01 0.000000000000000000e+00 0.000000000000000000e+00 -6.355113177850313377e-02
-9.137361793532187448e+02 1.656132780377392237e+03 6.331926732598157059e+01 0.000000000000000000e+00 0.000000000000000000e+00 -4.127342243300091695e-02
-7.242260483798937685e+02 1.494841746214587147e+03 5.285522140608138386e+01 0.000000000000000000e+00 0.000000000000000000e+00 -1.109973429300481484e-02
-9.349110794530479325e+02 1.256384472887132233e+03 4.947133647240766408e+01 0.000000000000000000e+00 0.000000000000000000e+00 -3.978322318083371556e-03
-5.192559590956784632e+02 1.253262838704335991e+03 4.133180155455910665e+01 0.000000000000000000e+00 0.000000000000000000e+00 -1.292523597156503001e-02
-5.225367111093470385e+02 9.404845774383524031e+02 3.308671357774690591e+01 0.000000000000000000e+00 0.000000000000000000e+00 1.899008302751070687e-02
-9.255470267595402447e+02 9.308086657242221236e+02 4.055994283362360164e+01 0.000000000000000000e+00 0.000000000000000000e+00 -4.521950858958234676e-03
-7.067490850894733967e+02 7.785995755204829720e+02 3.272273835094095773e+01 0.000000000000000000e+00 0.000000000000000000e+00 -2.757695094177137207e-02
-9.128027032001806447e+02 5.458254359937615163e+02 3.338932526567949566e+01 0.000000000000000000e+00 0.000000000000000000e+00 1.631598722481442110e-02
-5.223242107169019164e+02 5.510311009451470454e+02 2.615071312744051468e+01 0.000000000000000000e+00 0.000000000000000000e+00 2.493463948543350739e-02
-5.150642518747098393e+02 2.284359018709767213e+02 2.307980988209175166e+01 0.000000000000000000e+00 0.000000000000000000e+00 -1.749474481190560482e-03
-9.319041383643649397e+02 2.353126711634402000e+02 3.092210697878237724e+01 0.000000000000000000e+00 0.000000000000000000e+00 2.297663929581972297e-03
-7.152166308049563668e+02 7.218757659483462419e+01 2.569394045265237736e+01 0.000000000000000000e+00 0.000000000000000000e+00 -6.782250374968157303e-03
-9.279761144963330253e+02 -1.667386780766172194e+02 3.041022867875935276e+01 0.000000000000000000e+00 0.000000000000000000e+00 2.905256271086287256e-02
-5.322084095400130082e+02 -1.737935083350704986e+02 2.302245359962868321e+01 0.000000000000000000e+00 0.000000000000000000e+00 4.807563252082758254e-03
-5.079460745602531802e+02 -5.431519061506269281e+02 2.570183343724111324e+01 0.000000000000000000e+00 0.000000000000000000e+00 -8.988392065546690901e-03
-7.347246485872711901e+02 -6.451494427627869754e+02 3.065785916135020983e+01 0.000000000000000000e+00 0.000000000000000000e+00 -4.780400253999417259e-02
-9.051232326118033598e+02 -5.419236814948301344e+02 3.284146090838065390e+01 0.000000000000000000e+00 0.000000000000000000e+00 -1.418225798217775946e-02
-9.191796181628428712e+02 -8.801976602074015545e+02 3.857043582259552750e+01 0.000000000000000000e+00 0.000000000000000000e+00 -2.156923128674037571e-02
-5.242072835487811062e+02 -8.823333659468260066e+02 3.137438072991557902e+01 0.000000000000000000e+00 0.000000000000000000e+00 -4.655775164525266518e-02
-5.456654663671267826e+02 -1.207310680491309085e+03 3.929330808752243342e+01 0.000000000000000000e+00 0.000000000000000000e+00 -3.855243378819039890e-02
-9.193631008058771386e+02 -1.189288791731102037e+03 4.574393482227026198e+01 0.000000000000000000e+00 0.000000000000000000e+00 -1.960839248430801263e-02
-7.456080019164220403e+02 -1.366919239999258252e+03 4.715929825477036275e+01 0.000000000000000000e+00 0.000000000000000000e+00 5.248182400251266699e-03
-9.117016155443870957e+02 -1.592019397895008069e+03 5.808882655730182165e+01 0.000000000000000000e+00 0.000000000000000000e+00 4.204323229310347187e-02
-5.467185323503600785e+02 -1.609223868191834981e+03 5.196904311095529749e+01 0.000000000000000000e+00 0.000000000000000000e+00 2.092832957853119069e-02
-5.474972854478596673e+02 -1.908298373702945128e+03 6.371878529335486974e+01 0.000000000000000000e+00 0.000000000000000000e+00 6.868089205042338108e-03
-9.394004067671015719e+02 -1.902443703927222487e+03 7.084999169740133595e+01 0.000000000000000000e+00 0.000000000000000000e+00 -7.059931210164904769e-03
-7.094106717825555961e+02 -2.056712116887323191e+03 7.285881790983307837e+01 0.000000000000000000e+00 0.000000000000000000e+00 4.138592211191394199e-02
-9.087905335493503571e+02 -2.330606233985598919e+03 9.037653318915540979e+01 0.000000000000000000e+00 0.000000000000000000e+00 -1.713322167503861237e-02
-5.355974297959240857e+02 -2.285488456988046437e+03 8.120205221739132639e+01 0.000000000000000000e+00 0.000000000000000000e+00 3.198917573148207794e-02
-5.308023393717626277e+02 -2.619247266340780698e+03 9.943102015073024802e+01 0.000000000000000000e+00 0.000000000000000000e+00 -7.150964836569073668e-03
-9.210240672283798631e+02 -2.610816907292155975e+03 1.061647598692948975e+02 0.000000000000000000e+00 0.000000000000000000e+00 -1.749089879687915072e-02
-6.957044202562697137e+02 -2.772752679722696939e+03 1.112873548830285415e+02 0.000000000000000000e+00 0.000000000000000000e+00 1.099168121285742927e-02
-5.288039536587953080e+02 -2.999781095814270429e+03 1.233969172052879628e+02 0.000000000000000000e+00 0.000000000000000000e+00 -3.297732177841794510e-03
-9.140609571076277007e+02 -3.002618708992941265e+03 1.307315535131930346e+02 0.000000000000000000e+00 0.000000000000000000e+00 1.818368868640618530e-03
-2.330564774063453797e+02 -3.052864748235667776e+03 1.241231873522694400e+02 0.000000000000000000e+00 0.000000000000000000e+00 2.656562327274514246e-02
1.812676055561153419e+02 -3.012895800037638310e+03 1.211210179656106192e+02 0.000000000000000000e+00 0.000000000000000000e+00 4.274281646921451738e-02
-1.095532258211840571e+01 -2.823486666217387665e+03 1.082921333782716999e+02 0.000000000000000000e+00 0.000000000000000000e+00 3.439244864685520042e-02
1.769262195788897145e+02 -2.678372025595243485e+03 9.974796256884680190e+01 0.000000000000000000e+00 0.000000000000000000e+00 -2.287368289596258819e-02
-1.957737942674750968e+02 -2.659220586627114244e+03 9.869362326298346488e+01 0.000000000000000000e+00 0.000000000000000000e+00 -8.071559862102617444e-03
-2.085826640250113826e+02 -2.365453313283069292e+03 8.226848513298030241e+01 0.000000000000000000e+00 0.000000000000000000e+00 2.276486828255031014e-02
1.755483750012873543e+02 -2.353502017652989707e+03 8.147842928508606519e+01 0.000000000000000000e+00 0.000000000000000000e+00 5.934800608767432095e-02
-1.831429867423543101e+01 -2.128652720878939363e+03 6.985381513819648092e+01 0.000000000000000000e+00 0.000000000000000000e+00 8.985985035025123580e-03
1.652377527538608604e+02 -1.918324242617449045e+03 6.070552037772243636e+01 0.000000000000000000e+00 0.000000000000000000e+00 1.433788787645084994e-02
-2.013744142832414923e+02 -1.968562534362563156e+03 6.304972887216900546e+01 0.000000000000000000e+00 0.000000000000000000e+00 4.096435779273122080e-02
-2.191190690316782081e+02 -1.658200711400201271e+03 5.058930989460765915e+01 0.000000000000000000e+00 0.000000000000000000e+00 -5.379084219838148329e-02
1.885783238783955369e+02 -1.645655392189408531e+03 4.996961667044450905e+01 0.000000000000000000e+00 0.000000000000000000e+00 3.571863436489053356e-02
-9.243522244834274204e+00 -1.420534388690280366e+03 4.180943572650146933e+01 0.000000000000000000e+00 0.000000000000000000e+00 7.675357579351782533e-03
1.831057221607451027e+02 -1.259664642160442099e+03 3.740348340484029421e+01 0.000000000000000000e+00 0.000000000000000000e+00 -4.513717435855824078e-03
-2.007747790307224136e+02 -1.259056656941879965e+03 3.747191562940324872e+01 0.000000000000000000e+00 0.000000000000000000e+00 4.980089957080480190e-02
-2.101940907839657768e+02 -9.509796761528352818e+02 2.987210498298505712e+01 0.000000000000000000e+00 0.000000000000000000e+00 1.250224565776747454e-02
1.687922640309628264e+02 -9.480454182122490465e+02 2.961088183005843888e+01 0.000000000000000000e+00 0.000000000000000000e+00 3.719606128802510625e-02
-1.408105793688971374e+01 -7.036422114494527023e+02 2.469370542597752305e+01 0.000000000000000000e+00 0.000000000000000000e+00 3.368605570810245808e-02
-2.080293946325890033e+02 -5.553786911507787636e+02 2.312332755288252883e+01 0.000000000000000000e+00 0.000000000000000000e+00 -4.987408256059211453e-02
1.880605930875860281e+02 -5.469658091455444264e+02 2.291744899427121140e+01 0.000000000000000000e+00 0.000000000000000000e+00 -1.965021262752131292e-02
1.504520087843119711e+02 -2.054135911475104308e+02 1.982452042228641886e+01 0.000000000000000000e+00 0.000000000000000000e+00 1.942061925995375304e-02
-2.107206053656156826e+02 -2.354119474122200586e+02 2.025412414668834771e+01 0.000000000000000000e+00 0.000000000000000000e+00 -2.505187532468511336e-02
-7.007307597745695560e+00 -1.832846084798092301e+00 1.905066886213400323e+01 0.000000000000000000e+00 0.000000000000000000e+00 5.374842605232288406e-02
1.955999239664101026e+02 1.636184542144344789e+02 1.985304745370679669e+01 0.000000000000000000e+00 0.000000000000000000e+00 -2.149714506365185684e-02
-2.093595139599188997e+02 1.697203736251083512e+02 1.994852121105521547e+01 0.000000000000000000e+00 0.000000000000000000e+00 4.263983845819296903e-02
-2.049351942062043861e+02 4.746221680972827812e+02 2.222464783021334966e+01 0.000000000000000000e+00 0.000000000000000000e+00 -4.948258694708584926e-02
1.434273945940085753e+02 5.143871680492812857e+02 2.240886166311994998e+01 0.000000000000000000e+00 0.000000000000000000e+00 -1.696404674191853701e-03
-6.499936283791753588e+00 7.152853518321160209e+02 2.505809968027988788e+01 0.000000000000000000e+00 0.000000000000000000e+00 4.233520266550883093e-02
-2.055639414487023657e+02 8.699490854353348368e+02 2.852542477781718944e+01 0.000000000000000000e+00 0.000000000000000000e+00 5.779221836160530756e-03
1.814280337712857261e+02 9.378665365870202777e+02 2.986910540730207231e+01 0.000000000000000000e+00 0.000000000000000000e+00 1.981900551682613809e-02
1.800819901096411400e+02 1.191000646980232204e+03 3.634073816028062964e+01 0.000000000000000000e+00 0.000000000000000000e+00 1.270043601330428373e-02
-2.132964886360584273e+02 1.186518262538898171e+03 3.638507083343011317e+01 0.000000000000000000e+00 0.000000000000000000e+00 -5.685038745184556319e-03
-1.102837050967362309e+01 1.424336283813896671e+03 4.331910831555236996e+01 0.000000000000000000e+00 0.000000000000000000e+00 1.222921991119818586e-02
1.932205864450014587e+02 1.583371305101419239e+03 4.967190843038652304e+01 0.000000000000000000e+00 0.000000000000000000e+00 1.595776984509456042e-02
-2.054085509603218611e+02 1.585305203457064636e+03 4.981237922493585302e+01 0.000000000000000000e+00 0.000000000000000000e+00 3.750488742641522322e-02
-2.084357890599739278e+02 1.901455522212536380e+03 6.346927155140242860e+01 0.000000000000000000e+00 0.000000000000000000e+00 -9.130458999045742985e-03
1.633106089500509484e+02 1.896249420755994606e+03 6.299549383068256247e+01 0.000000000000000000e+00 0.000000000000000000e+00 1.094733671611436421e-02
-1.115859567014078557e+01 2.138792647460868011e+03 7.488673138577665611e+01 0.000000000000000000e+00 0.000000000000000000e+00 1.137084583875491717e-02
1.879876845303795960e+02 2.297818155756878241e+03 8.428299350809086832e+01 0.000000000000000000e+00 0.000000000000000000e+00 1.821852898126508080e-02
-2.135274918059610627e+02 2.289752059580959667e+03 8.395493648621538796e+01 0.000000000000000000e+00 0.000000000000000000e+00 2.990012527165220035e-02
-1.994148179651981820e+02 2.613837846470337809e+03 1.041722828972141315e+02 0.000000000000000000e+00 0.000000000000000000e+00 2.364021339603539218e-02
1.786827201324360033e+02 2.612347375698694577e+03 1.039629149379541246e+02 0.000000000000000000e+00 0.000000000000000000e+00 3.961447216028091134e-02
-1.514664768612785828e+01 2.847413095819334558e+03 1.201180295320845914e+02 0.000000000000000000e+00 0.000000000000000000e+00 -1.985455516944512055e-03
1.967375758261555916e+02 2.996692055479675673e+03 1.320443083764107826e+02 0.000000000000000000e+00 0.000000000000000000e+00 -1.923418446432378914e-02
-2.247123901526333896e+02 3.008020797309010050e+03 1.331021773259737699e+02 0.000000000000000000e+00 0.000000000000000000e+00 2.979139045419287868e-02
8.731059459738464739e+02 -3.007269254729222212e+03 1.301046919587877539e+02 0.000000000000000000e+00 0.000000000000000000e+00 1.296758720911839191e-02
5.070915044551691153e+02 -3.006241699584744765e+03 1.235451026890763444e+02 0.000000000000000000e+00 0.000000000000000000e+00 7.196144135681947773e-02
6.795706790830367936e+02 -2.832500747939288885e+03 1.147632280003900007e+02 0.000000000000000000e+00 0.000000000000000000e+00 -8.109240335130607491e-03
8.704606713389318884e+02 -2.677036657854876921e+03 1.089340405771878579e+02 0.000000000000000000e+00 0.000000000000000000e+00 1.596002116737338383e-02
4.819079615792353479e+02 -2.673960112821628627e+03 1.020422719536979201e+02 0.000000000000000000e+00 0.000000000000000000e+00 3.168408284864199231e-03
8.888304069673253025e+02 -2.360783587803516639e+03 9.150285865417791342e+01 0.000000000000000000e+00 0.000000000000000000e+00 -1.169502728536997438e-02
4.804387715082464183e+02 -2.351652152191972164e+03 8.391626374386066800e+01 0.000000000000000000e+00 0.000000000000000000e+00 -1.897032158741751573e-02
6.948638755946985839e+02 -2.131450382793940207e+03 7.609290042982665625e+01 0.000000000000000000e+00 0.000000000000000000e+00 3.377242118986600872e-03
8.926993791125872804e+02 -1.962031731549957158e+03 7.233506463095129391e+01 0.000000000000000000e+00 0.000000000000000000e+00 3.761669225610830836e-03
4.938287989292168163e+02 -1.967528898446326593e+03 6.557268704366848056e+01 0.000000000000000000e+00 0.000000000000000000e+00 -4.166875751593579480e-02
8.716539912956269518e+02 -1.649532430520789603e+03 5.926579070365202284e+01 0.000000000000000000e+00 0.000000000000000000e+00 3.075744973969563034e-03
4.934252213462586951e+02 -1.650602657589787668e+03 5.277505790855325074e+01 0.000000000000000000e+00 0.000000000000000000e+00 6.922837577832297029e-03
6.879305351313159917e+02 -1.355991085878162721e+03 4.578027196300951118e+01 0.000000000000000000e+00 0.000000000000000000e+00 1.884213283479141410e-02
8.792720210209924971e+02 -1.248689449534333789e+03 4.645035817063467221e+01 0.000000000000000000e+00 0.000000000000000000e+00 2.589883363346956457e-02
4.841762400219689084e+02 -1.251571322562632986e+03 3.971258820244356968e+01 0.000000000000000000e+00 0.000000000000000000e+00 -2.450570146728381360e-02
4.941980683979277273e+02 -9.305633344794458708e+02 3.197160224538464135e+01 0.000000000000000000e+00 0.000000000000000000e+00 2.278650324354103418e-02
8.898070911639583755e+02 -9.440376440807624476e+02 3.920168352893996655e+01 0.000000000000000000e+00 0.000000000000000000e+00 -3.564572551785971655e-02
6.683119175479187106e+02 -7.028295015682051599e+02 3.034898569383885558e+01 0.000000000000000000e+00 0.000000000000000000e+00 -1.472764678041826869e-02
4.746908484289001535e+02 -5.419220436470917548e+02 2.527087207955619519e+01 0.000000000000000000e+00 0.000000000000000000e+00 1.099642535741196525e-02
8.656932097560057855e+02 -4.738073264650319061e+02 3.117245409315557936e+01 0.000000000000000000e+00 0.000000000000000000e+00 4.284809912057241377e-02
8.614396162976872802e+02 -2.335114516133830307e+02 2.917546153051343438e+01 0.000000000000000000e+00 0.000000000000000000e+00 2.460203540292482671e-02
4.848557615858355803e+02 -2.367361164739893411e+02 2.269866462775955185e+01 0.000000000000000000e+00 0.000000000000000000e+00 -2.251901844577020029e-03
6.680692938574286472e+02 2.079118458230711397e+01 2.479190563313938966e+01 0.000000000000000000e+00 0.000000000000000000e+00 -1.734984332472322421e-03
4.630662621533533070e+02 2.211062762252688287e+02 2.238415064142630939e+01 0.000000000000000000e+00 0.000000000000000000e+00 -2.044412764665892723e-02
8.851878801551067681e+02 2.325048393748498654e+02 2.980618859404529530e+01 0.000000000000000000e+00 0.000000000000000000e+00 1.836600920409381388e-03
8.858305953672310125e+02 4.923115487651854778e+02 3.208856141028903153e+01 0.000000000000000000e+00 0.000000000000000000e+00 -1.518520771824682924e-03
5.128587417228978893e+02 4.834038477130847014e+02 2.519456714599892422e+01 0.000000000000000000e+00 0.000000000000000000e+00 -4.367278039764954656e-02
6.980632979287164517e+02 7.758157313093773837e+02 3.251081079086922188e+01 0.000000000000000000e+00 0.000000000000000000e+00 2.321445412678002640e-02
5.145503588465372786e+02 9.112753118303147630e+02 3.232862646032836551e+01 0.000000000000000000e+00 0.000000000000000000e+00 -4.629037636008348500e-02
8.872634971808662385e+02 9.384677460507612068e+02 3.981759529341468351e+01 0.000000000000000000e+00 0.000000000000000000e+00 3.290939966027650598e-02
8.722091711744226359e+02 1.192713235964968135e+03 4.605577833396634446e+01 0.000000000000000000e+00 0.000000000000000000e+00 -1.820430941780415424e-02
5.042317599063352986e+02 1.192258175042783023e+03 3.931712087246375376e+01 0.000000000000000000e+00 0.000000000000000000e+00 -7.212565891819622266e-03
6.708450324650372067e+02 1.428032642944706595e+03 4.945852928398795711e+01 0.000000000000000000e+00 0.000000000000000000e+00 2.098431424858659966e-02
4.717084736536327796e+02 1.605654629871239649e+03 5.303270397565572836e+01 0.000000000000000000e+00 0.000000000000000000e+00 2.559941998417514242e-02
8.720277703755600669e+02 1.642713665514226477e+03 6.176421257739140458e+01 0.000000000000000000e+00 0.000000000000000000e+00 1.015698192396286004e-02
8.739680814980231389e+02 1.915338327400663275e+03 7.392216356490743578e+01 0.000000000000000000e+00 0.000000000000000000e+00 1.466343555513560659e-02
4.903388571793782376e+02 1.910386035333762948e+03 6.656761541659390957e+01 0.000000000000000000e+00 0.000000000000000000e+00 -1.633747482985370425e-02
6.672215902049130136e+02 2.137709272124995096e+03 8.092183885788654152e+01 0.000000000000000000e+00 0.000000000000000000e+00 -1.423357963928140180e-02
4.996290947889114591e+02 2.297139796487296280e+03 8.719353807046209681e+01 0.000000000000000000e+00 0.000000000000000000e+00 1.001957088838878462e-02
8.841527777875004404e+02 2.351306248296960803e+03 9.774784001847629611e+01 0.000000000000000000e+00 0.000000000000000000e+00 -3.512530446293737896e-02
4.795585235017057357e+02 2.629611824970011639e+03 1.078883662147291602e+02 0.000000000000000000e+00 0.000000000000000000e+00 -8.518343786803939111e-03
8.674960126964491565e+02 2.674117371988852483e+03 1.182433804041197760e+02 0.000000000000000000e+00 0.000000000000000000e+00 1.333878191236692601e-02
6.859463679805152196e+02 2.850459522176881819e+03 1.269593212032615526e+02 0.000000000000000000e+00 0.000000000000000000e+00 1.139460954823334760e-02
4.946579831136328949e+02 3.009865679244575404e+03 1.359957781901570399e+02 0.000000000000000000e+00 0.000000000000000000e+00 3.088723763255529775e-03
8.652178212296636275e+02 3.061273937243218370e+03 1.472529215102637465e+02 0.000000000000000000e+00 0.000000000000000000e+00 1.121267387350144418e-02
1.583077963922236677e+03 3.009185448750267369e+03 1.681063553266643851e+02 0.000000000000000000e+00 0.000000000000000000e+00 -2.387669491156430013e-03
1.192485320847325738e+03 3.009900265581905842e+03 1.527067086778540670e+02 0.000000000000000000e+00 0.000000000000000000e+00 6.467259936897562511e-03
1.342241901153456638e+03 2.896559317367701624e+03 1.492487706841624515e+02 0.000000000000000000e+00 0.000000000000000000e+00 3.486669123947194748e-02
1.165062211189698701e+03 2.682138444011668071e+03 1.272820253159297295e+02 0.000000000000000000e+00 0.000000000000000000e+00 5.738370982200535764e-03
1.568719812047898131e+03 2.611176562173577167e+03 1.378795454693184581e+02 0.000000000000000000e+00 0.000000000000000000e+00 -2.826864396439532356e-03
1.576831491117831774e+03 2.356533983308440838e+03 1.217333677492858044e+02 0.000000000000000000e+00 0.000000000000000000e+00 1.821115374806936416e-02
1.172897361830887121e+03 2.357283581317456537e+03 1.063361328502939642e+02 0.000000000000000000e+00 0.000000000000000000e+00 1.841240108994668390e-02
1.376023422466160810e+03 2.204647471782665434e+03 1.045590573817049460e+02 0.000000000000000000e+00 0.000000000000000000e+00 -8.556603174511678844e-03
1.183611705565903321e+03 1.960786249870578331e+03 8.483689610139487058e+01 0.000000000000000000e+00 0.000000000000000000e+00 -1.866470778969642197e-02
1.572554593501207819e+03 1.960766305913694850e+03 9.953150757823416939e+01 0.000000000000000000e+00 0.000000000000000000e+00 5.182796095427022465e-02
1.200331890056401789e+03 1.654324079543908965e+03 7.143485824168664067e+01 0.000000000000000000e+00 0.000000000000000000e+00 2.252237303295601123e-03
1.591007663313030662e+03 1.635894407216581840e+03 8.546569995443576317e+01 0.000000000000000000e+00 0.000000000000000000e+00 -1.137497978679391508e-02
1.395412624961390975e+03 1.487805083850936626e+03 7.173149167022290840e+01 0.000000000000000000e+00 0.000000000000000000e+00 -3.315020504371091192e-02
1.573471863914792266e+03 1.248914985505759205e+03 7.066795972064578280e+01 0.000000000000000000e+00 0.000000000000000000e+00 -3.553301886633164486e-02
1.200326114972673849e+03 1.246740021171968465e+03 5.673704354686498874e+01 0.000000000000000000e+00 0.000000000000000000e+00 -1.396422477510839144e-02
1.196279750897538406e+03 9.409701621994503284e+02 4.838483572316337700e+01 0.000000000000000000e+00 0.000000000000000000e+00 -2.235853526038766859e-02
1.587269347575734628e+03 9.413324792119694848e+02 6.284086353583530382e+01 0.000000000000000000e+00 0.000000000000000000e+00 -2.264924724180161775e-02
1.421631081656478955e+03 7.618639182344741130e+02 5.243922524692722220e+01 0.000000000000000000e+00 0.000000000000000000e+00 -3.297444405816918334e-03
1.575077959802079022e+03 5.390308479013234546e+02 5.490333968710565671e+01 0.000000000000000000e+00 0.000000000000000000e+00 6.089585691107401999e-03
1.207768058623405977e+03 5.386694706218244164e+02 4.147500181090011040e+01 0.000000000000000000e+00 0.000000000000000000e+00 -2.962817192516808973e-02
1.161027729458350905e+03 1.832853892867636603e+02 3.687147568669277575e+01 0.000000000000000000e+00 0.000000000000000000e+00 -3.388479165581514962e-02
1.587531306033921737e+03 2.216579793636233831e+02 5.234412969140959149e+01 0.000000000000000000e+00 0.000000000000000000e+00 -7.272895048096472692e-03
1.428857597847996431e+03 5.258386150306860429e+01 4.545920219657119787e+01 0.000000000000000000e+00 0.000000000000000000e+00 -4.194236690509001164e-04
1.171076821499633525e+03 -1.795502108938576384e+02 3.702455741669518119e+01 0.000000000000000000e+00 0.000000000000000000e+00 -2.308866689927668858e-02
1.562638764379398935e+03 -1.781330959029417329e+02 5.085479362744413834e+01 0.000000000000000000e+00 0.000000000000000000e+00 1.455795093063017021e-02
1.586774324316912498e+03 -4.909837307693632624e+02 5.406474502321096054e+01 0.000000000000000000e+00 0.000000000000000000e+00 -1.108254508072548106e-02
1.215627158367771244e+03 -4.842450048372488141e+02 4.060888792940797032e+01 0.000000000000000000e+00 0.000000000000000000e+00 -2.309074457085813492e-02
1.369086954238458929e+03 -6.564204243030297903e+02 4.787755644435520708e+01 0.000000000000000000e+00 0.000000000000000000e+00 4.626351162364983338e-03
1.188661160046496661e+03 -8.874294664025461543e+02 4.595050052299543353e+01 0.000000000000000000e+00 0.000000000000000000e+00 6.679407083588273508e-03
1.562722713796219296e+03 -8.761515376327171225e+02 5.890472623285133125e+01 0.000000000000000000e+00 0.000000000000000000e+00 -3.883288384879790556e-02
1.580794020977246873e+03 -1.254966344022072008e+03 6.862476997312926130e+01 0.000000000000000000e+00 0.000000000000000000e+00 3.426926642410421664e-02
1.228536212267667906e+03 -1.240104762659718062e+03 5.556710487746148175e+01 0.000000000000000000e+00 0.000000000000000000e+00 -5.531913814223798909e-03
1.374616256083876578e+03 -1.354258378632828908e+03 6.372379392805503073e+01 0.000000000000000000e+00 0.000000000000000000e+00 4.904136087489519014e-03
1.566954360816507460e+03 -1.594881106204340313e+03 7.888173669187249004e+01 0.000000000000000000e+00 0.000000000000000000e+00 1.267113405361897094e-02
1.191875331390911469e+03 -1.593707695638691121e+03 6.563259702041916910e+01 0.000000000000000000e+00 0.000000000000000000e+00 -1.950600495901255726e-02
1.563869236083527994e+03 -1.961976092662927158e+03 9.336087151502886172e+01 0.000000000000000000e+00 0.000000000000000000e+00 1.371591168755514900e-02
1.172530509179974842e+03 -1.953647681831037062e+03 7.931345398402231694e+01 0.000000000000000000e+00 0.000000000000000000e+00 1.855391004015416456e-02
1.355972833643597824e+03 -2.099655039423937524e+03 9.184921172008188250e+01 0.000000000000000000e+00 0.000000000000000000e+00 1.198802136607923785e-02
1.195740400499707448e+03 -2.307079089867429047e+03 9.685717478429208427e+01 0.000000000000000000e+00 0.000000000000000000e+00 -1.978534022504163659e-02
1.532167780573168784e+03 -2.309467886068787720e+03 1.087416840575020274e+02 0.000000000000000000e+00 0.000000000000000000e+00 2.859342771725437160e-02
1.570254400955741630e+03 -2.625111604072314094e+03 1.277901896961448074e+02 0.000000000000000000e+00 0.000000000000000000e+00 -5.048113737858272998e-02
1.199834551219542618e+03 -2.616735714632894087e+03 1.140845905930782465e+02 0.000000000000000000e+00 0.000000000000000000e+00 2.995143931246957436e-02
1.359184507375747444e+03 -2.806370517343088522e+03 1.309129120895093479e+02 0.000000000000000000e+00 0.000000000000000000e+00 -2.637890192281133750e-02
1.181250776583415700e+03 -3.018733759134362572e+03 1.390490692566642394e+02 0.000000000000000000e+00 0.000000000000000000e+00 -1.714593308545886430e-02
1.574156361059747496e+03 -3.012146659122114670e+03 1.526398303449320224e+02 0.000000000000000000e+00 0.000000000000000000e+00 -2.937896523985727981e-02
1.857462892426883627e+03 -2.311075319355783904e+03 1.230477421216097156e+02 0.000000000000000000e+00 0.000000000000000000e+00 -2.848919677059313926e-02
2.282956789755785849e+03 -2.295920965481679104e+03 1.451880371882367626e+02 0.000000000000000000e+00 0.000000000000000000e+00 -3.390069682029661635e-02
2.067154964392387228e+03 -2.130780359158838110e+03 1.246980480034200554e+02 0.000000000000000000e+00 0.000000000000000000e+00 1.488058170572514882e-02
2.281110981925136457e+03 -1.958268778067869562e+03 1.288645331371480438e+02 0.000000000000000000e+00 0.000000000000000000e+00 6.261059712014116485e-02
1.894999337680002782e+03 -1.958766933963620431e+03 1.079579819645746284e+02 0.000000000000000000e+00 0.000000000000000000e+00 1.727842261998091544e-02
1.867806703033260874e+03 -1.637661606239860021e+03 9.370277402813937329e+01 0.000000000000000000e+00 0.000000000000000000e+00 -1.420333573591392451e-03
2.252813924472065992e+03 -1.652436323869363378e+03 1.147947189970933692e+02 0.000000000000000000e+00 0.000000000000000000e+00 -1.389403112315790167e-02
2.068403833391679200e+03 -1.416825003348858445e+03 9.636865345010659212e+01 0.000000000000000000e+00 0.000000000000000000e+00 2.053968143000872715e-02
2.260013865355941562e+03 -1.247154525299404213e+03 1.021055601050183128e+02 0.000000000000000000e+00 0.000000000000000000e+00 2.879846042588951605e-02
1.882351656121953738e+03 -1.258596823719365148e+03 8.215248874215686214e+01 0.000000000000000000e+00 0.000000000000000000e+00 1.422796184364472083e-02
2.258658511655904931e+03 -9.270333305378586601e+02 9.433429686428533500e+01 0.000000000000000000e+00 0.000000000000000000e+00 2.709254893358092886e-02
1.897273902651735852e+03 -9.449613465196623565e+02 7.520633944363142120e+01 0.000000000000000000e+00 0.000000000000000000e+00 -1.795074896342896409e-02
2.086687876600605705e+03 -7.014016361916582127e+02 8.058707206111742494e+01 0.000000000000000000e+00 0.000000000000000000e+00 -7.907060482281735858e-03
2.249017724767376876e+03 -5.409493609102673872e+02 8.762975706513250884e+01 0.000000000000000000e+00 0.000000000000000000e+00 -3.129778625552148696e-02
1.883679564333395547e+03 -5.429405846146354406e+02 6.798007306443787456e+01 0.000000000000000000e+00 0.000000000000000000e+00 -2.147702366607973090e-02
2.261045476246367343e+03 -2.262467004841243465e+02 8.590189668253320576e+01 0.000000000000000000e+00 0.000000000000000000e+00 2.721319754320461470e-02
1.897926463061443201e+03 -2.284923254510892150e+02 6.613927618642972561e+01 0.000000000000000000e+00 0.000000000000000000e+00 5.414153716499470193e-02
2.036624762162432489e+03 3.599009089968187425e+01 7.294681205365728260e+01 0.000000000000000000e+00 0.000000000000000000e+00 2.069255766714661604e-02
2.266484895024488651e+03 1.623479768170199407e+02 8.644122075600374444e+01 0.000000000000000000e+00 0.000000000000000000e+00 -1.767660690987327143e-03
1.886180090062256568e+03 1.713332021362790556e+02 6.566272639881762530e+01 0.000000000000000000e+00 0.000000000000000000e+00 3.259611455182209738e-02
2.262049948108066019e+03 4.861676462013289779e+02 8.912459114404796878e+01 0.000000000000000000e+00 0.000000000000000000e+00 -1.358518893583493536e-02
1.950647319506610302e+03 5.116402272217867448e+02 7.202597817358044097e+01 0.000000000000000000e+00 0.000000000000000000e+00 1.532232700579072571e-02
2.076170286347006822e+03 7.287454555957201592e+02 8.222741205066365922e+01 0.000000000000000000e+00 0.000000000000000000e+00 2.465518836430646843e-03
2.253431501010102693e+03 8.956541053534460843e+02 9.602434665836622685e+01 0.000000000000000000e+00 0.000000000000000000e+00 -2.341117824815341919e-02
1.888009259574809903e+03 8.713990252766336653e+02 7.518241590955815923e+01 0.000000000000000000e+00 0.000000000000000000e+00 1.894100005118559693e-02
2.277736120693065004e+03 1.188816665473652392e+03 1.054274160611488185e+02 0.000000000000000000e+00 0.000000000000000000e+00 -2.085838946385365489e-03
1.871337231509028015e+03 1.190542911328191622e+03 8.267519271308928808e+01 0.000000000000000000e+00 0.000000000000000000e+00 -3.626385309172519555e-02
2.075432168585365616e+03 1.423972338581178292e+03 1.013696576090978994e+02 0.000000000000000000e+00 0.000000000000000000e+00 1.820666390123903966e-02
2.276645870214243587e+03 1.592960124475721614e+03 1.199360712010638963e+02 0.000000000000000000e+00 0.000000000000000000e+00 1.164981763139394388e-03
1.910636384799434836e+03 1.592213754682762328e+03 9.891697805065601301e+01 0.000000000000000000e+00 0.000000000000000000e+00 -6.821495073694450184e-04
2.239886441494826613e+03 1.928855068957366484e+03 1.330653850528517239e+02 0.000000000000000000e+00 0.000000000000000000e+00 -2.014593474538628470e-02
1.889826357769858078e+03 1.898786340055339906e+03 1.115761185246128235e+02 0.000000000000000000e+00 0.000000000000000000e+00 1.517193949032957789e-02
2.075995266379487020e+03 2.152344767359886191e+03 1.351551758554639378e+02 0.000000000000000000e+00 0.000000000000000000e+00 1.912212707665617017e-02
2.263855532587164817e+03 2.293563586781743197e+03 1.548361383379949530e+02 0.000000000000000000e+00 0.000000000000000000e+00 3.286053016421419670e-02
1.860666120652404970e+03 2.283095446158319646e+03 1.309069326879586868e+02 0.000000000000000000e+00 0.000000000000000000e+00 1.644015151373423578e-02
2.964176778629155706e+03 1.653821931746495238e+03 1.725268272531056084e+02 0.000000000000000000e+00 0.000000000000000000e+00 1.375443538390186404e-02
2.597046383436430006e+03 1.665591252704978842e+03 1.446001508420111463e+02 0.000000000000000000e+00 0.000000000000000000e+00 1.139516071702928457e-02
2.772089104698948631e+03 1.495335543956958645e+03 1.504909151954011008e+02 0.000000000000000000e+00 0.000000000000000000e+00 -1.791564688565472352e-02
2.967585678286091024e+03 1.246283754816672399e+03 1.568751349880814701e+02 0.000000000000000000e+00 0.000000000000000000e+00 -7.475025708779980960e-02
2.603264616438945723e+03 1.251978820856986658e+03 1.291186679919116216e+02 0.000000000000000000e+00 0.000000000000000000e+00 -1.639374339390542445e-02
2.952139784557087296e+03 9.221218673296762063e+02 1.460848688841635692e+02 0.000000000000000000e+00 0.000000000000000000e+00 6.929507771275211780e-03
2.582556834037700810e+03 9.402024339321797015e+02 1.186215154929987818e+02 0.000000000000000000e+00 0.000000000000000000e+00 2.427905635526883543e-02
2.777888685189753687e+03 7.078217779852009244e+02 1.276904447215046616e+02 0.000000000000000000e+00 0.000000000000000000e+00 -3.445757061072640681e-02
2.965128975384490332e+03 5.435999791050370504e+02 1.394286503825257455e+02 0.000000000000000000e+00 0.000000000000000000e+00 1.140120356316742800e-02
2.578616757080121261e+03 4.721018304436523749e+02 1.094444948365015051e+02 0.000000000000000000e+00 0.000000000000000000e+00 -3.742189137525997467e-02
2.977934245559189549e+03 2.096302866618077019e+02 1.366452422975171999e+02 0.000000000000000000e+00 0.000000000000000000e+00 2.629217146809992300e-02
2.586996353890355749e+03 1.684131671701253765e+02 1.071564653338906936e+02 0.000000000000000000e+00 0.000000000000000000e+00 -2.790652384331337998e-02
2.782972897444501541e+03 7.267983116385271103e+01 1.207815946320477849e+02 0.000000000000000000e+00 0.000000000000000000e+00 2.816522052796699427e-03
2.975721367336690491e+03 -1.546548916273728764e+02 1.354344443590979381e+02 0.000000000000000000e+00 0.000000000000000000e+00 -2.385763401298390818e-02
2.626374130822268853e+03 -2.192759116235430668e+02 1.094662560444789960e+02 0.000000000000000000e+00 0.000000000000000000e+00 -4.252810539070139839e-02
2.983321852228087664e+03 -5.544193724063694617e+02 1.385991039942075815e+02 0.000000000000000000e+00 0.000000000000000000e+00 -1.622152715967217773e-02
2.574208963756126195e+03 -5.460074096005720321e+02 1.083023044739863820e+02 0.000000000000000000e+00 0.000000000000000000e+00 -9.606649685892421076e-03
2.778811095444014427e+03 -6.390677936693585934e+02 1.239439536750678172e+02 0.000000000000000000e+00 0.000000000000000000e+00 8.446446174275479279e-03
2.986664615626864361e+03 -8.812960162292696396e+02 1.437896211718291966e+02 0.000000000000000000e+00 0.000000000000000000e+00 -3.737436008219674477e-02
2.623027043343327023e+03 -9.297861034877023485e+02 1.177049097057334706e+02 0.000000000000000000e+00 0.000000000000000000e+00 3.113183002828634471e-02
2.951305137322182418e+03 -1.208941913038715484e+03 1.484701931629578837e+02 0.000000000000000000e+00 0.000000000000000000e+00 -2.438155123161322990e-02
2.587180050208620742e+03 -1.260416348313619437e+03 1.232177091837386342e+02 0.000000000000000000e+00 0.000000000000000000e+00 -5.430676519807775549e-03
2.773235995739807549e+03 -1.352050168806823194e+03 1.390190006093266391e+02 0.000000000000000000e+00 0.000000000000000000e+00 -5.398773322028205257e-02
2.953565980192568986e+03 -1.583757153135904900e+03 1.603061001998457868e+02 0.000000000000000000e+00 0.000000000000000000e+00 1.048277259567953479e-02
2.601656012615710097e+03 -1.596369870495273062e+03 1.349066773831851549e+02 0.000000000000000000e+00 0.000000000000000000e+00 -3.071922680172178843e-02
