# x y z x_res y_res z_res
-2.985814864776666127e+03 -1.667068698964158330e+03 1.658970274044572761e+02 0.000000000000000000e+00 0.000000000000000000e+00 -3.033793556798514146e-02
-2.596906107644727854e+03 -1.666299523480128755e+03 1.371398467783037916e+02 0.000000000000000000e+00 0.000000000000000000e+00 -6.163655798701483945e-03
-2.789530581770431581e+03 -1.430309537384756140e+03 1.426419728675349177e+02 0.000000000000000000e+00 0.000000000000000000e+00 -2.902579751201983527e-02
-3.026377516909340102e+03 -1.269768998774893817e+03 1.561109196122239382e+02 0.000000000000000000e+00 0.000000000000000000e+00 9.503224282468636375e-03
-2.602558327878398359e+03 -1.266042288184796462e+03 1.244243497175710331e+02 0.000000000000000000e+00 0.000000000000000000e+00 -4.227266888307212866e-02
-2.992722209506047420e+03 -9.524210359706917188e+02 1.456792290897104465e+02 0.000000000000000000e+00 0.000000000000000000e+00 3.871621238110378727e-02
-2.603578130795624475e+03 -9.527995790665887625e+02 1.168385131489485644e+02 0.000000000000000000e+00 0.000000000000000000e+00 -3.405513554702110923e-02
-2.795258222822875723e+03 -7.137616963533620265e+02 1.262223592136810879e+02 0.000000000000000000e+00 0.000000000000000000e+00 -2.139054503902571014e-02
-3.000766145159544976e+03 -5.537539527917199393e+02 1.399873337015772279e+02 0.000000000000000000e+00 0.000000000000000000e+00 3.580271473168750163e-03
-2.593143918388709153e+03 -5.579304750358219280e+02 1.097305674241612223e+02 0.000000000000000000e+00 0.000000000000000000e+00 7.581213704369815787e-03
-2.972326857373079292e+03 -2.421684510112238797e+02 1.353956682491271977e+02 0.000000000000000000e+00 0.000000000000000000e+00 -1.366847118799796590e-02
-2.610311028767475818e+03 -2.452755961081485339e+02 1.084499668812800621e+02 0.000000000000000000e+00 0.000000000000000000e+00 3.149522113476166396e-02
-2.775522450262103121e+03 -1.218377043699685558e+01 1.200030490822793041e+02 0.000000000000000000e+00 0.000000000000000000e+00 -1.465449476650348970e-02
-2.964371773579181990e+03 1.393634683949438227e+02 1.351060294495256926e+02 0.000000000000000000e+00 0.000000000000000000e+00 -2.001513862910542230e-02
-2.630786074948176520e+03 1.830323965810287064e+02 1.102960192577051686e+02 0.000000000000000000e+00 0.000000000000000000e+00 -2.063228717165088710e-02
-2.609664698805255739e+03 4.779382071924486581e+02 1.116864143367992597e+02 0.000000000000000000e+00 0.000000000000000000e+00 -1.135941076454116683e-02
-2.966099192637321266e+03 4.682167995878610327e+02 1.384037576632356377e+02 0.000000000000000000e+00 0.000000000000000000e+00 -2.408366390361038611e-02
-2.795102269626538600e+03 7.049612109650663569e+02 1.289375831874818914e+02 0.000000000000000000e+00 0.000000000000000000e+00 -1.279624253302813486e-02
-2.604661465166698690e+03 8.651221871351610844e+02 1.183762553130182482e+02 0.000000000000000000e+00 0.000000000000000000e+00 1.124181600776807954e-02
-2.964464342652858249e+03 8.661969172235704946e+02 1.457157129976939416e+02 0.000000000000000000e+00 0.000000000000000000e+00 -3.991336319728588933e-03
-2.979912899562742041e+03 1.171577880273380288e+03 1.554462704875639645e+02 0.000000000000000000e+00 0.000000000000000000e+00 4.517861142463175383e-02
-2.626361710837678402e+03 1.187386567030848028e+03 1.286921392351438271e+02 0.000000000000000000e+00 0.000000000000000000e+00 2.009159815770544810e-03
-2.803004242010167673e+03 1.420308068502517926e+03 1.499612037683361905e+02 0.000000000000000000e+00 0.000000000000000000e+00 3.667015257073558132e-02
-2.974716295909507608e+03 1.562673700791930742e+03 1.694494295821554886e+02 0.000000000000000000e+00 0.000000000000000000e+00 1.678899500757324859e-02
-2.630199491104111075e+03 1.598294217903336630e+03 1.440976584010705608e+02 0.000000000000000000e+00 0.000000000000000000e+00 2.451295306619272196e-02
-2.331949241580234229e+03 2.329991396873564099e+03 1.614765852702324764e+02 0.000000000000000000e+00 0.000000000000000000e+00 -5.418763501828038898e-02
-1.945298504771730677e+03 2.319179527468462766e+03 1.375805534903259968e+02 0.000000000000000000e+00 0.000000000000000000e+00 -4.627858122319139511e-04
-2.140338628112577680e+03 2.153050141876992257e+03 1.389804022109374841e+02 0.000000000000000000e+00 0.000000000000000000e+00 1.692304045712944571e-02
-1.943036053470207662e+03 1.920800259330653944e+03 1.154742403432698268e+02 0.000000000000000000e+00 0.000000000000000000e+00 1.006159688179764089e-02
-2.306449413119634755e+03 1.888399413747673407e+03 1.352448252954507666e+02 0.000000000000000000e+00 0.000000000000000000e+00 -1.371875972370162344e-02
-2.331609221522779535e+03 1.600446225446206427e+03 1.237305754069282671e+02 0.000000000000000000e+00 0.000000000000000000e+00 6.384260039936862086e-03
-1.939482290706585673e+03 1.605583347186134233e+03 1.009805653272315169e+02 0.000000000000000000e+00 0.000000000000000000e+00 -9.541726727078980730e-03
-2.120124386805574431e+03 1.490948549112981254e+03 1.064370991087350831e+02 0.000000000000000000e+00 0.000000000000000000e+00 -7.008827211521406753e-03
-2.311948698648686786e+03 1.179010384870225380e+03 1.072592037557036235e+02 0.000000000000000000e+00 0.000000000000000000e+00 -6.122403032719603289e-03
-1.948471788055965362e+03 1.202058052675148474e+03 8.699735161136912609e+01 0.000000000000000000e+00 0.000000000000000000e+00 1.172240971878579785e-02
-1.932738325656908273e+03 9.157181867277182619e+02 7.847199974980914305e+01 0.000000000000000000e+00 0.000000000000000000e+00 3.447652841813919622e-03
-2.309972735487947830e+03 8.657448782634884310e+02 9.881370750370832923e+01 0.000000000000000000e+00 0.000000000000000000e+00 -1.370330217258697303e-02
-2.138075694495748849e+03 7.264479963243177281e+02 8.567024504217735625e+01 0.000000000000000000e+00 0.000000000000000000e+00 -1.752773773895910381e-02
-1.939903698925844992e+03 5.013844539564557863e+02 7.133756003354227460e+01 0.000000000000000000e+00 0.000000000000000000e+00 -1.067673119332823717e-02
-2.323469219721442641e+03 4.846412690521848390e+02 9.286164944474306537e+01 0.000000000000000000e+00 0.000000000000000000e+00 -2.557487503646882487e-02
-2.329840931484608063e+03 1.958230198779315856e+02 9.048967106626491841e+01 0.000000000000000000e+00 0.000000000000000000e+00 1.892312378176086440e-02
-1.939678323617662954e+03 1.695215168311221703e+02 6.834285592177749891e+01 0.000000000000000000e+00 0.000000000000000000e+00 2.338108563091623182e-02
-2.136927959292421747e+03 2.481039941251152214e+01 7.843172888765221273e+01 0.000000000000000000e+00 0.000000000000000000e+00 4.527192308628968931e-03
-2.329445948852362562e+03 -1.974991240709362330e+02 8.992856274043695919e+01 0.000000000000000000e+00 0.000000000000000000e+00 -1.485600017883825785e-02
-1.940302454180662153e+03 -2.232513479271302970e+02 6.823805161479710080e+01 0.000000000000000000e+00 0.000000000000000000e+00 8.015093503232151306e-03
-1.931636689329350020e+03 -4.921855155878681671e+02 6.979151160071313598e+01 0.000000000000000000e+00 0.000000000000000000e+00 -4.582289016980212182e-03
-2.305039852489327131e+03 -4.843723193353624765e+02 9.036372187904592579e+01 0.000000000000000000e+00 0.000000000000000000e+00 2.990163337234719165e-02
-2.122047352975085687e+03 -7.100170419042384538e+02 8.265600922196321676e+01 0.000000000000000000e+00 0.000000000000000000e+00 -3.823348157823147631e-04
-1.930625463387917080e+03 -8.982674873821752044e+02 7.590624322776213262e+01 0.000000000000000000e+00 0.000000000000000000e+00 1.714124698033003824e-02
-2.290275554252875281e+03 -9.591560854452656031e+02 9.687566945103182547e+01 0.000000000000000000e+00 0.000000000000000000e+00 -1.069737335907916531e-02
-2.319419654612267095e+03 -1.208208950976609685e+03 1.045892279842214521e+02 0.000000000000000000e+00 0.000000000000000000e+00 -5.475086361398950885e-02
-2.133991761845986275e+03 -1.359459083342063650e+03 9.816579706205266120e+01 0.000000000000000000e+00 0.000000000000000000e+00 2.518489974114856977e-02
-1.933353584534417450e+03 -1.221099611460150982e+03 8.362911516111684307e+01 0.000000000000000000e+00 0.000000000000000000e+00 -2.846929228574879289e-02
-1.936311881036032219e+03 -1.606315141285150503e+03 9.592720409276532223e+01 0.000000000000000000e+00 0.000000000000000000e+00 -4.498682656944197333e-03
-2.329839626281170695e+03 -1.630012479719479643e+03 1.185694631080514228e+02 0.000000000000000000e+00 0.000000000000000000e+00 -1.835345183067715880e-03
-2.326246747233460155e+03 -1.914515381993251367e+03 1.296715509424073218e+02 0.000000000000000000e+00 0.000000000000000000e+00 -4.126480132242704713e-02
-1.940886889249301021e+03 -1.925550187118954454e+03 1.087845632440483143e+02 0.000000000000000000e+00 0.000000000000000000e+00 -5.477934407537077277e-03
-2.133156835915102874e+03 -2.096119911910821884e+03 1.266510592381674059e+02 0.000000000000000000e+00 0.000000000000000000e+00 8.006764308348124359e-03
-2.321673645369595306e+03 -2.320574751349479357e+03 1.488112426384095954e+02 0.000000000000000000e+00 0.000000000000000000e+00 -1.455288090105000265e-02
-1.946506295569406120e+03 -2.315052349345809944e+03 1.276443022052623917e+02 0.000000000000000000e+00 0.000000000000000000e+00 2.530758501086438628e-02
-1.607775608421633706e+03 -3.050059664746757335e+03 1.566448030487656524e+02 0.000000000000000000e+00 0.000000000000000000e+00 -2.481748383991089213e-02
-1.245764469045908982e+03 -3.027934884527167924e+03 1.417034712464891584e+02 0.000000000000000000e+00 0.000000000000000000e+00 -4.065292193473624138e-03
-1.439370202218541408e+03 -2.787083364854349838e+03 1.325932714598430948e+02 0.000000000000000000e+00 0.000000000000000000e+00 -7.371849440147570931e-03
-1.262331668625212387e+03 -2.659378646982054306e+03 1.185903153693603542e+02 0.000000000000000000e+00 0.000000000000000000e+00 2.621324438132432988e-02
-1.625936018036960604e+03 -2.670862670330197489e+03 1.328260566215042786e+02 0.000000000000000000e+00 0.000000000000000000e+00 -3.003682311569377816e-02
-1.253501840257732738e+03 -2.367839765986870589e+03 1.018486448249264953e+02 0.000000000000000000e+00 0.000000000000000000e+00 -1.362704621371335634e-02
-1.628490009411036226e+03 -2.381931148710285925e+03 1.164804511408909775e+02 0.000000000000000000e+00 0.000000000000000000e+00 6.559548403274106931e-03
-1.432253345088264496e+03 -2.130875534222392616e+03 9.604936235722098559e+01 0.000000000000000000e+00 0.000000000000000000e+00 -6.058320433169228636e-03
-1.221352799416742300e+03 -1.986537339282227776e+03 8.225060113700745035e+01 0.000000000000000000e+00 0.000000000000000000e+00 5.541252631849147292e-02
-1.566445663917986394e+03 -1.952897042229066756e+03 9.306634790666635126e+01 0.000000000000000000e+00 0.000000000000000000e+00 1.817582848464383005e-02
-1.223534665758127630e+03 -1.656115876964502604e+03 6.887107579372749910e+01 0.000000000000000000e+00 0.000000000000000000e+00 -5.183358160333284559e-02
-1.618636533334230762e+03 -1.672586002566802790e+03 8.382857744949839685e+01 0.000000000000000000e+00 0.000000000000000000e+00 4.804277255347244591e-02
-1.401639710077582549e+03 -1.421716367346982224e+03 6.677273185517860554e+01 0.000000000000000000e+00 0.000000000000000000e+00 -7.927290922168594989e-03
-1.205553192614013597e+03 -1.271888266365598383e+03 5.574692650043393627e+01 0.000000000000000000e+00 0.000000000000000000e+00 1.383158836374320799e-02
-1.598006979144650813e+03 -1.268449601253441870e+03 6.970556460858104231e+01 0.000000000000000000e+00 0.000000000000000000e+00 2.544043975463239349e-02
-1.581706854770709924e+03 -9.617772723497586185e+02 6.142075524840250011e+01 0.000000000000000000e+00 0.000000000000000000e+00 1.329868653468224693e-02
-1.226818507216521766e+03 -9.532395028533633194e+02 4.848091676945396955e+01 0.000000000000000000e+00 0.000000000000000000e+00 4.296720990982549893e-02
-1.410346770977831738e+03 -7.144167499323033326e+02 5.023192339159965059e+01 0.000000000000000000e+00 0.000000000000000000e+00 4.589821051069975510e-03
-1.601562019321921298e+03 -5.602445917195942684e+02 5.546906717618193738e+01 0.000000000000000000e+00 0.000000000000000000e+00 -1.579918311645656104e-02
-1.245426222181732555e+03 -5.337839652212563806e+02 4.210938499650293920e+01 0.000000000000000000e+00 0.000000000000000000e+00 -1.306802976511534098e-02
-1.619634155396648566e+03 -2.438558974007156621e+02 5.348570486801799007e+01 0.000000000000000000e+00 0.000000000000000000e+00 -1.747746678205430726e-03
-1.244002239602702275e+03 -2.396777304738099872e+02 3.956255608231580112e+01 0.000000000000000000e+00 0.000000000000000000e+00 -3.935235670547854170e-02
-1.437590186094302226e+03 -1.081522303957558773e+00 4.572280553201571252e+01 0.000000000000000000e+00 0.000000000000000000e+00 1.977481462184016436e-03
-1.618555599201442192e+03 1.531391812911426484e+02 5.329460496862598973e+01 0.000000000000000000e+00 0.000000000000000000e+00 -4.948988527761599698e-02
-1.247593212195147544e+03 1.508041447980933754e+02 3.943864911065328727e+01 0.000000000000000000e+00 0.000000000000000000e+00 -8.165406143305631304e-03
-1.600445090299860794e+03 4.715840658762796807e+02 5.510618100217569548e+01 0.000000000000000000e+00 0.000000000000000000e+00 -4.441207456075346727e-02
-1.223932664709846449e+03 4.585807155730027489e+02 4.101156566809849124e+01 0.000000000000000000e+00 0.000000000000000000e+00 -4.838438375453080198e-02
-1.417517361911857051e+03 7.005979671285489303e+02 5.117870529952228509e+01 0.000000000000000000e+00 0.000000000000000000e+00 -8.609438080121378789e-03
-1.609097801183577303e+03 8.697710729977599158e+02 6.215310780563390836e+01 0.000000000000000000e+00 0.000000000000000000e+00 3.421696435246701640e-03
-1.217459553854776232e+03 8.621622547406745980e+02 4.732165605398292030e+01 0.000000000000000000e+00 0.000000000000000000e+00 -2.887256825678718997e-02
-1.220172894175807414e+03 1.174089290486483378e+03 5.520894263701106297e+01 0.000000000000000000e+00 0.000000000000000000e+00 1.647927096186663221e-04
-1.620798781429034989e+03 1.150090466482320835e+03 6.972899739225817939e+01 0.000000000000000000e+00 0.000000000000000000e+00 6.182199662893594905e-02
-1.396256596234282142e+03 1.399064025629655589e+03 6.856161940068081151e+01 0.000000000000000000e+00 0.000000000000000000e+00 -1.204127063472526515e-02
-1.211863560407977957e+03 1.562997777469913444e+03 6.813924710528218043e+01 0.000000000000000000e+00 0.000000000000000000e+00 -6.971101643443944340e-03
-1.597563529915389609e+03 1.565121754558103021e+03 8.288552331093706016e+01 0.000000000000000000e+00 0.000000000000000000e+00 1.106640394735336486e-02
-1.600267708280107627e+03 1.868846443347684044e+03 9.624239918302826879e+01 0.000000000000000000e+00 0.000000000000000000e+00 1.664807173324334144e-02
-1.211971765790836116e+03 1.883843805350704315e+03 8.202532268046812192e+01 0.000000000000000000e+00 0.000000000000000000e+00 -1.985824031760330399e-02
-1.409635995100492664e+03 2.111728803683740352e+03 1.007101143249121833e+02 0.000000000000000000e+00 0.000000000000000000e+00 4.221423838743021406e-03
-1.199473091972149859e+03 2.269032429292517008e+03 1.019669136958451361e+02 0.000000000000000000e+00 0.000000000000000000e+00 1.299921275442272872e-02
-1.604311045867063058e+03 2.277501924682804201e+03 1.182018035188140885e+02 0.000000000000000000e+00 0.000000000000000000e+00 2.723156998226272663e-02
-1.606918252992262524e+03 2.602285645816549732e+03 1.389782368978284808e+02 0.000000000000000000e+00 0.000000000000000000e+00 2.659635267613680298e-02
-1.229589807490454405e+03 2.597189486123720144e+03 1.236084131187010939e+02 0.000000000000000000e+00 0.000000000000000000e+00 1.557544984069636484e-02
-1.412490186049504473e+03 2.825786420841319341e+03 1.466474324542566592e+02 0.000000000000000000e+00 0.000000000000000000e+00 -7.807325843742773941e-03
-1.605217950811930223e+03 2.989260241794805097e+03 1.675209768890982502e+02 0.000000000000000000e+00 0.000000000000000000e+00 1.401147856108764245e-02
-1.210528492215338929e+03 2.990114570844559239e+03 1.517525832375041546e+02 0.000000000000000000e+00 0.000000000000000000e+00 2.612787136052929782e-02
-9.254940793678240425e+02 3.047151991732539500e+03 1.476483157788608764e+02 0.000000000000000000e+00 0.000000000000000000e+00 -1.867124537656650318e-02
-5.176094573001141725e+02 3.057589922276808920e+03 1.401297161381616547e+02 0.000000000000000000e+00 0.000000000000000000e+00 -1.749959932686806496e-02
-7.480811415644045610e+02 2.875648847407579979e+03 1.300986702433676783e+02 0.000000000000000000e+00 0.000000000000000000e+00 -1.483611095591186313e-02
-5.168098831246023792e+02 2.670886486448902360e+03 1.112304468675338143e+02 0.000000000000000000e+00 0.000000000000000000e+00 2.179000214880488784e-03
-9.011335817054573454e+02 2.612533700718838190e+03 1.148565227046038189e+02 0.000000000000000000e+00 0.000000000000000000e+00 -1.151018247423962748e-02
-9.161182814638011678e+02 2.363660784610257451e+03 9.928969505440750254e+01 0.000000000000000000e+00 0.000000000000000000e+00 -1.638644542329359410e-02
-5.214140654635891678e+02 2.358150880236344619e+03 9.111370073233933908e+01 0.000000000000000000e+00 0.000000000000000000e+00 1.046999786623814543e-03
-7.223872616240254274e+02 2.195178933619771669e+03 8.512532801330816312e+01 0.000000000000000000e+00 0.000000000000000000e+00 9.646109072107833526e-03
-9.136868008906309342e+02 1.961377812007275679e+03 7.713362467620751772e+01 0.000000000000000000e+00 0.000000000000000000e+00 -1.600531364306334581e-02
-5.514893033855561271e+02 1.957284631182155636e+03 6.970174991662096886e+01 0.000000000000000000e+00 0.000000000000000000e+00 2.198670283421222393e-02
-5.564338878386712395e+02 1.631157703201741697e+03 5.522230756047999023e+01 0.000000000000000000e+00 0.000000000000000000e+00 -6.332478192594948041e-02
-9.134999570061770555e+02 1.655992749565515169e+03 6.330767428574838362e+01 0.000000000000000000e+00 0.000000000000000000e+00 -3.771715203160397323e-02
-7.241577241318099141e+02 1.494853187924409440e+03 5.285431560885061231e+01 0.000000000000000000e+00 0.000000000000000000e+00 -1.343789658066896209e-02
-9.346964834751553326e+02 1.256645890457792575e+03 4.947403908913885573e+01 0.000000000000000000e+00 0.000000000000000000e+00 -8.765299685634886373e-03
-5.190447715734053418e+02 1.253369048186618102e+03 4.133212292002043853e+01 0.000000000000000000e+00 0.000000000000000000e+00 -1.676074577539310440e-02
-5.222975322849493978e+02 9.407866660543414810e+02 3.309024861063919332e+01 0.000000000000000000e+00 0.000000000000000000e+00 2.317842034004513607e-02
-9.266460112405351310e+02 9.311261885399699167e+02 4.059397464231043529e+01 0.000000000000000000e+00 0.000000000000000000e+00 7.896661450317310482e-04
-7.067641018141639506e+02 7.786800598956688191e+02 3.272452001806887267e+01 0.000000000000000000e+00 0.000000000000000000e+00 -2.693693060911783732e-02
-9.127634778130409359e+02 5.456846830564888933e+02 3.338654208708553028e+01 0.000000000000000000e+00 0.000000000000000000e+00 2.042003431313332840e-02
-5.222919909220917134e+02 5.511111008704249343e+02 2.615132036405434590e+01 0.000000000000000000e+00 0.000000000000000000e+00 2.499104487578662770e-02
-5.153967150021866246e+02 2.287733255156625489e+02 2.308605720026176300e+01 0.000000000000000000e+00 0.000000000000000000e+00 -5.861037828548631978e-03
-9.319082550934363098e+02 2.353007724325880474e+02 3.092213814337529243e+01 0.000000000000000000e+00 0.000000000000000000e+00 -1.582619937888551931e-03
-7.152454170653873007e+02 7.216368666229557505e+01 2.569442784618280839e+01 0.000000000000000000e+00 0.000000000000000000e+00 -1.268192953425284486e-02
-9.279366983444513153e+02 -1.665189833624906441e+02 3.040849343686065964e+01 0.000000000000000000e+00 0.000000000000000000e+00 2.842305670896649872e-02
-5.329792570063224275e+02 -1.733826789022318167e+02 2.303136046434516615e+01 0.000000000000000000e+00 0.000000000000000000e+00 1.701376810345323065e-03
-5.079434177903068530e+02 -5.432059194522065582e+02 2.570246364223598334e+01 0.000000000000000000e+00 0.000000000000000000e+00 -9.523459071676398935e-03
-7.347987433979959633e+02 -6.451243173657384204e+02 3.065887987580693519e+01 0.000000000000000000e+00 0.000000000000000000e+00 -5.292676090459025318e-02
-9.056762476583605803e+02 -5.416379410212997527e+02 3.285077105684846543e+01 0.000000000000000000e+00 0.000000000000000000e+00 -8.057780181893292593e-03
-9.193115868601321381e+02 -8.801480846061197099e+02 3.857254243903757640e+01 0.000000000000000000e+00 0.000000000000000000e+00 -2.758786792835365986e-02
-5.242089616960230387e+02 -8.822871014895072221e+02 3.137348358424814165e+01 0.000000000000000000e+00 0.000000000000000000e+00 -4.033177045453228970e-02
-5.458072943937252148e+02 -1.207355716703452572e+03 3.929648435645296445e+01 0.000000000000000000e+00 0.000000000000000000e+00 -3.853049212836623383e-02
-9.196378145037255081e+02 -1.189104522858656310e+03 4.574543862457284149e+01 0.000000000000000000e+00 0.000000000000000000e+00 -3.104889466752780436e-02
-7.459705341410868868e+02 -1.366745854034636068e+03 4.716084011764014861e+01 0.000000000000000000e+00 0.000000000000000000e+00 5.757667249859821368e-03
-9.119305441619695785e+02 -1.592075035508762539e+03 5.809609629357504446e+01 0.000000000000000000e+00 0.000000000000000000e+00 3.529719260002650572e-02
-5.469360839940845835e+02 -1.609165455050532955e+03 5.196994899618152886e+01 0.000000000000000000e+00 0.000000000000000000e+00 2.877399184414031197e-02
-5.477148421385724077e+02 -1.908319487902276705e+03 6.372269613831387858e+01 0.000000000000000000e+00 0.000000000000000000e+00 6.888777838156556754e-03
-9.396004261543278062e+02 -1.902334358903115344e+03 7.085011620313782998e+01 0.000000000000000000e+00 0.000000000000000000e+00 2.418628916913689864e-03
-7.096313504918005037e+02 -2.056643234416768337e+03 7.285962388268096390e+01 0.000000000000000000e+00 0.000000000000000000e+00 3.869224419943861903e-02
-9.091334435444589417e+02 -2.330471585308409431e+03 9.037745110627638212e+01 0.000000000000000000e+00 0.000000000000000000e+00 -2.054191252410930701e-02
-5.361180825830795129e+02 -2.285505488563106155e+03 8.120999543120058206e+01 0.000000000000000000e+00 0.000000000000000000e+00 4.473640707084314272e-02
-5.319826915925510775e+02 -2.619312523443613372e+03 9.945082130802326503e+01 0.000000000000000000e+00 0.000000000000000000e+00 -1.083249400383579086e-02
-9.212560006028119233e+02 -2.610667551015783829e+03 1.061614764466476259e+02 0.000000000000000000e+00 0.000000000000000000e+00 -2.688792587365185227e-02
-6.966019876519395666e+02 -2.772361632115750126e+03 1.112789989954566039e+02 0.000000000000000000e+00 0.000000000000000000e+00 9.039716046856938192e-03
-5.298305803758614729e+02 -3.000039940303913681e+03 1.234283329636764108e+02 0.000000000000000000e+00 0.000000000000000000e+00 -9.145236779360743640e-03
-9.144374439082572508e+02 -3.002376005412363611e+03 1.307239769143629928e+02 0.000000000000000000e+00 0.000000000000000000e+00 -1.122551874624377888e-02
-2.334154014132415966e+02 -3.052866035192487743e+03 1.241254224372017205e+02 0.000000000000000000e+00 0.000000000000000000e+00 2.467012160937542831e-02
1.810320991624421367e+02 -3.012910532958223030e+03 1.211209233631936542e+02 0.000000000000000000e+00 0.000000000000000000e+00 3.242932807923182281e-02
-1.148082169461006252e+01 -2.823442763102570552e+03 1.082895047869495926e+02 0.000000000000000000e+00 0.000000000000000000e+00 3.148126575385390424e-02
1.767626460053278947e+02 -2.678394944054459302e+03 9.974860006839338666e+01 0.000000000000000000e+00 0.000000000000000000e+00 2.074689308012978017e-02
-1.970197769018158169e+02 -2.659493429607128746e+03 9.871608467454888114e+01 0.000000000000000000e+00 0.000000000000000000e+00 1.999515561885800707e-02
-2.087951784219613103e+02 -2.365742309100412513e+03 8.228486657064567567e+01 0.000000000000000000e+00 0.000000000000000000e+00 2.979232687573585281e-02
1.751640257406448882e+02 -2.353336214871766515e+03 8.146801428364955200e+01 0.000000000000000000e+00 0.000000000000000000e+00 6.411137854462367613e-02
-1.844220373384012390e+01 -2.128830012978881769e+03 6.986228902103943028e+01 0.000000000000000000e+00 0.000000000000000000e+00 8.078582942601997274e-03
1.651152199196106096e+02 -1.918228199625832758e+03 6.070090143276130590e+01 0.000000000000000000e+00 0.000000000000000000e+00 2.360802783521620540e-02
-2.016140012567067288e+02 -1.968477098823083907e+03 6.304719783300813418e+01 0.000000000000000000e+00 0.000000000000000000e+00 4.619505700213721866e-02
-2.193978483614972674e+02 -1.658170773871905112e+03 5.058974330373394679e+01 0.000000000000000000e+00 0.000000000000000000e+00 -4.903305385138168049e-02
1.884170557858903692e+02 -1.645642052866274980e+03 4.996835992791006475e+01 0.000000000000000000e+00 0.000000000000000000e+00 3.905125172445167436e-02
-9.441865621144325260e+00 -1.420510425248783122e+03 4.180872085506187830e+01 0.000000000000000000e+00 0.000000000000000000e+00 4.104121674714633627e-03
1.829101577802013026e+02 -1.259475176683178233e+03 3.739723030340022092e+01 0.000000000000000000e+00 0.000000000000000000e+00 -1.772466452964494010e-02
-2.008817128906602534e+02 -1.259036531052809778e+03 3.747188962307801319e+01 0.000000000000000000e+00 0.000000000000000000e+00 4.687409500074579682e-02
-2.102206777307955292e+02 -9.510217917718358649e+02 2.987314868743576923e+01 0.000000000000000000e+00 0.000000000000000000e+00 7.616944464590602593e-03
1.686955959789150370e+02 -9.480423672306025082e+02 2.961040405116560947e+01 0.000000000000000000e+00 0.000000000000000000e+00 4.194038655728604681e-02
-1.404482227524511906e+01 -7.035799158383762233e+02 2.469269962211690128e+01 0.000000000000000000e+00 0.000000000000000000e+00 3.380548000580674284e-02
-2.080220042859762088e+02 -5.555181682079646635e+02 2.312504851455679500e+01 0.000000000000000000e+00 0.000000000000000000e+00 -4.889630103743414224e-02
1.879831730096459523e+02 -5.469267195993014639e+02 2.291659312016509631e+01 0.000000000000000000e+00 0.000000000000000000e+00 -2.547195921265910101e-02
1.512630985601933844e+02 -2.056807954225913875e+02 1.982890734260806553e+01 0.000000000000000000e+00 0.000000000000000000e+00 2.617543904764119134e-02
-2.110499324483805879e+02 -2.351049985072872914e+02 2.025424599766573763e+01 0.000000000000000000e+00 0.000000000000000000e+00 -2.202100676659313194e-02
-7.180285782336270017e+00 -4.871066512049319064e-01 1.905066431744084454e+01 0.000000000000000000e+00 0.000000000000000000e+00 6.675315088819289144e-02
1.956505731257523735e+02 1.634786454826817703e+02 1.985277015452308902e+01 0.000000000000000000e+00 0.000000000000000000e+00 -2.385075495985589100e-02
-2.093812319618487834e+02 1.698178880861707114e+02 1.994902415547042551e+01 0.000000000000000000e+00 0.000000000000000000e+00 1.088513490331877165e-02
-2.050059077088380661e+02 4.746175419629590806e+02 2.222497245410809086e+01 0.000000000000000000e+00 0.000000000000000000e+00 -5.227462185565912023e-02
1.435751112159676381e+02 5.141035496463446179e+02 2.240598109517012659e+01 0.000000000000000000e+00 0.000000000000000000e+00 -6.302349154200470593e-03
-6.268404569128682269e+00 7.150121412620686669e+02 2.505343189585438068e+01 0.000000000000000000e+00 0.000000000000000000e+00 4.562875785428843756e-02
-2.052744078012556770e+02 8.695205734676613929e+02 2.851497358927298365e+01 0.000000000000000000e+00 0.000000000000000000e+00 2.519957493501934209e-02
1.815662349152516697e+02 9.380218758916824981e+02 2.987324930565783632e+01 0.000000000000000000e+00 0.000000000000000000e+00 3.031600448931115466e-02
1.802560334954083316e+02 1.190973630072292963e+03 3.634079149651333296e+01 0.000000000000000000e+00 0.000000000000000000e+00 1.278790576564858839e-02
-2.131268801365756076e+02 1.186725899952033842e+03 3.639006599960462296e+01 0.000000000000000000e+00 0.000000000000000000e+00 -6.859024367741994865e-03
-1.082744984280807543e+01 1.424331918779915895e+03 4.331889807915064239e+01 0.000000000000000000e+00 0.000000000000000000e+00 1.499413209078426235e-02
1.934965961142978017e+02 1.583310892395050587e+03 4.967099048710955600e+01 0.000000000000000000e+00 0.000000000000000000e+00 8.731536641619186412e-03
-2.052534316421890139e+02 1.585607685681316980e+03 4.982330845174399769e+01 0.000000000000000000e+00 0.000000000000000000e+00 3.976967529003161417e-02
-2.081699206686783157e+02 1.901309142085904341e+03 6.346083466610639334e+01 0.000000000000000000e+00 0.000000000000000000e+00 -2.056666735001044799e-03
1.635233837013907134e+02 1.896004713631925370e+03 6.298488126107983476e+01 0.000000000000000000e+00 0.000000000000000000e+00 2.530018693313706990e-03
-1.076660822293171016e+01 2.138490135688447936e+03 7.487032959392985276e+01 0.000000000000000000e+00 0.000000000000000000e+00 2.259040060053507659e-02
1.883746398661914156e+02 2.297698715747389087e+03 8.427803755873441105e+01 0.000000000000000000e+00 0.000000000000000000e+00 1.252866113820516603e-02
-2.146221447717281023e+02 2.290015656257834962e+03 8.397668773932031172e+01 0.000000000000000000e+00 0.000000000000000000e+00 2.402812964702150111e-02
-1.990170675313172808e+02 2.613664707165865366e+03 1.041584317364759187e+02 0.000000000000000000e+00 0.000000000000000000e+00 2.381361048169594596e-02
1.790802525905039033e+02 2.612163927874752972e+03 1.039525666105478052e+02 0.000000000000000000e+00 0.000000000000000000e+00 3.567475536699760141e-02
-1.511457072736937768e+01 2.847510931496665762e+03 1.201252598219421657e+02 0.000000000000000000e+00 0.000000000000000000e+00 6.153160934289303441e-03
1.969508164510363315e+02 2.996869030941403707e+03 1.320593864430074973e+02 0.000000000000000000e+00 0.000000000000000000e+00 -1.823971356608922179e-02
-2.243022722329442047e+02 3.008108747910460806e+03 1.331065062316110073e+02 0.000000000000000000e+00 0.000000000000000000e+00 3.221720522995497049e-02
8.727407294172622869e+02 -3.007259954076713711e+03 1.300958559966551604e+02 0.000000000000000000e+00 0.000000000000000000e+00 1.297007136287220419e-02
5.067574643410700901e+02 -3.006208764063675517e+03 1.235385306940149235e+02 0.000000000000000000e+00 0.000000000000000000e+00 7.421688816251048593e-02
6.792368642913512531e+02 -2.832542119175072457e+03 1.147600552651201298e+02 0.000000000000000000e+00 0.000000000000000000e+00 1.949686193398747491e-03
8.701469099886910499e+02 -2.676944411015507285e+03 1.089215165077235667e+02 0.000000000000000000e+00 0.000000000000000000e+00 -6.743292951796320267e-04
4.816630546347991526e+02 -2.673959933091266521e+03 1.020392543103179435e+02 0.000000000000000000e+00 0.000000000000000000e+00 9.016225179038883653e-03
8.886619696938971629e+02 -2.360749692568082992e+03 9.149725728693258020e+01 0.000000000000000000e+00 0.000000000000000000e+00 -1.697044995950136581e-02
4.809364079040701085e+02 -2.351640792771988345e+03 8.392173498884812943e+01 0.000000000000000000e+00 0.000000000000000000e+00 -1.538945529846103000e-02
6.947000098033410040e+02 -2.131440140240137680e+03 7.608952691861618689e+01 0.000000000000000000e+00 0.000000000000000000e+00 2.477279747465388482e-02
8.924693121597912295e+02 -1.962046147150181014e+03 7.233048584462065378e+01 0.000000000000000000e+00 0.000000000000000000e+00 3.715323816393834022e-03
4.936271874199091485e+02 -1.967421195048686286e+03 6.556544414489439987e+01 0.000000000000000000e+00 0.000000000000000000e+00 -2.102828821807634085e-02
8.714125860337575205e+02 -1.649559235216339857e+03 5.926144731536098220e+01 0.000000000000000000e+00 0.000000000000000000e+00 -9.371568189621370948e-03
4.932475612379254812e+02 -1.650585162821719678e+03 5.277219980697311996e+01 0.000000000000000000e+00 0.000000000000000000e+00 2.493965077476190118e-02
6.890615419869520792e+02 -1.355900066006175166e+03 4.579721074334855757e+01 0.000000000000000000e+00 0.000000000000000000e+00 4.095951011173326606e-03
8.791921356953989743e+02 -1.248768286313922545e+03 4.645078070443731377e+01 0.000000000000000000e+00 0.000000000000000000e+00 3.131987931837443284e-03
4.839553171447639670e+02 -1.251563673923995339e+03 3.970967108670556911e+01 0.000000000000000000e+00 0.000000000000000000e+00 -1.033393930622850121e-02
4.943520497559674141e+02 -9.305495617060362292e+02 3.197324174257579443e+01 0.000000000000000000e+00 0.000000000000000000e+00 3.185080418572283634e-02
8.897231258963992104e+02 -9.441470608975504319e+02 3.920210280761758526e+01 0.000000000000000000e+00 0.000000000000000000e+00 -3.200255749283797968e-02
6.681343153220127533e+02 -7.026961447211787117e+02 3.034385462987147264e+01 0.000000000000000000e+00 0.000000000000000000e+00 -3.964153273454940063e-02
4.746391800188952743e+02 -5.419432950190105203e+02 2.527050894201515518e+01 0.000000000000000000e+00 0.000000000000000000e+00 1.268164863583720603e-02
8.654601237903965512e+02 -4.737832578573960518e+02 3.116704231733169195e+01 0.000000000000000000e+00 0.000000000000000000e+00 2.619358176357877710e-02
8.613566084574210890e+02 -2.335429805384089548e+02 2.917379050666665563e+01 0.000000000000000000e+00 0.000000000000000000e+00 -4.206636487687376302e-03
4.849139021718044660e+02 -2.367870488811437610e+02 2.269965943552401200e+01 0.000000000000000000e+00 0.000000000000000000e+00 4.512074311960745376e-02
6.681337402935237151e+02 2.075842468062275614e+01 2.479299419703801988e+01 0.000000000000000000e+00 0.000000000000000000e+00 2.663217712772336654e-02
4.631124690780056881e+02 2.211860772051611264e+02 2.238511893076819703e+01 0.000000000000000000e+00 0.000000000000000000e+00 -1.436857646734779337e-02
8.852389237223457030e+02 2.324561962418103462e+02 2.980708456793358607e+01 0.000000000000000000e+00 0.000000000000000000e+00 1.954228504885691109e-03
8.858935044152308365e+02 4.921981099000872177e+02 3.208867274574864581e+01 0.000000000000000000e+00 0.000000000000000000e+00 -5.810101288147961895e-03
5.129758801087263009e+02 4.835222250802012809e+02 2.519748349024392553e+01 0.000000000000000000e+00 0.000000000000000000e+00 -4.305196455675996958e-02
6.981575739631276747e+02 7.757181479358256411e+02 3.251072178206101171e+01 0.000000000000000000e+00 0.000000000000000000e+00 1.887471100855009354e-02
5.146384506375336514e+02 9.112271149789430638e+02 3.232876522990086698e+01 0.000000000000000000e+00 0.000000000000000000e+00 -4.615210711206430005e-02
8.871241500872880579e+02 9.384107780584657803e+02 3.981303749616737520e+01 0.000000000000000000e+00 0.000000000000000000e+00 7.694022961302948715e-03
8.724026030609351210e+02 1.192579847861317603e+03 4.605638076881888310e+01 0.000000000000000000e+00 0.000000000000000000e+00 4.076835599335026927e-03
5.043794111223027130e+02 1.192411956541738164e+03 3.932354050200517293e+01 0.000000000000000000e+00 0.000000000000000000e+00 -2.355284424857018166e-02
6.710956214154560939e+02 1.428035468936083817e+03 4.946312571281138304e+01 0.000000000000000000e+00 0.000000000000000000e+00 1.060302420810188551e-02
4.719432333363347993e+02 1.605412458705456629e+03 5.302609910173759999e+01 0.000000000000000000e+00 0.000000000000000000e+00 2.303529241472546119e-02
8.721917058839288757e+02 1.642641709562226879e+03 6.176513447406036050e+01 0.000000000000000000e+00 0.000000000000000000e+00 2.536542186270196453e-03
8.742673344710575520e+02 1.915181016260741899e+03 7.392172140838484040e+01 0.000000000000000000e+00 0.000000000000000000e+00 1.448902510034599800e-02
4.906154676319873715e+02 1.910524103392777079e+03 6.657788814421097356e+01 0.000000000000000000e+00 0.000000000000000000e+00 -1.975800390960102959e-02
6.674791875364362568e+02 2.137679482344431108e+03 8.092494129458891905e+01 0.000000000000000000e+00 0.000000000000000000e+00 -9.906845620292870080e-03
4.998633446104349787e+02 2.297251335788305369e+03 8.720327282466345764e+01 0.000000000000000000e+00 0.000000000000000000e+00 1.010642420769158889e-02
8.844623832131690051e+02 2.351217358714170132e+03 9.775006685882998170e+01 0.000000000000000000e+00 0.000000000000000000e+00 -3.598381372786718657e-02
4.798798891014013179e+02 2.629665238393320578e+03 1.078962883587110468e+02 0.000000000000000000e+00 0.000000000000000000e+00 -1.081788942728678649e-02
8.679332838753726946e+02 2.673996765168039474e+03 1.182456368051957156e+02 0.000000000000000000e+00 0.000000000000000000e+00 1.148097101309986101e-02
6.861564754917070559e+02 2.850269070313724569e+03 1.269492130097779636e+02 0.000000000000000000e+00 0.000000000000000000e+00 3.876916558979814909e-03
4.950297629442660536e+02 3.009734922484848084e+03 1.359906576498839001e+02 0.000000000000000000e+00 0.000000000000000000e+00 -2.343173885464011619e-03
8.656112963807581764e+02 3.061184691938931792e+03 1.472553893388073334e+02 0.000000000000000000e+00 0.000000000000000000e+00 7.393939498371082664e-03
1.583627171731536464e+03 3.008927570198210105e+03 1.681105081993983958e+02 0.000000000000000000e+00 0.000000000000000000e+00 -6.784612324793215521e-03
1.192850453255371576e+03 3.009797869999787054e+03 1.527109409616103051e+02 0.000000000000000000e+00 0.000000000000000000e+00 1.534890221279283651e-03
1.342636606885046604e+03 2.896384365413691285e+03 1.492504190259572567e+02 0.000000000000000000e+00 0.000000000000000000e+00 3.389035066371093308e-02
1.165531109625420413e+03 2.682023523724449205e+03 1.272893310633255339e+02 0.000000000000000000e+00 0.000000000000000000e+00 2.336330543329268039e-02
1.569032557188699457e+03 2.610827954583056453e+03 1.378694821583605403e+02 0.000000000000000000e+00 0.000000000000000000e+00 3.615234918669330000e-03
1.577153531062706634e+03 2.356301357481906507e+03 1.217332925351133355e+02 0.000000000000000000e+00 0.000000000000000000e+00 2.966799591476387832e-02
1.173129299781357759e+03 2.357265578707669647e+03 1.063425888435493505e+02 0.000000000000000000e+00 0.000000000000000000e+00 7.305241486989189070e-03
1.376263138448076461e+03 2.204393398791491563e+03 1.045537976859140059e+02 0.000000000000000000e+00 0.000000000000000000e+00 -8.194958803557028659e-03
1.183874779914192686e+03 1.960634898103038722e+03 8.483790205885242131e+01 0.000000000000000000e+00 0.000000000000000000e+00 -2.193550391162091273e-02
1.572824176570677764e+03 1.960619926111143741e+03 9.953581977185469043e+01 0.000000000000000000e+00 0.000000000000000000e+00 5.218911838551321125e-02
1.200585451544061016e+03 1.654254832477208993e+03 7.144023171057077093e+01 0.000000000000000000e+00 0.000000000000000000e+00 1.782493081385894129e-02
1.591199052475438066e+03 1.635652901929763857e+03 8.546398197406023201e+01 0.000000000000000000e+00 0.000000000000000000e+00 -9.685556717698773355e-03
1.394758110055933685e+03 1.487557526307747139e+03 7.169763062894153904e+01 0.000000000000000000e+00 0.000000000000000000e+00 -2.958482743666479564e-02
1.573650506197058803e+03 1.248743222953834220e+03 7.067014059049935781e+01 0.000000000000000000e+00 0.000000000000000000e+00 -2.305746762556282192e-02
1.200447159125096505e+03 1.246495530684712321e+03 5.673340193561578815e+01 0.000000000000000000e+00 0.000000000000000000e+00 -8.999674342710761721e-03
1.196383160313510416e+03 9.407712972213521425e+02 4.838352952560865106e+01 0.000000000000000000e+00 0.000000000000000000e+00 -1.139849183348218276e-02
1.587398641978508067e+03 9.411881175029715223e+02 6.284294056440010223e+01 0.000000000000000000e+00 0.000000000000000000e+00 -1.334576675984777694e-02
1.421788313682017360e+03 7.616888710450434701e+02 5.244183908137870986e+01 0.000000000000000000e+00 0.000000000000000000e+00 -3.810031556710669065e-03
1.575191263342829188e+03 5.388510286822260014e+02 5.490560978190579533e+01 0.000000000000000000e+00 0.000000000000000000e+00 6.263733448051311825e-03
1.207521359853514014e+03 5.385182134281380968e+02 4.146520610220024139e+01 0.000000000000000000e+00 0.000000000000000000e+00 -3.572593227316644970e-02
1.161029143595862479e+03 1.832571022637313547e+02 3.687138671183239325e+01 0.000000000000000000e+00 0.000000000000000000e+00 -3.852627628176463759e-02
1.587559956346437048e+03 2.216240153337815855e+02 5.234511864165159523e+01 0.000000000000000000e+00 0.000000000000000000e+00 -1.010492249634609152e-02
1.428818384014974754e+03 5.240395070210396966e+01 4.545742800976138653e+01 0.000000000000000000e+00 0.000000000000000000e+00 -1.127627425937305361e-03
1.170985049023454167e+03 -1.797591247867222819e+02 3.702258104322885401e+01 0.000000000000000000e+00 0.000000000000000000e+00 -3.351521011789770910e-02
1.562511911903557120e+03 -1.784083711181119725e+02 5.085062220745054162e+01 0.000000000000000000e+00 0.000000000000000000e+00 1.397097811978653681e-02
1.586697996214664499e+03 -4.912424152922288272e+02 5.406438913367881582e+01 0.000000000000000000e+00 0.000000000000000000e+00 -1.450692730024627508e-02
1.215598766631875378e+03 -4.843479517077268497e+02 4.060910851473050798e+01 0.000000000000000000e+00 0.000000000000000000e+00 -2.188989517394190898e-02
1.368985053925809325e+03 -6.565390154163770831e+02 4.787570609105729602e+01 0.000000000000000000e+00 0.000000000000000000e+00 1.703193248134482474e-02
1.188548127351010180e+03 -8.875939579662939423e+02 4.595033612543829804e+01 0.000000000000000000e+00 0.000000000000000000e+00 6.020808628377949390e-03
1.562731760012070026e+03 -8.763159807286318710e+02 5.890829123684083868e+01 0.000000000000000000e+00 0.000000000000000000e+00 -2.448940070614469278e-03
1.580650354848325378e+03 -1.255069228664802722e+03 6.862182991193006387e+01 0.000000000000000000e+00 0.000000000000000000e+00 1.744614730236548894e-02
1.228121472765086992e+03 -1.240269010542024944e+03 5.555867938185787125e+01 0.000000000000000000e+00 0.000000000000000000e+00 -8.398929150104095243e-04
1.374448700587008261e+03 -1.354516018532354337e+03 6.372570902404566340e+01 0.000000000000000000e+00 0.000000000000000000e+00 1.457668595320882332e-02
1.566219607079958905e+03 -1.594970740180641769e+03 7.885545272081957080e+01 0.000000000000000000e+00 0.000000000000000000e+00 2.524999767445024190e-02
1.191716190780463876e+03 -1.593754145562460735e+03 6.562942509891450982e+01 0.000000000000000000e+00 0.000000000000000000e+00 -4.148448017680550493e-02
1.563466471483801115e+03 -1.962273751636370207e+03 9.335779967917160604e+01 0.000000000000000000e+00 0.000000000000000000e+00 -3.513217708272975415e-02
1.172268794044847027e+03 -1.953671735976083937e+03 7.930669032767264071e+01 0.000000000000000000e+00 0.000000000000000000e+00 8.818405704616338880e-03
1.355752665964454991e+03 -2.099817200341182797e+03 9.184920087327756733e+01 0.000000000000000000e+00 0.000000000000000000e+00 1.627318262127630533e-02
1.195494221431527649e+03 -2.307007313289392641e+03 9.684594478383601768e+01 0.000000000000000000e+00 0.000000000000000000e+00 -4.519248514625928692e-03
1.531753106463089807e+03 -2.309865641412751756e+03 1.087459833416803434e+02 0.000000000000000000e+00 0.000000000000000000e+00 3.314331517701418761e-02
1.569903759607185293e+03 -2.625208850970002004e+03 1.277817235024620430e+02 0.000000000000000000e+00 0.000000000000000000e+00 -4.604617469915694983e-02
1.199193143902299425e+03 -2.616795658599115086e+03 1.140683711346294444e+02 0.000000000000000000e+00 0.000000000000000000e+00 3.741992960331685936e-02
1.358846253478798872e+03 -2.806447432742133515e+03 1.309059168522793755e+02 0.000000000000000000e+00 0.000000000000000000e+00 -1.696210214407756212e-02
1.180924549053452665e+03 -3.018794619730705563e+03 1.390432643700141284e+02 0.000000000000000000e+00 0.000000000000000000e+00 -2.356592952864389190e-02
1.573751882030434217e+03 -3.012263232697098829e+03 1.526312362251776733e+02 0.000000000000000000e+00 0.000000000000000000e+00 -2.899909958026114509e-02
1.857128496371801930e+03 -2.311296225562687596e+03 1.230431649411260366e+02 0.000000000000000000e+00 0.000000000000000000e+00 -1.964113449550097812e-02
2.283802922290531569e+03 -2.296120805060116709e+03 1.452489867944985065e+02 0.000000000000000000e+00 0.000000000000000000e+00 -3.078208871735910179e-02
2.066998072906465495e+03 -2.130893857491953440e+03 1.246950711723315237e+02 0.000000000000000000e+00 0.000000000000000000e+00 1.716207906031286257e-02
2.280776476337203803e+03 -1.958475840869051353e+03 1.288537565193554144e+02 0.000000000000000000e+00 0.000000000000000000e+00 2.661770373842387016e-02
1.894442505744898199e+03 -1.959029457821966162e+03 1.079422715437184053e+02 0.000000000000000000e+00 0.000000000000000000e+00 4.037971634863879444e-02
1.867670761819155132e+03 -1.637637323853956104e+03 9.369533977753540910e+01 0.000000000000000000e+00 0.000000000000000000e+00 -3.920007865110619605e-02
2.252570583341623205e+03 -1.652629761082659570e+03 1.147876090507336357e+02 0.000000000000000000e+00 0.000000000000000000e+00 -1.030459225475510721e-02
2.068229604340757760e+03 -1.416965611464711174e+03 9.636376414381172140e+01 0.000000000000000000e+00 0.000000000000000000e+00 1.810104974964588109e-02
2.260221194968104101e+03 -1.247592716308918625e+03 1.021299022067780129e+02 0.000000000000000000e+00 0.000000000000000000e+00 3.260807015846012291e-02
1.882106840107224116e+03 -1.258661439086666860e+03 8.214241411713399543e+01 0.000000000000000000e+00 0.000000000000000000e+00 3.801734377105958629e-03
2.258486706272976335e+03 -9.272816319719688636e+02 9.432922996501427804e+01 0.000000000000000000e+00 0.000000000000000000e+00 2.082510474915011400e-02
1.896848034142591587e+03 -9.451870104943039905e+02 7.519017512069351028e+01 0.000000000000000000e+00 0.000000000000000000e+00 -9.635570281815830640e-03
2.086621557013722395e+03 -7.015272865851480901e+02 8.058538674630142395e+01 0.000000000000000000e+00 0.000000000000000000e+00 -1.006302726636931766e-03
2.248924231737256832e+03 -5.410602137805466327e+02 8.762552112826529083e+01 0.000000000000000000e+00 0.000000000000000000e+00 -5.040196199661295395e-02
1.883659078771034274e+03 -5.430860349772839299e+02 6.798077662812953292e+01 0.000000000000000000e+00 0.000000000000000000e+00 -1.732313697635845529e-02
2.261016613771013908e+03 -2.265018428747864903e+02 8.590121669831766837e+01 0.000000000000000000e+00 0.000000000000000000e+00 3.404453833238108018e-02
1.897897749242809141e+03 -2.286966409554350435e+02 6.613876034773116430e+01 0.000000000000000000e+00 0.000000000000000000e+00 5.642530658697353374e-02
2.036620600230598711e+03 3.571859197373583328e+01 7.294606854419507158e+01 0.000000000000000000e+00 0.000000000000000000e+00 3.318553239084565121e-02
2.266550221899999997e+03 1.621000599156596422e+02 8.644385471077731609e+01 0.000000000000000000e+00 0.000000000000000000e+00 2.286132401532370295e-02
1.886168541286116579e+03 1.712184407759326916e+02 6.566158212463885491e+01 0.000000000000000000e+00 0.000000000000000000e+00 9.796413327634923007e-03
2.262006514466236240e+03 4.858118643223083382e+02 8.911732880212829855e+01 0.000000000000000000e+00 0.000000000000000000e+00 -1.026818194546308405e-02
1.950328362588927803e+03 5.115640251611637837e+02 7.200848217671739349e+01 0.000000000000000000e+00 0.000000000000000000e+00 1.229023491397640555e-02
2.076287891331586252e+03 7.285548965137929827e+02 8.223035350263383236e+01 0.000000000000000000e+00 0.000000000000000000e+00 -1.261449108542933573e-02
2.253514739897806521e+03 8.954515341578269272e+02 9.602468985870798690e+01 0.000000000000000000e+00 0.000000000000000000e+00 -1.830904635252750268e-02
1.888029745151895440e+03 8.711290149477963496e+02 7.517748518573316119e+01 0.000000000000000000e+00 0.000000000000000000e+00 2.126396129160923465e-02
2.277872897180337077e+03 1.188562362715104882e+03 1.054280501312145617e+02 0.000000000000000000e+00 0.000000000000000000e+00 -4.541590032431486179e-03
1.871527663600791129e+03 1.190151189531265345e+03 8.267297892117713332e+01 0.000000000000000000e+00 0.000000000000000000e+00 -2.955699967527891658e-02
2.075587281077058378e+03 1.423752995308231903e+03 1.013704059492601459e+02 0.000000000000000000e+00 0.000000000000000000e+00 1.579008629974509859e-02
2.276716770325223933e+03 1.592604964517067856e+03 1.199258010046331151e+02 0.000000000000000000e+00 0.000000000000000000e+00 2.479424182979528268e-03
1.910815009595164383e+03 1.592184200912692177e+03 9.892508952349241724e+01 0.000000000000000000e+00 0.000000000000000000e+00 -8.563998301269748481e-03
2.240108102895417687e+03 1.928663845013646323e+03 1.330695225751562702e+02 0.000000000000000000e+00 0.000000000000000000e+00 -1.579224172320436992e-02
1.890029987082202524e+03 1.898779083616338767e+03 1.115863691772868975e+02 0.000000000000000000e+00 0.000000000000000000e+00 1.936291780778276461e-02
2.076124464843912392e+03 2.152160714841341360e+03 1.351522896333173094e+02 0.000000000000000000e+00 0.000000000000000000e+00 1.199187636908050081e-02
2.264040077959968585e+03 2.293367329480148783e+03 1.548359746503224130e+02 0.000000000000000000e+00 0.000000000000000000e+00 2.428593160962577713e-02
1.860644786880097854e+03 2.283111422266030331e+03 1.309067765794181071e+02 0.000000000000000000e+00 0.000000000000000000e+00 2.841728018921685361e-03
2.964287304336081434e+03 1.653409021562633143e+03 1.725175887953367635e+02 0.000000000000000000e+00 0.000000000000000000e+00 1.698862643326037869e-02
2.597189524864862960e+03 1.665470819790994710e+03 1.446051612873227157e+02 0.000000000000000000e+00 0.000000000000000000e+00 -1.367386565124206754e-02
2.772234477634487575e+03 1.494967252590363387e+03 1.504874130246269885e+02 0.000000000000000000e+00 0.000000000000000000e+00 -2.440475938956865321e-02
2.967694606675844170e+03 1.245776893325539504e+03 1.568670200102004060e+02 0.000000000000000000e+00 0.000000000000000000e+00 -3.887802279879792877e-02
2.603485534596092748e+03 1.251770355136829494e+03 1.291275459911752250e+02 0.000000000000000000e+00 0.000000000000000000e+00 -9.609436707449958703e-03
2.952215057533305298e+03 9.217707726617782100e+02 1.460821248303531092e+02 0.000000000000000000e+00 0.000000000000000000e+00 -5.548712649471099212e-03
2.582617586265157115e+03 9.400773257902358182e+02 1.186226585937468201e+02 0.000000000000000000e+00 0.000000000000000000e+00 1.976351232488582355e-02
2.778180365705011809e+03 7.076346675835530959e+02 1.277088178889452479e+02 0.000000000000000000e+00 0.000000000000000000e+00 -1.969844724298752681e-02
2.965204255620485583e+03 5.432593408183169004e+02 1.394294158643918138e+02 0.000000000000000000e+00 0.000000000000000000e+00 1.532525694281616779e-02
2.578686316560094383e+03 4.717178411494442685e+02 1.094442588693637646e+02 0.000000000000000000e+00 0.000000000000000000e+00 -3.800043847098777405e-02
2.978035547341199617e+03 2.091805031761595615e+02 1.366501159675315193e+02 0.000000000000000000e+00 0.000000000000000000e+00 3.096968841535385764e-02
2.587004392437452225e+03 1.680905458207325296e+02 1.071551696952801649e+02 0.000000000000000000e+00 0.000000000000000000e+00 -2.578049852594688218e-02
2.782856713527062766e+03 7.233924230371891895e+01 1.207716792184877761e+02 0.000000000000000000e+00 0.000000000000000000e+00 6.764500530380246346e-03
2.975730170685233134e+03 -1.551291890401557225e+02 1.354359069700519456e+02 0.000000000000000000e+00 0.000000000000000000e+00 -2.219045719982659648e-02
2.626335526306111660e+03 -2.196803618410392858e+02 1.094649941043711010e+02 0.000000000000000000e+00 0.000000000000000000e+00 -3.482553594163562138e-02
2.982600425729664948e+03 -5.547682395977545866e+02 1.385454796053375048e+02 0.000000000000000000e+00 0.000000000000000000e+00 -1.301849409625788212e-02
2.574170821143048215e+03 -5.462196100855862824e+02 1.083021118108612484e+02 0.000000000000000000e+00 0.000000000000000000e+00 -1.481348054576869799e-02
2.778667027127785332e+03 -6.394617942508531314e+02 1.239385897155257368e+02 0.000000000000000000e+00 0.000000000000000000e+00 1.444857490820083967e-02
2.986471344045485694e+03 -8.817738482790016405e+02 1.437832835525160817e+02 0.000000000000000000e+00 0.000000000000000000e+00 -4.003979295501380875e-02
2.622972558956743342e+03 -9.300334521578082558e+02 1.177061540476673827e+02 0.000000000000000000e+00 0.000000000000000000e+00 2.816979715903755732e-02
2.951062068307701793e+03 -1.209276267483243146e+03 1.484600409229895490e+02 0.000000000000000000e+00 0.000000000000000000e+00 -4.643036095617958381e-02
2.586963481765736105e+03 -1.260664540423150129e+03 1.232099221709677295e+02 0.000000000000000000e+00 0.000000000000000000e+00 -1.163206251563053684e-02
2.773080831400478928e+03 -1.352378055571243976e+03 1.390174873530440323e+02 0.000000000000000000e+00 0.000000000000000000e+00 -4.955362005873098497e-02
2.953264938368906769e+03 -1.584234486708486884e+03 1.602994148173753786e+02 0.000000000000000000e+00 0.000000000000000000e+00 2.196261411424416110e-02
2.601531772470252690e+03 -1.596578370853125307e+03 1.349056358052704070e+02 0.000000000000000000e+00 0.000000000000000000e+00 -4.177025011745172378e-02
