# x y z x_res y_res z_res
-2.985526708571976087e+03 -1.667639899709318570e+03 1.658955421988470960e+02 0.000000000000000000e+00 0.000000000000000000e+00 -3.010066919924270223e-02
-2.596488575878215215e+03 -1.666993811181180945e+03 1.371373044798186527e+02 0.000000000000000000e+00 0.000000000000000000e+00 -9.564270731317492391e-03
-2.789154893439681928e+03 -1.430967283451478352e+03 1.426352476584824842e+02 0.000000000000000000e+00 0.000000000000000000e+00 -2.646398275479100448e-02
-3.026276284671538178e+03 -1.270358362210853102e+03 1.561193241865431105e+02 0.000000000000000000e+00 0.000000000000000000e+00 1.520428758828984428e-02
-2.602666761334633520e+03 -1.266600014912373126e+03 1.244474352161477810e+02 0.000000000000000000e+00 0.000000000000000000e+00 -4.199154400431837075e-02
-2.992449557983333762e+03 -9.530872469745701210e+02 1.456712209262914257e+02 0.000000000000000000e+00 0.000000000000000000e+00 3.452918673389149262e-02
-2.602393177251593443e+03 -9.536539244093594334e+02 1.167750784144250957e+02 0.000000000000000000e+00 0.000000000000000000e+00 -1.774618254111715032e-02
-2.795217619292506697e+03 -7.143246367914566690e+02 1.262278488683066655e+02 0.000000000000000000e+00 0.000000000000000000e+00 -2.739630334539810974e-02
-3.000844468735406736e+03 -5.544545758288120396e+02 1.400014381092785243e+02 0.000000000000000000e+00 0.000000000000000000e+00 6.653902487130380905e-03
-2.593182613454242073e+03 -5.584827066190636060e+02 1.097396113515831217e+02 0.000000000000000000e+00 0.000000000000000000e+00 2.795188688396876842e-02
-2.972447965923815900e+03 -2.426923330260063381e+02 1.354072711571671448e+02 0.000000000000000000e+00 0.000000000000000000e+00 -2.648359438006764321e-02
-2.610054189294045500e+03 -2.458523648089957305e+02 1.084345874353536630e+02 0.000000000000000000e+00 0.000000000000000000e+00 2.213521791306050090e-02
-2.775725764745603556e+03 -1.235772535183075860e+01 1.200178689586422820e+02 0.000000000000000000e+00 0.000000000000000000e+00 -2.390324448471403684e-02
-2.964584491108690145e+03 1.381035085554418913e+02 1.351160699013814224e+02 0.000000000000000000e+00 0.000000000000000000e+00 -2.160293661086143402e-02
-2.630643118816860351e+03 1.825431763085571788e+02 1.102829551860851041e+02 0.000000000000000000e+00 0.000000000000000000e+00 -2.563603629255339911e-02
-2.609794635234195539e+03 4.774615535276280980e+02 1.116891669731737977e+02 0.000000000000000000e+00 0.000000000000000000e+00 -1.048004370773014671e-02
-2.966467266228774861e+03 4.676397524458473072e+02 1.384255058797033371e+02 0.000000000000000000e+00 0.000000000000000000e+00 -3.231611296786240928e-02
-2.795249573754725589e+03 7.043531223709882170e+02 1.289370095989863501e+02 0.000000000000000000e+00 0.000000000000000000e+00 -3.572271595459142191e-03
-2.605047351312984119e+03 8.647355873314900236e+02 1.183946121981185513e+02 0.000000000000000000e+00 0.000000000000000000e+00 1.314434989630797190e-02
-2.964637784702759745e+03 8.656123078515529414e+02 1.457159107237570765e+02 0.000000000000000000e+00 0.000000000000000000e+00 7.979664081119608454e-03
-2.980190995594058222e+03 1.170915564043853919e+03 1.554481565250092103e+02 0.000000000000000000e+00 0.000000000000000000e+00 5.660889525563561619e-02
-2.626468554272123129e+03 1.186886919094951509e+03 1.286841374498621633e+02 0.000000000000000000e+00 0.000000000000000000e+00 -3.499884810850062422e-03
-2.803309747063563009e+03 1.419896990694741135e+03 1.499693274066174524e+02 0.000000000000000000e+00 0.000000000000000000e+00 3.923762132697561356e-02
-2.975051218895051079e+03 1.561838590403554008e+03 1.694420697460166707e+02 0.000000000000000000e+00 0.000000000000000000e+00 5.971008210963191232e-04
-2.630573140323268490e+03 1.597722044268164154e+03 1.441006956682178100e+02 0.000000000000000000e+00 0.000000000000000000e+00 2.421725175932465390e-02
-2.332671515909985828e+03 2.329649352064308005e+03 1.615029182982696909e+02 0.000000000000000000e+00 0.000000000000000000e+00 -5.872367587940630074e-02
-1.945834927159406334e+03 2.319048310407475583e+03 1.376017919938080638e+02 0.000000000000000000e+00 0.000000000000000000e+00 -9.427764596551924114e-03
-2.140728333897988705e+03 2.152607384871636896e+03 1.389786910588280193e+02 0.000000000000000000e+00 0.000000000000000000e+00 1.150905218167963540e-02
-1.943408340089703188e+03 1.920551343837622198e+03 1.154818499901249425e+02 0.000000000000000000e+00 0.000000000000000000e+00 9.695989995961440400e-03
-2.306150341149738779e+03 1.888716198005689421e+03 1.352413515269536219e+02 0.000000000000000000e+00 0.000000000000000000e+00 -9.233303625990174623e-03
-2.331931350609791480e+03 1.600325454416112507e+03 1.237462109868775713e+02 0.000000000000000000e+00 0.000000000000000000e+00 3.087420106936633601e-03
-1.939961548024521562e+03 1.605209719213628659e+03 1.009905932510760920e+02 0.000000000000000000e+00 0.000000000000000000e+00 -9.977716143055204157e-03
-2.120490998027626574e+03 1.491188840306779412e+03 1.064675599482904573e+02 0.000000000000000000e+00 0.000000000000000000e+00 -1.161467156670425993e-02
-2.312545578514466797e+03 1.178548065528161487e+03 1.072825634217375068e+02 0.000000000000000000e+00 0.000000000000000000e+00 -1.430386424628693476e-02
-1.948803593772938484e+03 1.201656712148157112e+03 8.700253051723700537e+01 0.000000000000000000e+00 0.000000000000000000e+00 1.467649235368639893e-02
-1.933114251731476543e+03 9.153441902495328577e+02 7.848274723687525523e+01 0.000000000000000000e+00 0.000000000000000000e+00 5.980544932754128240e-03
-2.310263028211273195e+03 8.653685726639537279e+02 9.882327918336498840e+01 0.000000000000000000e+00 0.000000000000000000e+00 -2.715522584495033698e-02
-2.138252076991585000e+03 7.261958035032301950e+02 8.567558465112598753e+01 0.000000000000000000e+00 0.000000000000000000e+00 -1.472369522718963708e-02
-1.940106365318635653e+03 5.011610889447884460e+02 7.134506844802444903e+01 0.000000000000000000e+00 0.000000000000000000e+00 -1.815483318041799521e-02
-2.323565117663325509e+03 4.841333264603109114e+02 9.286094621787927395e+01 0.000000000000000000e+00 0.000000000000000000e+00 -2.531242963166846494e-02
-2.330160393149968513e+03 1.955233995896048782e+02 9.050760527217749996e+01 0.000000000000000000e+00 0.000000000000000000e+00 1.947838066053009243e-02
-1.939860918866564816e+03 1.692978401046153465e+02 6.835105036993741123e+01 0.000000000000000000e+00 0.000000000000000000e+00 1.621112952282999231e-02
-2.136999264170567130e+03 2.447217632354463390e+01 7.843514715560695549e+01 0.000000000000000000e+00 0.000000000000000000e+00 6.856749062649214466e-04
-2.329685044361786368e+03 -1.977414303315597977e+02 8.994404404476729553e+01 0.000000000000000000e+00 0.000000000000000000e+00 -1.195812441918064906e-02
-1.940484739755916507e+03 -2.234195106189313833e+02 6.824800203153695577e+01 0.000000000000000000e+00 0.000000000000000000e+00 8.556666415387326197e-03
-1.931604951527964431e+03 -4.924525850806141989e+02 6.979272827355566733e+01 0.000000000000000000e+00 0.000000000000000000e+00 -1.036422843438344898e-02
-2.305213640953274080e+03 -4.845005762710525801e+02 9.037552052113983336e+01 0.000000000000000000e+00 0.000000000000000000e+00 4.130084531135480574e-02
-2.121897498429426378e+03 -7.104926671484643066e+02 8.265506619957592704e+01 0.000000000000000000e+00 0.000000000000000000e+00 -9.451806465733625373e-03
-1.930483181570668876e+03 -8.984416296011373788e+02 7.590258845928705966e+01 0.000000000000000000e+00 0.000000000000000000e+00 1.169379172020512669e-02
-2.290259754288394106e+03 -9.594711245458971689e+02 9.688136558259904518e+01 0.000000000000000000e+00 0.000000000000000000e+00 -1.163750971797128386e-02
-2.319300209232229463e+03 -1.208569980675732268e+03 1.045916772990471912e+02 0.000000000000000000e+00 0.000000000000000000e+00 -4.924314366040505320e-02
-2.133836477927454325e+03 -1.359806915082152727e+03 9.816773696549500983e+01 0.000000000000000000e+00 0.000000000000000000e+00 2.629491745993561835e-02
-1.933204350128469969e+03 -1.221427692488330422e+03 8.363057818482749894e+01 0.000000000000000000e+00 0.000000000000000000e+00 -1.481827478821173827e-02
-1.936108428376368465e+03 -1.606600365367474069e+03 9.592727954108318045e+01 0.000000000000000000e+00 0.000000000000000000e+00 -1.243669037030770141e-02
-2.329453520682099679e+03 -1.630078152272701345e+03 1.185483974437300532e+02 0.000000000000000000e+00 0.000000000000000000e+00 -4.127865092290505800e-02
-2.325881224540777566e+03 -1.915088164812165587e+03 1.296740298535173679e+02 0.000000000000000000e+00 0.000000000000000000e+00 -1.433972461285293321e-02
-1.940691544304232139e+03 -1.925649119061670262e+03 1.087790369320899799e+02 0.000000000000000000e+00 0.000000000000000000e+00 -4.070010315132321921e-03
-2.132956509774720416e+03 -2.096539863183765192e+03 1.266597750859023819e+02 0.000000000000000000e+00 0.000000000000000000e+00 1.491235188964878944e-02
-2.321321799027369252e+03 -2.321021097566599565e+03 1.488133080118053044e+02 0.000000000000000000e+00 0.000000000000000000e+00 -1.862572053937583405e-02
-1.946135754539068330e+03 -2.315456983942790885e+03 1.276467168684586966e+02 0.000000000000000000e+00 0.000000000000000000e+00 3.384480732232475475e-02
-1.607257752059516633e+03 -3.050417534710539258e+03 1.566479278926038887e+02 0.000000000000000000e+00 0.000000000000000000e+00 -2.621380325456357241e-02
-1.245850079360485097e+03 -3.028607211394215483e+03 1.417523173663120701e+02 0.000000000000000000e+00 0.000000000000000000e+00 5.968715514370614983e-03
-1.438287267569615778e+03 -2.787917053221602146e+03 1.326054826534982283e+02 0.000000000000000000e+00 0.000000000000000000e+00 1.017785604349796813e-02
-1.260998613574786532e+03 -2.659466098211751614e+03 1.185523128463769496e+02 0.000000000000000000e+00 0.000000000000000000e+00 2.082749302425668247e-02
-1.625526565415861796e+03 -2.671149509543938620e+03 1.328261298394269545e+02 0.000000000000000000e+00 0.000000000000000000e+00 -3.136644412595046560e-02
-1.253048423453204350e+03 -2.368154657782658433e+03 1.018508168753824776e+02 0.000000000000000000e+00 0.000000000000000000e+00 -1.252470996125509828e-02
-1.628140018355409211e+03 -2.382384306026146987e+03 1.164900425856236694e+02 0.000000000000000000e+00 0.000000000000000000e+00 4.421643945207165416e-03
-1.431528318938550910e+03 -2.130935322283277856e+03 9.602562821985445396e+01 0.000000000000000000e+00 0.000000000000000000e+00 4.343415169216768845e-05
-1.221087820025327801e+03 -1.986747734093080908e+03 8.225169641025820511e+01 0.000000000000000000e+00 0.000000000000000000e+00 6.017012921739706144e-02
-1.566325058155502120e+03 -1.953033129509284663e+03 9.306745444955645041e+01 0.000000000000000000e+00 0.000000000000000000e+00 7.636855695167810154e-03
-1.224132100914565399e+03 -1.656839793846167822e+03 6.891647807336349274e+01 0.000000000000000000e+00 0.000000000000000000e+00 -3.819209320269578711e-02
-1.618394751667211722e+03 -1.672967985267541735e+03 8.383282922110278435e+01 0.000000000000000000e+00 0.000000000000000000e+00 4.481100739252497078e-02
-1.401676459189725165e+03 -1.421914034094218778e+03 6.678032442635930011e+01 0.000000000000000000e+00 0.000000000000000000e+00 6.214190881877357242e-03
-1.205426463935963966e+03 -1.272024279024726866e+03 5.574690326671438356e+01 0.000000000000000000e+00 0.000000000000000000e+00 1.190644654877814901e-02
-1.597225484032644545e+03 -1.267329190669071750e+03 6.964186644283107341e+01 0.000000000000000000e+00 0.000000000000000000e+00 2.585167220985340464e-02
-1.582011718350697265e+03 -9.614595619854495681e+02 6.142634085870750482e+01 0.000000000000000000e+00 0.000000000000000000e+00 1.506210862600454448e-02
-1.226940783652855998e+03 -9.537224920789275302e+02 4.849504030486676243e+01 0.000000000000000000e+00 0.000000000000000000e+00 4.628625319518420156e-02
-1.410485393792787818e+03 -7.145721841455244885e+02 5.023940774826930067e+01 0.000000000000000000e+00 0.000000000000000000e+00 6.783122792064943951e-03
-1.600566707223837966e+03 -5.602774342452993324e+02 5.542836620485496013e+01 0.000000000000000000e+00 0.000000000000000000e+00 -2.227326383107453012e-02
-1.245404567967207186e+03 -5.340387157587150568e+02 4.211171404282080744e+01 0.000000000000000000e+00 0.000000000000000000e+00 -1.533691556383587340e-02
-1.619786248245020943e+03 -2.440066012648419758e+02 5.349284481645894829e+01 0.000000000000000000e+00 0.000000000000000000e+00 -4.651175731368084598e-03
-1.244351704255873756e+03 -2.400764983149782950e+02 3.957581183673858760e+01 0.000000000000000000e+00 0.000000000000000000e+00 -2.400125980128109404e-02
-1.437661543843973732e+03 -1.160072650621372770e+00 4.572542792221589281e+01 0.000000000000000000e+00 0.000000000000000000e+00 3.893376979888785172e-03
-1.618737790280700210e+03 1.529464937617132705e+02 5.330148050072854460e+01 0.000000000000000000e+00 0.000000000000000000e+00 -3.205410292027721653e-02
-1.247790172198446726e+03 1.509582032828677427e+02 3.944563943712577725e+01 0.000000000000000000e+00 0.000000000000000000e+00 -9.966280450441900030e-03
-1.599817414203560247e+03 4.717673943213929419e+02 5.508194681438607176e+01 0.000000000000000000e+00 0.000000000000000000e+00 -4.344029370668067713e-02
-1.224141903226340219e+03 4.585948448327773121e+02 4.101842152213355064e+01 0.000000000000000000e+00 0.000000000000000000e+00 -4.898189898622717919e-02
-1.417866238587399948e+03 7.004019465728686100e+02 5.118836156949458882e+01 0.000000000000000000e+00 0.000000000000000000e+00 -8.289164812218530187e-03
-1.608928796371336830e+03 8.699834006473269028e+02 6.215048771162225449e+01 0.000000000000000000e+00 0.000000000000000000e+00 1.170610219432433041e-03
-1.217860977857837952e+03 8.623782716238544026e+02 4.733913159425334527e+01 0.000000000000000000e+00 0.000000000000000000e+00 -3.067413674732222262e-02
-1.220618250688936769e+03 1.174360066704329256e+03 5.523127502773688491e+01 0.000000000000000000e+00 0.000000000000000000e+00 1.031608326735522496e-02
-1.621100696573143978e+03 1.149994164733589741e+03 6.973933917905914370e+01 0.000000000000000000e+00 0.000000000000000000e+00 6.411784682379106926e-02
-1.396846328133262887e+03 1.398782490741041556e+03 6.857395410143561776e+01 0.000000000000000000e+00 0.000000000000000000e+00 -2.364672070700635231e-02
-1.212140518116145131e+03 1.562663356472558462e+03 6.813526623892761336e+01 0.000000000000000000e+00 0.000000000000000000e+00 -1.119699134653728834e-02
-1.597581253983010129e+03 1.565173644056354533e+03 8.288834309170644588e+01 0.000000000000000000e+00 0.000000000000000000e+00 1.061752569870577645e-02
-1.600754860641153755e+03 1.868505317235622442e+03 9.624750550991294062e+01 0.000000000000000000e+00 0.000000000000000000e+00 1.747321609687446653e-02
-1.212606877503200622e+03 1.883391488315294055e+03 8.202481635196441800e+01 0.000000000000000000e+00 0.000000000000000000e+00 -1.929168322041618922e-02
-1.409174482140502732e+03 2.113385181409972574e+03 1.007817724459775519e+02 0.000000000000000000e+00 0.000000000000000000e+00 1.351773090117092124e-02
-1.199114111479508892e+03 2.268956394528503552e+03 1.019505822553868910e+02 0.000000000000000000e+00 0.000000000000000000e+00 1.346223861942519306e-02
-1.604694331975658770e+03 2.277078457386220634e+03 1.181939254960783785e+02 0.000000000000000000e+00 0.000000000000000000e+00 2.341321073410540521e-02
-1.607272869907496670e+03 2.602422742631434176e+03 1.390036350306997974e+02 0.000000000000000000e+00 0.000000000000000000e+00 2.695155453767483777e-02
-1.230279676170203402e+03 2.597275334509286040e+03 1.236379779943825952e+02 0.000000000000000000e+00 0.000000000000000000e+00 1.564389952913813886e-02
-1.412791775833447218e+03 2.826110335880334333e+03 1.466836304107202977e+02 0.000000000000000000e+00 0.000000000000000000e+00 1.151974347351369943e-03
-1.605545942817563400e+03 2.990412798974354246e+03 1.676279067792717683e+02 0.000000000000000000e+00 0.000000000000000000e+00 1.634335646468798586e-02
-1.210324585097760746e+03 2.990663640123421828e+03 1.517890028383332606e+02 0.000000000000000000e+00 0.000000000000000000e+00 1.504950135125682209e-02
-9.261129807775145082e+02 3.047233578462348760e+03 1.476711700727432799e+02 0.000000000000000000e+00 0.000000000000000000e+00 -2.794334669107456648e-02
-5.183940282694364896e+02 3.057632181247403878e+03 1.401446462797195522e+02 0.000000000000000000e+00 0.000000000000000000e+00 -1.883523242770479555e-02
-7.489501565807045154e+02 2.875918481065096785e+03 1.301372871695898539e+02 0.000000000000000000e+00 0.000000000000000000e+00 -1.700671127986197462e-02
-5.173566419098076494e+02 2.671121278530646123e+03 1.112545542900943758e+02 0.000000000000000000e+00 0.000000000000000000e+00 -6.954466659152558350e-04
-9.015225327945943263e+02 2.612659144106040458e+03 1.148748025941130493e+02 0.000000000000000000e+00 0.000000000000000000e+00 -6.964815651386402351e-03
-9.166997488935577394e+02 2.363703253040719119e+03 9.930701792936581285e+01 0.000000000000000000e+00 0.000000000000000000e+00 -1.337389641395247963e-02
-5.216101791687360674e+02 2.358166188480613528e+03 9.111744457281386644e+01 0.000000000000000000e+00 0.000000000000000000e+00 -5.275812999059326103e-04
-7.228131796109561265e+02 2.195054066715021690e+03 8.512683469045063589e+01 0.000000000000000000e+00 0.000000000000000000e+00 7.301525050706914044e-03
-9.140558117237588931e+02 1.961033726503806065e+03 7.712583663758245223e+01 0.000000000000000000e+00 0.000000000000000000e+00 -1.177222383839193753e-02
-5.519049826707478132e+02 1.957256167949934706e+03 6.970659622675358946e+01 0.000000000000000000e+00 0.000000000000000000e+00 2.128034540874068625e-02
-5.566409612399680782e+02 1.632026489027861089e+03 5.526041498579669309e+01 0.000000000000000000e+00 0.000000000000000000e+00 -6.058129932813471896e-02
-9.138201601824928275e+02 1.656432991313029106e+03 6.333370314179715876e+01 0.000000000000000000e+00 0.000000000000000000e+00 -2.988873710543060724e-02
-7.242835403418629312e+02 1.494870622177346831e+03 5.285740067947416776e+01 0.000000000000000000e+00 0.000000000000000000e+00 -1.243378323009380892e-02
-9.350112651538022419e+02 1.256330345300351610e+03 4.947216679318115951e+01 0.000000000000000000e+00 0.000000000000000000e+00 -5.521684097452350670e-03
-5.194933965612534621e+02 1.253430094715667110e+03 4.134017375331728061e+01 0.000000000000000000e+00 0.000000000000000000e+00 -1.382625358453992703e-02
-5.225338223412990146e+02 9.403510210536232989e+02 3.308365742370028784e+01 0.000000000000000000e+00 0.000000000000000000e+00 3.124732113923300858e-02
-9.255658836076395346e+02 9.308998845618594942e+02 4.056246246404102607e+01 0.000000000000000000e+00 0.000000000000000000e+00 -3.589322660815241761e-04
-7.068466612313363839e+02 7.783263620978467543e+02 3.271944578693810968e+01 0.000000000000000000e+00 0.000000000000000000e+00 -3.471362684475565175e-02
-9.128445371070365582e+02 5.455686996537522191e+02 3.338695172515596710e+01 0.000000000000000000e+00 0.000000000000000000e+00 2.020636111834051007e-02
-5.225677294581728347e+02 5.503576892010585198e+02 2.614523182056346684e+01 0.000000000000000000e+00 0.000000000000000000e+00 2.939533631948521020e-02
-5.136550025680697900e+02 2.277353637297190119e+02 2.305731037663256089e+01 0.000000000000000000e+00 0.000000000000000000e+00 3.216231014686599110e-03
-9.319534835374761315e+02 2.352825313601008759e+02 3.092312607020750903e+01 0.000000000000000000e+00 0.000000000000000000e+00 1.548028460902628467e-04
-7.152385386052372951e+02 7.209752385805680319e+01 2.569418108776891785e+01 0.000000000000000000e+00 0.000000000000000000e+00 -1.164676836436129292e-02
-9.279907321446411288e+02 -1.668870565703608690e+02 3.041111496240533540e+01 0.000000000000000000e+00 0.000000000000000000e+00 3.496942246243506247e-02
-5.310319376277507217e+02 -1.743711127090998616e+02 2.300870256046284723e+01 0.000000000000000000e+00 0.000000000000000000e+00 4.670944975746493810e-03
-5.079358188279662158e+02 -5.430670229743503796e+02 2.570065661269725510e+01 0.000000000000000000e+00 0.000000000000000000e+00 -1.808598222806523381e-02
-7.346092119808165535e+02 -6.450762166115530363e+02 3.065463512121919010e+01 0.000000000000000000e+00 0.000000000000000000e+00 -5.052161679354227886e-02
-9.042770024710684993e+02 -5.421265313917353978e+02 3.282437869750353343e+01 0.000000000000000000e+00 0.000000000000000000e+00 -5.872695500642066690e-03
-9.180447182939460617e+02 -8.807753622362964734e+02 3.855533206780269495e+01 0.000000000000000000e+00 0.000000000000000000e+00 -1.614026279848701506e-02
-5.242264272195693593e+02 -8.822884820583400369e+02 3.137374310912271369e+01 0.000000000000000000e+00 0.000000000000000000e+00 -4.360974743611834015e-02
-5.438465687986783905e+02 -1.207067459618972862e+03 3.926166932451473457e+01 0.000000000000000000e+00 0.000000000000000000e+00 -4.964651980076695281e-02
-9.187598548129068377e+02 -1.189604731529999526e+03 4.573827947942498895e+01 0.000000000000000000e+00 0.000000000000000000e+00 -1.138904287227404666e-02
-7.454154297537227194e+02 -1.366910911368935103e+03 4.715540974713661626e+01 0.000000000000000000e+00 0.000000000000000000e+00 5.094463292167006330e-03
-9.116023750860040309e+02 -1.592153519060377675e+03 5.809130297326022685e+01 0.000000000000000000e+00 0.000000000000000000e+00 4.178331302940563319e-02
-5.466163518606451817e+02 -1.609391546339029219e+03 5.197365864869779273e+01 0.000000000000000000e+00 0.000000000000000000e+00 3.008283546635226458e-02
-5.474654133684907720e+02 -1.908542324316465738e+03 6.372872966335474132e+01 0.000000000000000000e+00 0.000000000000000000e+00 1.254820009233981182e-02
-9.392714786830613320e+02 -1.902480687475684590e+03 7.084848922187103426e+01 0.000000000000000000e+00 0.000000000000000000e+00 1.633739691300206687e-03
-7.089842330257455387e+02 -2.056855936826568268e+03 7.285775594669939892e+01 0.000000000000000000e+00 0.000000000000000000e+00 4.674092225674542078e-02
-9.083751096755505614e+02 -2.330680716031467909e+03 9.037080563727695903e+01 0.000000000000000000e+00 0.000000000000000000e+00 -1.852438025902358731e-02
-5.353009865511312455e+02 -2.285441905581787978e+03 8.119565243683673827e+01 0.000000000000000000e+00 0.000000000000000000e+00 2.335434401092584267e-02
-5.303145025971425639e+02 -2.619260952209453535e+03 9.942523045683812200e+01 0.000000000000000000e+00 0.000000000000000000e+00 -2.363999968450514189e-02
-9.204181653627995274e+02 -2.611018670480311357e+03 1.061623135533241395e+02 0.000000000000000000e+00 0.000000000000000000e+00 -3.705928333914698669e-02
-6.950097154363483014e+02 -2.772798564236836683e+03 1.112778580964824755e+02 0.000000000000000000e+00 0.000000000000000000e+00 -3.363867057302627472e-03
-5.276171599398934404e+02 -2.999271302383549937e+03 1.233464221017626272e+02 0.000000000000000000e+00 0.000000000000000000e+00 8.733950551786051619e-03
-9.138583644560500261e+02 -3.002678664699524234e+03 1.307308472898396872e+02 0.000000000000000000e+00 0.000000000000000000e+00 1.656300159424972662e-03
-2.327984001122393920e+02 -3.052782643624425418e+03 1.241160045557907665e+02 0.000000000000000000e+00 0.000000000000000000e+00 2.536444967678619378e-02
1.814806768846771092e+02 -3.012993896956777462e+03 1.211286547392192716e+02 0.000000000000000000e+00 0.000000000000000000e+00 2.803287728072234586e-02
-1.074513199029068211e+01 -2.823400222827064226e+03 1.082866035238325821e+02 0.000000000000000000e+00 0.000000000000000000e+00 3.669567001320217514e-02
1.770365485271024966e+02 -2.678240693730005660e+03 9.974058771881034602e+01 0.000000000000000000e+00 0.000000000000000000e+00 -3.846417140977109739e-03
-1.956807663867706140e+02 -2.659222070129388158e+03 9.869324823492006260e+01 0.000000000000000000e+00 0.000000000000000000e+00 -6.969365933969129401e-03
-2.085078334905741713e+02 -2.365639282027503668e+03 8.227790781372135598e+01 0.000000000000000000e+00 0.000000000000000000e+00 1.918919326442392048e-02
1.759728278246764432e+02 -2.352753636055131665e+03 8.144102055564334819e+01 0.000000000000000000e+00 0.000000000000000000e+00 5.583466928928260131e-02
-1.824774742868428490e+01 -2.128484030837217233e+03 6.984577882875031207e+01 0.000000000000000000e+00 0.000000000000000000e+00 1.117786804472586937e-02
1.647566038436645215e+02 -1.918092086494397790e+03 6.069358688048186679e+01 0.000000000000000000e+00 0.000000000000000000e+00 2.296137162490197170e-02
-2.014205597115058595e+02 -1.968591090586488463e+03 6.305121691927598704e+01 0.000000000000000000e+00 0.000000000000000000e+00 5.458069591459491221e-02
-2.189735001907089611e+02 -1.658156482778723102e+03 5.058686838945479280e+01 0.000000000000000000e+00 0.000000000000000000e+00 -4.800155612365131219e-02
1.887663580868358508e+02 -1.645652854848731522e+03 4.997041814104380819e+01 0.000000000000000000e+00 0.000000000000000000e+00 2.902755907359022558e-02
-9.197446385190570339e+00 -1.420599463398038097e+03 4.181149327044681741e+01 0.000000000000000000e+00 0.000000000000000000e+00 2.360346846955962974e-03
1.831684828461893630e+02 -1.259618093030961973e+03 3.740245904336138949e+01 0.000000000000000000e+00 0.000000000000000000e+00 9.309318599264315708e-04
-2.008475211099880937e+02 -1.258985083894461923e+03 3.747026425360326840e+01 0.000000000000000000e+00 0.000000000000000000e+00 4.589711317497346954e-02
-2.102370915191364986e+02 -9.508233800553431365e+02 2.986898533352594143e+01 0.000000000000000000e+00 0.000000000000000000e+00 1.848643987866083194e-02
1.687084767951741924e+02 -9.478062500857104169e+02 2.960541582628597723e+01 0.000000000000000000e+00 0.000000000000000000e+00 4.253885955252911799e-02
-1.401976037959720145e+01 -7.037910006508521974e+02 2.469605537226010838e+01 0.000000000000000000e+00 0.000000000000000000e+00 3.714759096790842818e-02
-2.081679641488721870e+02 -5.549616812243177719e+02 2.311880089482006895e+01 0.000000000000000000e+00 0.000000000000000000e+00 -5.075429741481585211e-02
1.882345551304092339e+02 -5.469960032318965659e+02 2.291865627323563359e+01 0.000000000000000000e+00 0.000000000000000000e+00 -2.007508086839848715e-02
1.502524176288343369e+02 -2.049121792543463982e+02 1.982139495842057642e+01 0.000000000000000000e+00 0.000000000000000000e+00 2.485772111274187068e-02
-2.108411954389117113e+02 -2.354057413708349316e+02 2.025474018121739306e+01 0.000000000000000000e+00 0.000000000000000000e+00 -2.242053683757916360e-02
-7.748804894457063774e+00 7.173880494937714403e-01 1.905077645242605655e+01 0.000000000000000000e+00 0.000000000000000000e+00 6.505844512320635431e-02
1.955102982571524706e+02 1.638715742925460859e+02 1.985356126486618322e+01 0.000000000000000000e+00 0.000000000000000000e+00 -1.730334923835030736e-02
-2.094670355463915712e+02 1.695065151233461904e+02 1.994825610450679676e+01 0.000000000000000000e+00 0.000000000000000000e+00 5.359188456898067443e-02
-2.051954871937282405e+02 4.751312944898423893e+02 2.223171705412659449e+01 0.000000000000000000e+00 0.000000000000000000e+00 -5.382710423523207055e-02
1.433304152868771837e+02 5.146107240708693098e+02 2.241120640623779181e+01 0.000000000000000000e+00 0.000000000000000000e+00 -4.212080831809572601e-03
-6.663758141141656210e+00 7.154717908884173312e+02 2.506128783987961839e+01 0.000000000000000000e+00 0.000000000000000000e+00 4.229506656066917003e-02
-2.056763285831924577e+02 8.696770244135013854e+02 2.852038606846295821e+01 0.000000000000000000e+00 0.000000000000000000e+00 1.556790360609028312e-02
1.812950914885546183e+02 9.379110617732740138e+02 2.986947018983149604e+01 0.000000000000000000e+00 0.000000000000000000e+00 1.698855174037916527e-02
1.799088180132959280e+02 1.191025881595440296e+03 3.634063850732958656e+01 0.000000000000000000e+00 0.000000000000000000e+00 1.605594455802616949e-02
-2.133834498301067981e+02 1.186347226926357052e+03 3.638065936060941397e+01 0.000000000000000000e+00 0.000000000000000000e+00 -8.113961469028652118e-03
-1.115292155621291847e+01 1.424142755354724386e+03 4.331242261941784477e+01 0.000000000000000000e+00 0.000000000000000000e+00 1.222633951303464528e-02
1.928905747331057228e+02 1.583385853917112399e+03 4.967076476965754495e+01 0.000000000000000000e+00 0.000000000000000000e+00 1.403585165709841931e-02
-2.054797916353633696e+02 1.584732829165596286e+03 4.979048020489008763e+01 0.000000000000000000e+00 0.000000000000000000e+00 3.922667870531881817e-02
-2.085750353511346873e+02 1.901371417968564629e+03 6.346607495252801101e+01 0.000000000000000000e+00 0.000000000000000000e+00 4.437175162408379947e-04
1.631846058534758015e+02 1.896160129554310060e+03 6.299071917487722061e+01 0.000000000000000000e+00 0.000000000000000000e+00 1.453093159078377994e-03
-1.136101735609395824e+01 2.138884045411684383e+03 7.489171419507091798e+01 0.000000000000000000e+00 0.000000000000000000e+00 1.482166830164999283e-02
1.876324974046094667e+02 2.298357168871155864e+03 8.431257182875580725e+01 0.000000000000000000e+00 0.000000000000000000e+00 2.627537153145453885e-02
-2.139617257215017787e+02 2.290039354921758331e+03 8.397416975096543013e+01 0.000000000000000000e+00 0.000000000000000000e+00 2.528202537737911371e-02
-1.994908365782684427e+02 2.613539476995677433e+03 1.041526394306981018e+02 0.000000000000000000e+00 0.000000000000000000e+00 1.947576449103394225e-02
1.785389807251031868e+02 2.612469625933565112e+03 1.039704164001423692e+02 0.000000000000000000e+00 0.000000000000000000e+00 4.355144661462873046e-02
-1.549379358509929894e+01 2.847431000849985594e+03 1.201195046943976763e+02 0.000000000000000000e+00 0.000000000000000000e+00 1.704225676917303645e-04
1.983704408515937132e+02 2.997113917487196431e+03 1.320865440422272172e+02 0.000000000000000000e+00 0.000000000000000000e+00 -2.394494657664836268e-02
-2.249483085196078491e+02 3.007948880717622160e+03 1.330980084067230109e+02 0.000000000000000000e+00 0.000000000000000000e+00 3.335667734103253679e-02
8.733040102483074634e+02 -3.007112370851946707e+03 1.300985028362764524e+02 0.000000000000000000e+00 0.000000000000000000e+00 1.564972155671284781e-02
5.072632462251783068e+02 -3.006257424238356180e+03 1.235484009338042171e+02 0.000000000000000000e+00 0.000000000000000000e+00 8.024642727056630065e-02
6.778271218024267455e+02 -2.832388037333017110e+03 1.147257695008467948e+02 0.000000000000000000e+00 0.000000000000000000e+00 -1.393762105266205253e-03
8.707323975234664886e+02 -2.676948034401420045e+03 1.089347673508183902e+02 0.000000000000000000e+00 0.000000000000000000e+00 -9.893501627104228646e-03
4.820619316138502199e+02 -2.674112302079419806e+03 1.020532766491907353e+02 0.000000000000000000e+00 0.000000000000000000e+00 2.136752815165721131e-02
8.889006617128036396e+02 -2.360619301226290645e+03 9.149577455052931896e+01 0.000000000000000000e+00 0.000000000000000000e+00 -1.504918928128518019e-02
4.805528611733626576e+02 -2.351659143705800034e+03 8.391802140067279936e+01 0.000000000000000000e+00 0.000000000000000000e+00 -2.794359275338820225e-02
6.948499109293642277e+02 -2.131335847257962087e+03 7.608720572529745141e+01 0.000000000000000000e+00 0.000000000000000000e+00 -1.962579374247752639e-02
8.928808880111376993e+02 -1.961974461538124388e+03 7.233666756534535125e+01 0.000000000000000000e+00 0.000000000000000000e+00 2.000453017132031164e-02
4.941189791233085771e+02 -1.967641783196806273e+03 6.558126492692019838e+01 0.000000000000000000e+00 0.000000000000000000e+00 -3.539167608319360170e-02
8.717911714335174338e+02 -1.649312011762779775e+03 5.926070149703888035e+01 0.000000000000000000e+00 0.000000000000000000e+00 4.422403527165386095e-03
4.936191432034778472e+02 -1.650587289821041850e+03 5.277690841055812143e+01 0.000000000000000000e+00 0.000000000000000000e+00 -6.524130280403994675e-03
6.880253523086985297e+02 -1.356088157140160774e+03 4.578486760917836307e+01 0.000000000000000000e+00 0.000000000000000000e+00 2.240698355466719249e-02
8.793990778510689097e+02 -1.248577876932660047e+03 4.645007290295890812e+01 0.000000000000000000e+00 0.000000000000000000e+00 1.154513627874109716e-02
4.842852740672417440e+02 -1.251776252964496280e+03 3.971967073506968404e+01 0.000000000000000000e+00 0.000000000000000000e+00 -3.177324123984703874e-02
4.943772824657060028e+02 -9.304932963906290979e+02 3.197237912446535901e+01 0.000000000000000000e+00 0.000000000000000000e+00 2.562513508179264932e-02
8.898747557954322929e+02 -9.440274042929818279e+02 3.920299682845107725e+01 0.000000000000000000e+00 0.000000000000000000e+00 -2.989451650217489487e-02
6.682534671572340130e+02 -7.027356016769099369e+02 3.034650431382785385e+01 0.000000000000000000e+00 0.000000000000000000e+00 -6.125331110431275761e-02
4.746654036882376886e+02 -5.420477865873426708e+02 2.527210918037898679e+01 0.000000000000000000e+00 0.000000000000000000e+00 1.781061007367412685e-02
8.670648586819196453e+02 -4.734519248903940252e+02 3.119903937395838511e+01 0.000000000000000000e+00 0.000000000000000000e+00 2.906319594475803569e-02
8.614550011100210440e+02 -2.334749767640868185e+02 2.917561256573760176e+01 0.000000000000000000e+00 0.000000000000000000e+00 -2.554688019003492627e-03
4.847870102814916322e+02 -2.368799682456673281e+02 2.269858520888744380e+01 0.000000000000000000e+00 0.000000000000000000e+00 -1.377293443545468676e-02
6.681340793326355652e+02 2.069747608413247164e+01 2.479296342125703490e+01 0.000000000000000000e+00 0.000000000000000000e+00 4.937940470515655988e-03
4.630073517924449789e+02 2.213043483180030648e+02 2.238447853571458879e+01 0.000000000000000000e+00 0.000000000000000000e+00 -1.848126241616654397e-02
8.851439750750784015e+02 2.324057126502803783e+02 2.980462203884062689e+01 0.000000000000000000e+00 0.000000000000000000e+00 1.774994953258612895e-03
8.857911548380800468e+02 4.923222693031507333e+02 3.208777734680287352e+01 0.000000000000000000e+00 0.000000000000000000e+00 -3.708704644971305697e-03
5.128114174684923228e+02 4.834577411935700866e+02 2.519455291714479017e+01 0.000000000000000000e+00 0.000000000000000000e+00 -4.209425441526448708e-02
6.973378505552641400e+02 7.757674427543083766e+02 3.249663657658975069e+01 0.000000000000000000e+00 0.000000000000000000e+00 1.746917683241377972e-02
5.144209944866948945e+02 9.113419306851930060e+02 3.232833222277524499e+01 0.000000000000000000e+00 0.000000000000000000e+00 -5.906995556927086000e-02
8.876134733907659893e+02 9.382873319512956414e+02 3.982169069648200832e+01 0.000000000000000000e+00 0.000000000000000000e+00 2.288392885434120672e-02
8.721254709186750915e+02 1.192765254551744874e+03 4.605535210075030506e+01 0.000000000000000000e+00 0.000000000000000000e+00 -1.553360233817357994e-02
5.041185906045440106e+02 1.192214051321901479e+03 3.931433234024221690e+01 0.000000000000000000e+00 0.000000000000000000e+00 -1.135878432660319959e-02
6.706795581586492290e+02 1.427855399452265601e+03 4.944935179571503170e+01 0.000000000000000000e+00 0.000000000000000000e+00 1.558177875261179679e-02
4.716121225554059606e+02 1.605649079589070652e+03 5.303126291120287306e+01 0.000000000000000000e+00 0.000000000000000000e+00 2.462016946969924902e-02
8.718098635871793931e+02 1.642856555665685391e+03 6.176491578503892299e+01 0.000000000000000000e+00 0.000000000000000000e+00 1.037250319919991171e-02
8.738564256692161507e+02 1.915387018770479244e+03 7.392184818608356522e+01 0.000000000000000000e+00 0.000000000000000000e+00 2.389113495640060592e-02
4.901615624908192785e+02 1.910304616552213474e+03 6.656137005713587484e+01 0.000000000000000000e+00 0.000000000000000000e+00 -1.509855538478177550e-02
6.670183127764116762e+02 2.137755109100403388e+03 8.092059829010685235e+01 0.000000000000000000e+00 0.000000000000000000e+00 -1.317386613037285770e-02
4.995469657434536543e+02 2.297078492798331354e+03 8.718882996984771694e+01 0.000000000000000000e+00 0.000000000000000000e+00 8.682355962221777190e-03
8.840364669262412463e+02 2.351310437655662554e+03 9.774524728661280903e+01 0.000000000000000000e+00 0.000000000000000000e+00 -3.241912624616816174e-02
4.793247084679128989e+02 2.629234213848526451e+03 1.078596346740793592e+02 0.000000000000000000e+00 0.000000000000000000e+00 -8.514661056167938114e-03
8.660339683768012264e+02 2.674108617978468374e+03 1.182072888497164058e+02 0.000000000000000000e+00 0.000000000000000000e+00 1.304794301994149919e-02
6.856827183255707041e+02 2.850442444109055486e+03 1.269529587668684627e+02 0.000000000000000000e+00 0.000000000000000000e+00 1.084836103230202298e-02
4.944224463885489058e+02 3.009738376682098533e+03 1.359824233322753173e+02 0.000000000000000000e+00 0.000000000000000000e+00 -2.638881378032920111e-03
8.649891238627943721e+02 3.061464035773844444e+03 1.472626629206778262e+02 0.000000000000000000e+00 0.000000000000000000e+00 1.549245808183741246e-02
1.581973976832460494e+03 3.009505472559884765e+03 1.680821152927742901e+02 0.000000000000000000e+00 0.000000000000000000e+00 6.797424649164440780e-03
1.194120080414080576e+03 3.010085215624455032e+03 1.527769483071400316e+02 0.000000000000000000e+00 0.000000000000000000e+00 1.053747494901813297e-02
1.342023716631822936e+03 2.896669114864082985e+03 1.492488629935512847e+02 0.000000000000000000e+00 0.000000000000000000e+00 3.588551901546566114e-02
1.164866757835661929e+03 2.682193080048626598e+03 1.272794528943023522e+02 0.000000000000000000e+00 0.000000000000000000e+00 -6.064408908372342921e-03
1.568571825121746087e+03 2.611491587157870072e+03 1.378945857729038664e+02 0.000000000000000000e+00 0.000000000000000000e+00 4.383736750384059633e-03
1.576614603384797419e+03 2.356726827420733116e+03 1.217356340558296637e+02 0.000000000000000000e+00 0.000000000000000000e+00 1.333794993023218467e-02
1.173432713222257689e+03 2.357396393910733877e+03 1.063603963484456614e+02 0.000000000000000000e+00 0.000000000000000000e+00 2.884176883067368635e-02
1.375858556404233241e+03 2.204806441271941821e+03 1.045617838980022043e+02 0.000000000000000000e+00 0.000000000000000000e+00 -1.874013788973627470e-02
1.183471037480063387e+03 1.960825695394205923e+03 8.483430017436010928e+01 0.000000000000000000e+00 0.000000000000000000e+00 -2.133890619538192368e-02
1.572335600974243334e+03 1.960918732090164667e+03 9.952968718773982459e+01 0.000000000000000000e+00 0.000000000000000000e+00 4.542852242154538089e-02
1.200245523036589020e+03 1.654487004252029919e+03 7.143879810894435423e+01 0.000000000000000000e+00 0.000000000000000000e+00 1.577128242567482630e-02
1.591004983840145997e+03 1.635985771323053996e+03 8.546936693247249650e+01 0.000000000000000000e+00 0.000000000000000000e+00 -1.315101018035136349e-02
1.395320650384115424e+03 1.487770949108323066e+03 7.172675688438606301e+01 0.000000000000000000e+00 0.000000000000000000e+00 -3.047255371529900003e-02
1.573407140471113962e+03 1.248989261655282689e+03 7.066754647749215223e+01 0.000000000000000000e+00 0.000000000000000000e+00 -2.750829528493170528e-02
1.200156945300336474e+03 1.246937077723929178e+03 5.673768343645741652e+01 0.000000000000000000e+00 0.000000000000000000e+00 -5.624202439747705284e-03
1.196170094070302639e+03 9.409357988788708553e+02 4.838057069603463844e+01 0.000000000000000000e+00 0.000000000000000000e+00 -1.627002229206908623e-02
1.587245763441627332e+03 9.414785824857947318e+02 6.284329496369696244e+01 0.000000000000000000e+00 0.000000000000000000e+00 -2.048555990293010609e-02
1.421587669993007694e+03 7.618236914952899497e+02 5.243683763847172941e+01 0.000000000000000000e+00 0.000000000000000000e+00 -7.855792389705129608e-03
1.575000373751726556e+03 5.391572132358569434e+02 5.490182952630300406e+01 0.000000000000000000e+00 0.000000000000000000e+00 1.398213929928004973e-02
1.208404314853067945e+03 5.385279089882800463e+02 4.149327262168390007e+01 0.000000000000000000e+00 0.000000000000000000e+00 -3.321646561746405268e-02
1.160971846012182596e+03 1.834346862407985270e+02 3.687048631354583961e+01 0.000000000000000000e+00 0.000000000000000000e+00 -3.131829805479924289e-02
1.587453268149052064e+03 2.219918456500952004e+02 5.234286059868386332e+01 0.000000000000000000e+00 0.000000000000000000e+00 -1.630668189732631390e-02
1.430247440272694803e+03 5.260488053041995471e+01 4.551086858895738629e+01 0.000000000000000000e+00 0.000000000000000000e+00 -4.574179882411044673e-03
1.171081545215948154e+03 -1.795955281163144264e+02 3.702487198309850669e+01 0.000000000000000000e+00 0.000000000000000000e+00 -3.724906667132898974e-02
1.562585178028982682e+03 -1.779884818490225200e+02 5.085211465521499008e+01 0.000000000000000000e+00 0.000000000000000000e+00 1.836137145467375831e-02
1.586827469996546142e+03 -4.907885754306296349e+02 5.406483289508505408e+01 0.000000000000000000e+00 0.000000000000000000e+00 -1.205617769520017646e-02
1.216860999094738418e+03 -4.841386851589434173e+02 4.064625094571171360e+01 0.000000000000000000e+00 0.000000000000000000e+00 -2.318376198998350901e-02
1.372911876063561294e+03 -6.570625960790172257e+02 4.802148117158249363e+01 0.000000000000000000e+00 0.000000000000000000e+00 1.742141521857121234e-02
1.188741675516293981e+03 -8.875878764113502939e+02 4.595608742379707223e+01 0.000000000000000000e+00 0.000000000000000000e+00 8.202324911643188443e-03
1.562700627003026511e+03 -8.759858094084536333e+02 5.890061339987877886e+01 0.000000000000000000e+00 0.000000000000000000e+00 -1.410642244657367428e-02
1.580850663277881722e+03 -1.254811962880007059e+03 6.862274320536238292e+01 0.000000000000000000e+00 0.000000000000000000e+00 2.714386092586096311e-02
1.228609508746041911e+03 -1.240156186181964358e+03 5.557082425995007924e+01 0.000000000000000000e+00 0.000000000000000000e+00 4.609724442275364709e-03
1.374696006063060622e+03 -1.354291263833562653e+03 6.372758695800257556e+01 0.000000000000000000e+00 0.000000000000000000e+00 1.214134312335346522e-02
1.567531305100918416e+03 -1.594949714162726877e+03 7.890733899601708856e+01 0.000000000000000000e+00 0.000000000000000000e+00 3.662766115249382892e-02
1.192056333201841881e+03 -1.593687178051429100e+03 6.563735592439067545e+01 0.000000000000000000e+00 0.000000000000000000e+00 -1.281409659880239360e-02
1.563677616393430753e+03 -1.961993015604022503e+03 9.335393110052277166e+01 0.000000000000000000e+00 0.000000000000000000e+00 -4.169213725819531646e-02
1.172764625095596784e+03 -1.953302582395672061e+03 7.930537984719734368e+01 0.000000000000000000e+00 0.000000000000000000e+00 1.894324635819089053e-02
1.356780217773238974e+03 -2.099846819187244364e+03 9.188622727938816581e+01 0.000000000000000000e+00 0.000000000000000000e+00 9.964201827344254525e-03
1.197849416548594490e+03 -2.307401771372655276e+03 9.693834893645482964e+01 0.000000000000000000e+00 0.000000000000000000e+00 -2.489764161737184622e-03
1.533583063799564798e+03 -2.309149416527685389e+03 1.087809385084441942e+02 0.000000000000000000e+00 0.000000000000000000e+00 3.696414249782264960e-02
1.570391382153253744e+03 -2.624955839305473091e+03 1.277865244485414564e+02 0.000000000000000000e+00 0.000000000000000000e+00 -3.839448522174393474e-02
1.200760627439448626e+03 -2.616471957687672329e+03 1.140976071726361738e+02 0.000000000000000000e+00 0.000000000000000000e+00 3.762470566645959025e-02
1.359402993138073725e+03 -2.806398213723638037e+03 1.309223334260456681e+02 0.000000000000000000e+00 0.000000000000000000e+00 -1.421600455375937599e-02
1.181495962029259545e+03 -3.018593139953351510e+03 1.390469564446140396e+02 0.000000000000000000e+00 0.000000000000000000e+00 -2.268532719895688388e-02
1.574334461071944361e+03 -3.012176133940211002e+03 1.526491443469858211e+02 0.000000000000000000e+00 0.000000000000000000e+00 -3.721689271580430614e-02
1.857771197693511340e+03 -2.311098070270162680e+03 1.230637532213519023e+02 0.000000000000000000e+00 0.000000000000000000e+00 -2.010033395742993889e-02
2.282912406830118016e+03 -2.295775432782475036e+03 1.451778221377656735e+02 0.000000000000000000e+00 0.000000000000000000e+00 -3.974442072828310302e-02
2.067277930174441281e+03 -2.130773367670688458e+03 1.247043150398709770e+02 0.000000000000000000e+00 0.000000000000000000e+00 1.613578117463987383e-02
2.280889804889196057e+03 -1.957929577508987677e+03 1.288364201484330636e+02 0.000000000000000000e+00 0.000000000000000000e+00 6.382081389611471423e-02
1.895493742642759571e+03 -1.958508667074767118e+03 1.079708329389022765e+02 0.000000000000000000e+00 0.000000000000000000e+00 5.342748058481561202e-03
1.867886251031844722e+03 -1.637479218217690686e+03 9.369992451129240862e+01 0.000000000000000000e+00 0.000000000000000000e+00 -2.524995326652401673e-02
2.253001900245421893e+03 -1.652442551152512578e+03 1.148059732021116304e+02 0.000000000000000000e+00 0.000000000000000000e+00 -1.673983548610635808e-02
2.068479537356262881e+03 -1.416633625849127839e+03 9.636666121723862943e+01 0.000000000000000000e+00 0.000000000000000000e+00 2.387441599262274394e-02
2.260111160838285741e+03 -1.247263736682265062e+03 1.021143112543755507e+02 0.000000000000000000e+00 0.000000000000000000e+00 3.673610379453862151e-02
1.883562141102920350e+03 -1.258603620174060325e+03 8.221147150752557309e+01 0.000000000000000000e+00 0.000000000000000000e+00 -1.237583152590104874e-02
2.258654619275444929e+03 -9.269991375648380654e+02 9.433337182493548312e+01 0.000000000000000000e+00 0.000000000000000000e+00 3.568773518679790868e-03
1.897640408541973557e+03 -9.448313990214842306e+02 7.522159855202295375e+01 0.000000000000000000e+00 0.000000000000000000e+00 -1.943370256057619372e-02
2.087845544075091766e+03 -7.013913351170139094e+02 8.064978872511264285e+01 0.000000000000000000e+00 0.000000000000000000e+00 2.780701157035991855e-03
2.249018182582372901e+03 -5.408787670292933853e+02 8.762897729810713088e+01 0.000000000000000000e+00 0.000000000000000000e+00 -3.630761339677235355e-02
1.883737312409939705e+03 -5.429895524287911712e+02 6.798346947877740831e+01 0.000000000000000000e+00 0.000000000000000000e+00 -1.662262072669307145e-02
2.262534526840511717e+03 -2.261178274224776601e+02 8.598993371284443299e+01 0.000000000000000000e+00 0.000000000000000000e+00 2.679997323490113104e-02
1.899619761154755906e+03 -2.285471448262035494e+02 6.622335578960326075e+01 0.000000000000000000e+00 0.000000000000000000e+00 5.074663220329966862e-02
2.036676940597022394e+03 3.609565352321692444e+01 7.294980736448627567e+01 0.000000000000000000e+00 0.000000000000000000e+00 2.747057291348653507e-02
2.266486719703570543e+03 1.626094687179497953e+02 8.644268913593954551e+01 0.000000000000000000e+00 0.000000000000000000e+00 1.253723510826887377e-02
1.886317432608111858e+03 1.713652705222685881e+02 6.566969021617985902e+01 0.000000000000000000e+00 0.000000000000000000e+00 1.397864133048187796e-02
2.261956522409303489e+03 4.862037665309372301e+02 8.911942845963827153e+01 0.000000000000000000e+00 0.000000000000000000e+00 3.319746554242897219e-02
1.950632972566571425e+03 5.117565703628301890e+02 7.202678086573759231e+01 0.000000000000000000e+00 0.000000000000000000e+00 2.428149151624836577e-02
2.076061527553656560e+03 7.288644235774625031e+02 8.222361693599418686e+01 0.000000000000000000e+00 0.000000000000000000e+00 -7.269292232678026267e-03
2.253398986654625332e+03 8.957977901343081157e+02 9.602571346962207599e+01 0.000000000000000000e+00 0.000000000000000000e+00 -1.693581857200854301e-02
1.887937723881178727e+03 8.713400457567255444e+02 7.517750591597528853e+01 0.000000000000000000e+00 0.000000000000000000e+00 2.079144979619229616e-02
2.277326909583706311e+03 1.189068572277444218e+03 1.054098603055226278e+02 0.000000000000000000e+00 0.000000000000000000e+00 -1.379085407431546173e-02
1.871200519536466572e+03 1.190359348744352246e+03 8.266276353815797506e+01 0.000000000000000000e+00 0.000000000000000000e+00 -3.030047146906156286e-02
2.075362654803990608e+03 1.424188137715670791e+03 1.013736193281647218e+02 0.000000000000000000e+00 0.000000000000000000e+00 1.533772132975741442e-02
2.276423519844181101e+03 1.592942935883240580e+03 1.199214462955940377e+02 0.000000000000000000e+00 0.000000000000000000e+00 4.243036520094278785e-03
1.910452025097586784e+03 1.592114224882892131e+03 9.890331067856942582e+01 0.000000000000000000e+00 0.000000000000000000e+00 3.790266880301373931e-03
2.239719419122092404e+03 1.929120177238248289e+03 1.330683758878250842e+02 0.000000000000000000e+00 0.000000000000000000e+00 -3.570639090679605943e-02
1.889937192120510645e+03 1.898652403983634485e+03 1.115753334413821563e+02 0.000000000000000000e+00 0.000000000000000000e+00 1.206466758321766974e-02
2.075745136258002276e+03 2.152391017129495140e+03 1.351432996194604073e+02 0.000000000000000000e+00 0.000000000000000000e+00 2.201491619391049426e-02
2.263582866413264128e+03 2.293758313814859775e+03 1.548306003774023338e+02 0.000000000000000000e+00 0.000000000000000000e+00 2.727261412456982725e-02
1.860495346407650231e+03 2.283189714882143107e+03 1.309036802003405171e+02 0.000000000000000000e+00 0.000000000000000000e+00 2.350181178459820330e-02
2.964104771456109120e+03 1.654158272931701276e+03 1.725358514140112050e+02 0.000000000000000000e+00 0.000000000000000000e+00 1.390572848353599511e-02
2.597460526799901345e+03 1.665796143710139177e+03 1.446390176096962250e+02 0.000000000000000000e+00 0.000000000000000000e+00 -1.222488172680868956e-02
2.772609558615649803e+03 1.495525591520380885e+03 1.505384852650830112e+02 0.000000000000000000e+00 0.000000000000000000e+00 -3.025295856929233196e-02
2.967572648079145438e+03 1.246533799532972125e+03 1.568824830186857184e+02 0.000000000000000000e+00 0.000000000000000000e+00 -5.756644317261816468e-02
2.603152609950720944e+03 1.252157088430956037e+03 1.291165656990623916e+02 0.000000000000000000e+00 0.000000000000000000e+00 -1.377204461556402748e-02
2.952129716170958545e+03 9.222948214876581687e+02 1.460884086622109237e+02 0.000000000000000000e+00 0.000000000000000000e+00 7.951387906047102661e-03
2.582554900428706787e+03 9.403931507557922487e+02 1.186261357238440155e+02 0.000000000000000000e+00 0.000000000000000000e+00 8.899737081122793825e-04
2.777970110705212846e+03 7.080248697471519108e+02 1.277005230293505633e+02 0.000000000000000000e+00 0.000000000000000000e+00 -2.725581596357073977e-02
2.965098982581919699e+03 5.439241054437311504e+02 1.394312822009991635e+02 0.000000000000000000e+00 0.000000000000000000e+00 7.675791493369388263e-03
2.578595358612617929e+03 4.720203048181531358e+02 1.094419393318687810e+02 0.000000000000000000e+00 0.000000000000000000e+00 -3.358291573680105557e-02
2.978062051868317667e+03 2.100307987260041216e+02 1.366584513958750620e+02 0.000000000000000000e+00 0.000000000000000000e+00 2.129696289145499577e-02
2.586877378076046170e+03 1.684811179593171744e+02 1.071486374663056580e+02 0.000000000000000000e+00 0.000000000000000000e+00 -2.471712225167266297e-02
2.782950308745036637e+03 7.290783466110039512e+01 1.207807481331339972e+02 0.000000000000000000e+00 0.000000000000000000e+00 1.083697976079633918e-02
2.975589249999043659e+03 -1.541888543464352495e+02 1.354231444985579174e+02 0.000000000000000000e+00 0.000000000000000000e+00 -1.847537531557463808e-02
2.626291579917784929e+03 -2.192583989122865944e+02 1.094604370309334485e+02 0.000000000000000000e+00 0.000000000000000000e+00 -3.573760017690119639e-02
2.983240314363400103e+03 -5.539935738962267351e+02 1.385878430211438115e+02 0.000000000000000000e+00 0.000000000000000000e+00 -1.813627455234723129e-02
2.574193083674957052e+03 -5.461024407775656755e+02 1.083022997178769629e+02 0.000000000000000000e+00 0.000000000000000000e+00 -2.390865177972045785e-03
2.779176716270854740e+03 -6.387941475375833988e+02 1.239672662865737465e+02 0.000000000000000000e+00 0.000000000000000000e+00 1.008944375639941882e-02
2.986493931799244365e+03 -8.811005426616412706e+02 1.437723279722469272e+02 0.000000000000000000e+00 0.000000000000000000e+00 -3.233010601471164591e-02
2.623085790777784496e+03 -9.294806468756900131e+02 1.177027851214408827e+02 0.000000000000000000e+00 0.000000000000000000e+00 2.973524730083454415e-02
2.951184914171258697e+03 -1.208840309002037657e+03 1.484580464164503439e+02 0.000000000000000000e+00 0.000000000000000000e+00 -4.885112422286397305e-02
2.587232382486693496e+03 -1.260425558327363660e+03 1.232215250981531369e+02 0.000000000000000000e+00 0.000000000000000000e+00 -9.166278732081423186e-03
2.773324023823065090e+03 -1.351789257800569658e+03 1.390176090314738531e+02 0.000000000000000000e+00 0.000000000000000000e+00 -5.490987964162741264e-02
2.953667593383086114e+03 -1.583696308177423361e+03 1.603119206995463628e+02 0.000000000000000000e+00 0.000000000000000000e+00 5.433344226202052596e-02
2.601723141169443352e+03 -1.596139833686505654e+03 1.349030433866819294e+02 0.000000000000000000e+00 0.000000000000000000e+00 -3.295837934962264626e-02
