0.005422 19.873667
0.007986 29.272473
0.006045 38.671280
0.006748 48.070086
0.007544 57.468893
0.006723 66.867699
0.006282 76.266505
0.007573 85.665312
0.007920 95.064118
0.006341 104.462925
0.007341 113.861731
0.007118 123.260537
0.006968 132.659344
0.007427 142.058150
0.007955 151.456957
0.008040 160.855763
0.008600 170.254569
0.008115 179.653376
0.008854 189.052182
0.009236 198.450989
0.008135 207.849795
0.008081 217.248601
0.007829 226.647408
0.008116 236.046214
0.007887 245.445020
0.008165 254.843827
0.009017 264.242633
0.007923 273.641440
0.007596 283.040246
0.009376 292.439052
0.008904 301.837859
0.008554 311.236665
0.008376 320.635472
0.008625 330.034278
0.008549 339.433084
0.008819 348.831891
0.007962 358.230697
0.008123 367.629504
0.007221 377.028310
0.009515 386.427116
0.008774 395.825923
0.009084 405.224729
0.008165 414.623536
0.008165 424.022342
0.007604 433.421148
0.008463 442.819955
0.008356 452.218761
0.006745 461.617568
0.008185 471.016374
0.008191 480.415180
0.008367 489.813987
0.007465 499.212793
0.007867 508.611600
0.009459 518.010406
0.007503 527.409212
0.007189 536.808019
0.009419 546.206825
0.009063 555.605632
0.007752 565.004438
0.007989 574.403244
0.008811 583.802051
0.007701 593.200857
0.007777 602.599664
0.007965 611.998470
0.007866 621.397276
0.009251 630.796083
0.008447 640.194889
0.007764 649.593696
0.007412 658.992502
0.008145 668.391308
0.008075 677.790115
0.008656 687.188921
0.008015 696.587728
0.007820 705.986534
0.008642 715.385340
0.008068 724.784147
0.007489 734.182953
0.006460 743.581760
0.009081 752.980566
0.008469 762.379372
0.006603 771.778179
0.010390 781.176985
0.005600 790.575792
0.011097 799.974598
0.005571 809.373404
0.008267 818.772211
0.004278 828.171017
0.010856 837.569823
0.006596 846.968630
0.004568 856.367436
0.004531 865.766243
0.006801 875.165049
0.006096 884.563855
0.000467 893.962662
0.015465 903.361468
0.005385 912.760275
nan 922.159081
0.005364 931.557887
nan 940.956694
0.002484 950.355500
