0.002003 25.261394
nan 33.230227
0.005302 41.199060
0.004928 49.167894
nan 57.136727
0.006499 65.105560
0.008039 73.074394
0.004288 81.043227
0.008007 89.012060
0.013826 96.980894
0.008533 104.949727
0.006342 112.918560
0.007803 120.887394
0.006442 128.856227
0.000539 136.825060
0.001246 144.793894
0.001896 152.762727
nan 160.731560
nan 168.700393
nan 176.669227
nan 184.638060
nan 192.606893
nan 200.575727
nan 208.544560
nan 216.513393
0.010783 224.482227
0.003284 232.451060
nan 240.419893
0.008839 248.388727
0.003286 256.357560
0.003977 264.326393
0.001158 272.295226
nan 280.264060
0.007641 288.232893
0.004360 296.201726
0.003880 304.170560
0.004327 312.139393
0.008211 320.108226
0.003733 328.077060
0.001653 336.045893
0.005500 344.014726
0.007226 351.983560
0.009347 359.952393
0.006184 367.921226
0.017373 375.890060
nan 383.858893
0.008188 391.827726
0.005773 399.796559
0.007624 407.765393
0.008740 415.734226
0.009399 423.703059
nan 431.671893
0.007038 439.640726
0.007427 447.609559
0.010056 455.578393
0.014371 463.547226
0.008243 471.516059
0.008142 479.484893
0.008516 487.453726
0.001340 495.422559
0.013136 503.391392
0.009786 511.360226
0.014404 519.329059
0.005199 527.297892
0.004209 535.266726
0.008861 543.235559
0.008032 551.204392
0.004532 559.173226
0.008498 567.142059
0.003138 575.110892
0.010024 583.079726
0.006238 591.048559
0.008442 599.017392
nan 606.986226
0.004433 614.955059
0.014209 622.923892
0.004175 630.892725
0.011095 638.861559
0.006346 646.830392
0.011156 654.799225
0.010941 662.768059
nan 670.736892
0.004564 678.705725
0.008048 686.674559
0.006932 694.643392
0.003614 702.612225
0.000961 710.581059
0.009571 718.549892
0.002924 726.518725
0.007375 734.487558
nan 742.456392
0.001549 750.425225
nan 758.394058
0.001291 766.362892
nan 774.331725
nan 782.300558
0.011553 790.269392
nan 798.238225
nan 806.207058
0.005527 814.175892
