# x y z x_res y_res z_res
2.813270654784476392e+03 2.533869336227185613e+03 -1.184482972081950720e+02 0.000000000000000000e+00 0.000000000000000000e+00 -9.322715548999838120e-02
2.470653338903699932e+03 2.478592750877222443e+03 -1.034098182962137855e+02 0.000000000000000000e+00 0.000000000000000000e+00 -4.519905881252839208e-02
2.658356161161948876e+03 2.326951296409001770e+03 -1.063189827844103945e+02 0.000000000000000000e+00 0.000000000000000000e+00 1.261690209821040298e-01
2.473991971181139888e+03 2.061401406023768686e+03 -9.239366210222975440e+01 0.000000000000000000e+00 0.000000000000000000e+00 -4.156571475753878531e-02
2.853507223720436286e+03 2.078647040675524750e+03 -1.079439227455394814e+02 0.000000000000000000e+00 0.000000000000000000e+00 -1.439323416788340637e-02
2.855810915277867025e+03 1.742534658703828882e+03 -1.005443793313727525e+02 0.000000000000000000e+00 0.000000000000000000e+00 7.109010817472949384e-03
2.477560167885292230e+03 1.735520613247999790e+03 -8.520421003058882548e+01 0.000000000000000000e+00 0.000000000000000000e+00 1.966839017669030909e-02
2.661854187756925512e+03 1.571130843859446486e+03 -8.915436191320222292e+01 0.000000000000000000e+00 0.000000000000000000e+00 -2.971726958338649638e-02
2.477999163956801112e+03 1.317454236608769861e+03 -7.763545338283358888e+01 0.000000000000000000e+00 0.000000000000000000e+00 4.699060625428330695e-02
2.853677456472764788e+03 1.322705669810007294e+03 -9.291624445320604764e+01 0.000000000000000000e+00 0.000000000000000000e+00 8.614522785194367316e-03
2.859505375311180615e+03 9.935792041564420742e+02 -8.870559414983560487e+01 0.000000000000000000e+00 0.000000000000000000e+00 7.045481319906343742e-03
2.489727075607534971e+03 9.885104658053842286e+02 -7.356838215535469772e+01 0.000000000000000000e+00 0.000000000000000000e+00 -3.256727565462824714e-02
2.672170803876708760e+03 8.278829223040526131e+02 -7.905178929993782333e+01 0.000000000000000000e+00 0.000000000000000000e+00 -7.674605556047708887e-03
2.487109130245235519e+03 6.223056508221858394e+02 -6.997646720374373785e+01 0.000000000000000000e+00 0.000000000000000000e+00 -7.598795127464086363e-03
2.856602546115375844e+03 5.799204133638855865e+02 -8.480187690505114517e+01 0.000000000000000000e+00 0.000000000000000000e+00 6.233837301707012557e-03
2.865518890209311849e+03 2.932173722431256238e+02 -8.378296693694110786e+01 0.000000000000000000e+00 0.000000000000000000e+00 9.284757832546119971e-04
2.495635862910715332e+03 2.379887402446482270e+02 -6.839730707222169315e+01 0.000000000000000000e+00 0.000000000000000000e+00 1.312363556422724287e-02
2.672223267758909515e+03 1.284019345675361876e+02 -7.522202477697091183e+01 0.000000000000000000e+00 0.000000000000000000e+00 1.926064395473758850e-02
2.492603347194990420e+03 -1.253090001147208454e+02 -6.814935259693211833e+01 0.000000000000000000e+00 0.000000000000000000e+00 1.822196807839304711e-02
2.867512869437349309e+03 -1.201694878924118655e+02 -8.360034540247471568e+01 0.000000000000000000e+00 0.000000000000000000e+00 5.685008748240250043e-02
2.507740529702393815e+03 -5.055232977074371661e+02 -7.034862960398575638e+01 0.000000000000000000e+00 0.000000000000000000e+00 -1.318647459757471552e-02
2.679821165341913911e+03 -6.249544523430733989e+02 -7.811553430159125355e+01 0.000000000000000000e+00 0.000000000000000000e+00 2.605089823887851708e-03
2.504120682622169170e+03 -8.756120348321592246e+02 -7.349930488886519697e+01 0.000000000000000000e+00 0.000000000000000000e+00 -1.497077981275651837e-02
2.851563019760122643e+03 -8.936516349484033981e+02 -8.800437544957610214e+01 0.000000000000000000e+00 0.000000000000000000e+00 -2.854631642564697813e-02
2.878402003645970581e+03 -1.200738563205862192e+03 -9.321960871123923198e+01 0.000000000000000000e+00 0.000000000000000000e+00 1.144069147800053088e-01
2.504482177617437173e+03 -1.213231507383880398e+03 -7.798998153037389613e+01 0.000000000000000000e+00 0.000000000000000000e+00 1.522815480252859288e-02
2.665438140308966922e+03 -1.396337802639959136e+03 -8.738805641695094550e+01 0.000000000000000000e+00 0.000000000000000000e+00 5.743878347992392719e-02
2.504384131652232554e+03 -1.633361205183603943e+03 -8.549843538182135205e+01 0.000000000000000000e+00 0.000000000000000000e+00 1.719933511802196335e-02
2.854364210748502501e+03 -1.646427201438138127e+03 -1.000490157805918443e+02 0.000000000000000000e+00 0.000000000000000000e+00 1.048101458991368418e-02
2.874702690144512871e+03 -1.949481712643757419e+03 -1.076103180692692263e+02 0.000000000000000000e+00 0.000000000000000000e+00 -1.854669398127271052e-01
2.517888920261461408e+03 -1.954084372631341012e+03 -9.317143307589977042e+01 0.000000000000000000e+00 0.000000000000000000e+00 9.213835030465133968e-03
2.682094461656478416e+03 -2.120469107654465461e+03 -1.038113906660677230e+02 0.000000000000000000e+00 0.000000000000000000e+00 -6.107714224276605819e-02
2.880739167683592314e+03 -2.376150746537602117e+03 -1.190308454012201480e+02 0.000000000000000000e+00 0.000000000000000000e+00 1.373503075750193148e-02
2.511788368553203782e+03 -2.380319645217115976e+03 -1.042891444086358490e+02 0.000000000000000000e+00 0.000000000000000000e+00 1.452488319962697005e-02
2.227251797582091058e+03 -3.121477577829567508e+03 -1.188105433451889610e+02 0.000000000000000000e+00 0.000000000000000000e+00 3.495867710977051956e-02
1.870362553692099254e+03 -3.131748970041968732e+03 -1.083109102585287218e+02 0.000000000000000000e+00 0.000000000000000000e+00 -5.814797575436614352e-02
2.038356566510458379e+03 -2.927525695599312257e+03 -1.057468690047682855e+02 0.000000000000000000e+00 0.000000000000000000e+00 6.698930327398500140e-02
1.847141174043124920e+03 -2.759577453933080506e+03 -9.429005309169802729e+01 0.000000000000000000e+00 0.000000000000000000e+00 -2.133123871584530207e-02
2.221128711374367867e+03 -2.757013138688375875e+03 -1.057150161527282535e+02 0.000000000000000000e+00 0.000000000000000000e+00 6.047683218227462021e-03
2.216066758633761310e+03 -2.428975983813131279e+03 -9.514134553966954400e+01 0.000000000000000000e+00 0.000000000000000000e+00 2.915272239172850277e-02
1.845612430622367810e+03 -2.433323644276966206e+03 -8.375869966009256018e+01 0.000000000000000000e+00 0.000000000000000000e+00 5.485717854173799424e-02
2.216861943929190602e+03 -2.011124455284728356e+03 -8.366709765926151476e+01 0.000000000000000000e+00 0.000000000000000000e+00 4.512466970297168700e-03
1.842304225355172775e+03 -2.019958485070113511e+03 -7.212992745386324600e+01 0.000000000000000000e+00 0.000000000000000000e+00 1.473553416778372593e-02
1.831930179727253062e+03 -1.688086554193205302e+03 -6.404736579197253832e+01 0.000000000000000000e+00 0.000000000000000000e+00 -7.844381219418039564e-02
2.207216424376244049e+03 -1.682462267653602339e+03 -7.572891557842663701e+01 0.000000000000000000e+00 0.000000000000000000e+00 4.923920697765993282e-02
2.021364449730642036e+03 -1.436473032871160740e+03 -6.476213322729401511e+01 0.000000000000000000e+00 0.000000000000000000e+00 -9.586758942916162596e-03
1.831986235331515445e+03 -1.273782035360407008e+03 -5.622980020509906751e+01 0.000000000000000000e+00 0.000000000000000000e+00 -1.908379553605499268e-02
2.208423958895093620e+03 -1.263061909523790291e+03 -6.795860201915901655e+01 0.000000000000000000e+00 0.000000000000000000e+00 -2.385062041537366895e-02
2.210464425441114145e+03 -9.313607120318991974e+02 -6.338737139182408953e+01 0.000000000000000000e+00 0.000000000000000000e+00 -1.418588872459025652e-02
1.806582733699163100e+03 -9.342094459804292228e+02 -5.069338732479494070e+01 0.000000000000000000e+00 0.000000000000000000e+00 -2.237353012754539350e-02
2.004051716051197900e+03 -6.860842356633769441e+02 -5.402398481352537374e+01 0.000000000000000000e+00 0.000000000000000000e+00 -5.310606479264379232e-02
2.198213220339450800e+03 -5.163444986180298883e+02 -5.909104882274701964e+01 0.000000000000000000e+00 0.000000000000000000e+00 -9.885317610198285365e-03
1.821057836056711267e+03 -5.224995314729472966e+02 -4.723163521350932115e+01 0.000000000000000000e+00 0.000000000000000000e+00 1.222397182435486229e-02
1.819448045248323524e+03 -1.867536408274332018e+02 -4.561378275013895234e+01 0.000000000000000000e+00 0.000000000000000000e+00 -3.878515386556102840e-02
2.192708714955617779e+03 -1.800510744543450130e+02 -5.734484393127830515e+01 0.000000000000000000e+00 0.000000000000000000e+00 -1.086415036623122887e-02
2.005487962207155306e+03 5.916670945518477254e+01 -5.095365576111267103e+01 0.000000000000000000e+00 0.000000000000000000e+00 -2.551785229009340128e-03
1.813870579679039565e+03 2.308126205947253595e+02 -4.548514529346670798e+01 0.000000000000000000e+00 0.000000000000000000e+00 3.822271012683842173e-02
2.190103524525912690e+03 2.379289865671146060e+02 -5.729086443801825368e+01 0.000000000000000000e+00 0.000000000000000000e+00 -3.741202378892438674e-02
2.193070025028974214e+03 5.688852923972375493e+02 -5.895889677428574771e+01 0.000000000000000000e+00 0.000000000000000000e+00 -4.459698148515656158e-02
1.815268219984162442e+03 5.627312255598883439e+02 -4.710795944309779060e+01 0.000000000000000000e+00 0.000000000000000000e+00 -7.297428462310762143e-02
1.992582332854322431e+03 8.199908241874113628e+02 -5.453544202525030471e+01 0.000000000000000000e+00 0.000000000000000000e+00 -9.764450384523115645e-03
1.806892562579255127e+03 9.759852069005467001e+02 -5.074858791074242959e+01 0.000000000000000000e+00 0.000000000000000000e+00 1.271531631645927973e-02
2.191813292859851117e+03 9.903367601811495433e+02 -6.285855280807115264e+01 0.000000000000000000e+00 0.000000000000000000e+00 1.477524922204054292e-02
2.184006579172051261e+03 1.315680934834163963e+03 -6.711138132275462453e+01 0.000000000000000000e+00 0.000000000000000000e+00 -6.559010593321090710e-05
1.809476977696317135e+03 1.315940720417987450e+03 -5.557407582963277548e+01 0.000000000000000000e+00 0.000000000000000000e+00 -2.421474927236033636e-02
1.990841124507477616e+03 1.573267282284078192e+03 -6.540048190581360643e+01 0.000000000000000000e+00 0.000000000000000000e+00 2.742970745173067826e-02
1.802093647836044283e+03 1.732477401967740207e+03 -6.308100822085039994e+01 0.000000000000000000e+00 0.000000000000000000e+00 4.511435891272697063e-02
2.177626260614931198e+03 1.738209405112426793e+03 -7.464654834581114073e+01 0.000000000000000000e+00 0.000000000000000000e+00 1.745929530547130071e-02
2.178257192884613687e+03 2.070918986608848172e+03 -8.223821427968374564e+01 0.000000000000000000e+00 0.000000000000000000e+00 -9.405819145229088463e-03
1.804396648291593237e+03 2.070971061247726084e+03 -7.091568336059654598e+01 0.000000000000000000e+00 0.000000000000000000e+00 7.355374537723946560e-02
1.988677333074303760e+03 2.324026303859293421e+03 -8.288483007893449894e+01 0.000000000000000000e+00 0.000000000000000000e+00 -5.030417962780120433e-02
1.799785118057475756e+03 2.488683625841760659e+03 -8.219563442645673490e+01 0.000000000000000000e+00 0.000000000000000000e+00 -2.874222882587673666e-02
2.171750579402004860e+03 2.497344158885810430e+03 -9.357959001280275402e+01 0.000000000000000000e+00 0.000000000000000000e+00 -1.138267652596880453e-02
2.168290332283016141e+03 2.819971597796395145e+03 -1.035617786597476169e+02 0.000000000000000000e+00 0.000000000000000000e+00 7.557598395260356483e-02
1.787616263570351975e+03 2.813062737149876284e+03 -9.207955320802052768e+01 0.000000000000000000e+00 0.000000000000000000e+00 -1.325318089814686573e-02
1.970063929012665085e+03 3.072212624801979928e+03 -1.061691866961035657e+02 0.000000000000000000e+00 0.000000000000000000e+00 5.035911491336264589e-02
1.783635333916399986e+03 3.228114624308053862e+03 -1.067242625319339879e+02 0.000000000000000000e+00 0.000000000000000000e+00 4.994420916669639610e-02
2.147658463136694081e+03 3.248609448968331435e+03 -1.180713384327994504e+02 0.000000000000000000e+00 0.000000000000000000e+00 -1.084149801471312458e-04
8.774730790942306839e+02 -2.446686794093521257e+03 -6.366623138727540265e+01 0.000000000000000000e+00 0.000000000000000000e+00 1.207643961254944998e-02
5.023848258304236083e+02 -2.444386247638898112e+03 -5.952060023248388632e+01 0.000000000000000000e+00 0.000000000000000000e+00 -8.575145013743679101e-03
6.858280928151650642e+02 -2.195786205653914749e+03 -5.388510995329330910e+01 0.000000000000000000e+00 0.000000000000000000e+00 5.473011616130207813e-02
8.611247619015935015e+02 -2.015523827934232031e+03 -5.117757087666750238e+01 0.000000000000000000e+00 0.000000000000000000e+00 8.591810439811098377e-02
4.986072871116157330e+02 -2.034500468444705803e+03 -4.775370027805396944e+01 0.000000000000000000e+00 0.000000000000000000e+00 4.798373721703796946e-02
4.972424727218928524e+02 -1.696718215693781531e+03 -3.963381589439271124e+01 0.000000000000000000e+00 0.000000000000000000e+00 -1.041432310056151778e-01
8.794500772131531221e+02 -1.685024662438047017e+03 -4.358067062517356050e+01 0.000000000000000000e+00 0.000000000000000000e+00 -8.774673631712914812e-02
6.954713582143785970e+02 -1.442492196540802524e+03 -3.637764799026116691e+01 0.000000000000000000e+00 0.000000000000000000e+00 -4.843186297520674088e-04
5.051588487648525643e+02 -1.278956334102794244e+03 -3.167073329873292664e+01 0.000000000000000000e+00 0.000000000000000000e+00 -4.423837021240473177e-02
8.744538164471664459e+02 -1.262350125068979651e+03 -3.548185382175270774e+01 0.000000000000000000e+00 0.000000000000000000e+00 3.850133494177754301e-02
8.785584604989471700e+02 -9.495699428051524364e+02 -3.107082252251824883e+01 0.000000000000000000e+00 0.000000000000000000e+00 -1.132423403013440577e-01
4.941699545295304006e+02 -9.439976986016574756e+02 -2.676789344821556682e+01 0.000000000000000000e+00 0.000000000000000000e+00 -7.239241604388269025e-03
6.765353645372837263e+02 -6.940165946220082560e+02 -2.583576475328036537e+01 0.000000000000000000e+00 0.000000000000000000e+00 -3.834360897349142761e-02
4.885956172064602470e+02 -5.314319071882840717e+02 -2.278927083936700626e+01 0.000000000000000000e+00 0.000000000000000000e+00 -2.775736083760094175e-02
8.786895210394205833e+02 -5.215197921295230117e+02 -2.700102430160481148e+01 0.000000000000000000e+00 0.000000000000000000e+00 -2.121834925521781656e-02
8.752969035748537863e+02 -1.894857180253675608e+02 -2.542172760324136505e+01 0.000000000000000000e+00 0.000000000000000000e+00 -7.337978810848966305e-02
4.964975923397726092e+02 -1.986561612556208161e+02 -2.128258838591471047e+01 0.000000000000000000e+00 0.000000000000000000e+00 -3.030861881893898158e-02
6.809193887939928800e+02 2.997000925619779110e+01 -2.276899143863784403e+01 0.000000000000000000e+00 0.000000000000000000e+00 -2.793767625653131859e-02
4.919741002926271563e+02 2.073184772778814420e+02 -2.126156510225669294e+01 0.000000000000000000e+00 0.000000000000000000e+00 -5.755194366315663501e-03
8.631742709612382214e+02 2.248361904841946739e+02 -2.532494579791898914e+01 0.000000000000000000e+00 0.000000000000000000e+00 -8.490482225944617767e-04
8.676650806757169221e+02 5.489893333934418251e+02 -2.696375960865355026e+01 0.000000000000000000e+00 0.000000000000000000e+00 3.550176955709360982e-03
4.888564625685521605e+02 5.498277842176787544e+02 -2.288333721065223969e+01 0.000000000000000000e+00 0.000000000000000000e+00 2.872731250310778250e-02
6.690254788884769823e+02 8.088863252451432118e+02 -2.676430708745022713e+01 0.000000000000000000e+00 0.000000000000000000e+00 -2.330093515857356579e-02
4.864252116011570024e+02 9.629329773927095175e+02 -2.681210669888169562e+01 0.000000000000000000e+00 0.000000000000000000e+00 -3.947849852488971578e-02
8.535832995097583762e+02 9.790117450095690401e+02 -3.089701150092050241e+01 0.000000000000000000e+00 0.000000000000000000e+00 4.198725276474490897e-02
8.581915611565887048e+02 1.307737061813848868e+03 -3.565240309997968637e+01 0.000000000000000000e+00 0.000000000000000000e+00 -5.427288463749846414e-03
4.923513606446778113e+02 1.300267072470735002e+03 -3.164773857617922914e+01 0.000000000000000000e+00 0.000000000000000000e+00 -1.898665407982491615e-02
6.571157669391885747e+02 1.553013114325945935e+03 -3.762690191000903184e+01 0.000000000000000000e+00 0.000000000000000000e+00 -6.749322772864019271e-02
4.720919210503462864e+02 1.720706519414339255e+03 -3.939863868534392566e+01 0.000000000000000000e+00 0.000000000000000000e+00 -4.406621505695795804e-02
8.503916021266434200e+02 1.723768898635920777e+03 -4.336441589353020731e+01 0.000000000000000000e+00 0.000000000000000000e+00 -4.435623161693058591e-02
8.387874613065579297e+02 2.057174078286049280e+03 -5.096089525864316272e+01 0.000000000000000000e+00 0.000000000000000000e+00 -3.280802404297844532e-03
4.628359218641477923e+02 2.037545767867800805e+03 -4.667888236992429540e+01 0.000000000000000000e+00 0.000000000000000000e+00 -4.816112253519833075e-02
6.461647960696082009e+02 2.294653665717189597e+03 -5.506923655570169274e+01 0.000000000000000000e+00 0.000000000000000000e+00 -4.461986290577613090e-02
4.564992504457684959e+02 2.467482758060682954e+03 -5.847249177928079433e+01 0.000000000000000000e+00 0.000000000000000000e+00 -5.938340218474280618e-02
8.337087716714866019e+02 2.472311843536269862e+03 -6.234840211383928477e+01 0.000000000000000000e+00 0.000000000000000000e+00 2.909058580313228504e-02
8.373150046214191207e+02 2.799682241345362854e+03 -7.280529393958317996e+01 0.000000000000000000e+00 0.000000000000000000e+00 4.143886909683658359e-02
4.641297366924644621e+02 2.795375271494332083e+03 -6.896793112347201316e+01 0.000000000000000000e+00 0.000000000000000000e+00 -6.708033850672734388e-02
6.389170635272813570e+02 3.043743620092058791e+03 -7.912990783370443637e+01 0.000000000000000000e+00 0.000000000000000000e+00 1.226086529362646615e-02
4.431597823242365166e+02 3.209096916641359257e+03 -8.369881544787574512e+01 0.000000000000000000e+00 0.000000000000000000e+00 -4.926285221164050654e-02
8.190087571510259750e+02 3.221287123465559034e+03 -8.773062277508464035e+01 0.000000000000000000e+00 0.000000000000000000e+00 -4.950193269577596311e-02
1.502511045777704794e+03 3.238877356409447202e+03 -1.002666786929081582e+02 0.000000000000000000e+00 0.000000000000000000e+00 4.009101083939015098e-02
1.129482388869067563e+03 3.228551809431147376e+03 -9.254283467094781201e+01 0.000000000000000000e+00 0.000000000000000000e+00 -8.370658247258688789e-04
1.301013515826483172e+03 3.063359171154028900e+03 -8.951355072325060291e+01 0.000000000000000000e+00 0.000000000000000000e+00 -1.972778644231709677e-02
1.127269152454912728e+03 2.815776906112969755e+03 -7.766588883021046286e+01 0.000000000000000000e+00 0.000000000000000000e+00 1.147348790007640673e-02
1.512931401055342349e+03 2.818953112842714745e+03 -8.546155003410365225e+01 0.000000000000000000e+00 0.000000000000000000e+00 -1.006161446794351377e-02
1.505338071875435162e+03 2.481085129917080394e+03 -7.459347771538865857e+01 0.000000000000000000e+00 0.000000000000000000e+00 2.831384838769679391e-02
1.127044811479006512e+03 2.470065196818385175e+03 -6.667949290123183914e+01 0.000000000000000000e+00 0.000000000000000000e+00 4.440903512390548258e-02
1.326093335305025221e+03 2.315393727871834017e+03 -6.594018186965936934e+01 0.000000000000000000e+00 0.000000000000000000e+00 -1.433766408763403888e-02
1.510228898294047895e+03 2.059075984883115325e+03 -6.315689888934234375e+01 0.000000000000000000e+00 0.000000000000000000e+00 5.995189920851373699e-02
1.138159234160450296e+03 2.060069891317653855e+03 -5.560318684860853011e+01 0.000000000000000000e+00 0.000000000000000000e+00 -4.618729403695454039e-03
1.138472202241362993e+03 1.728218559502474818e+03 -4.791396420126587685e+01 0.000000000000000000e+00 0.000000000000000000e+00 7.910794152664379908e-03
1.508317962196919098e+03 1.730566338623864794e+03 -5.554544135482372269e+01 0.000000000000000000e+00 0.000000000000000000e+00 7.884693489486949147e-03
1.320422239753819667e+03 1.566004106260012577e+03 -4.810628029321322430e+01 0.000000000000000000e+00 0.000000000000000000e+00 -1.232839000876140290e-02
1.137755565980353140e+03 1.302604191634445669e+03 -3.994293400391055116e+01 0.000000000000000000e+00 0.000000000000000000e+00 2.548343875966452288e-02
1.505231552908764115e+03 1.317853177044079985e+03 -4.777214615722207469e+01 0.000000000000000000e+00 0.000000000000000000e+00 2.288692124674440720e-02
1.520628971650045060e+03 9.844145767134848484e+02 -4.341180393913706581e+01 0.000000000000000000e+00 0.000000000000000000e+00 -1.752506229603767451e-02
1.137714324063983668e+03 9.843668613034648160e+02 -3.542187164577319436e+01 0.000000000000000000e+00 0.000000000000000000e+00 -1.782783383877273309e-02
1.333185427917021798e+03 8.117338629569378554e+02 -3.729551109294087041e+01 0.000000000000000000e+00 0.000000000000000000e+00 2.361301306699203906e-03
1.150518843129106017e+03 5.668479291012490648e+02 -3.161441072488322845e+01 0.000000000000000000e+00 0.000000000000000000e+00 4.415620481559301425e-03
1.520284959373365837e+03 5.644660291407133172e+02 -3.939385096723591317e+01 0.000000000000000000e+00 0.000000000000000000e+00 -1.144074566414587935e-02
1.529641603009162054e+03 2.348904980189035427e+02 -3.800862452226176202e+01 0.000000000000000000e+00 0.000000000000000000e+00 -3.707959195971000099e-03
1.151668361312396655e+03 2.199774878441634769e+02 -2.993765541733714031e+01 0.000000000000000000e+00 0.000000000000000000e+00 1.454284668915306611e-02
1.330233830986946487e+03 6.459587167333657476e+01 -3.319235626268263673e+01 0.000000000000000000e+00 0.000000000000000000e+00 -1.548574203647490322e-02
1.529719968493272290e+03 -1.865665628819196513e+02 -3.794509524707305559e+01 0.000000000000000000e+00 0.000000000000000000e+00 2.429950680935633045e-02
1.149480116417983936e+03 -1.948955857645439380e+02 -2.986848241451292196e+01 0.000000000000000000e+00 0.000000000000000000e+00 -2.109275032434965169e-02
1.158172692491127691e+03 -5.258525721341709414e+02 -3.158266593946398615e+01 0.000000000000000000e+00 0.000000000000000000e+00 -5.251284784745635648e-02
1.532378139691443721e+03 -5.116516984281810778e+02 -3.950004128351580590e+01 0.000000000000000000e+00 0.000000000000000000e+00 -3.484437124900097160e-02
1.338032921986743531e+03 -6.797238262842482754e+02 -3.636424111069093357e+01 0.000000000000000000e+00 0.000000000000000000e+00 -5.503806768683006112e-02
1.166333910461668893e+03 -9.403027209358257323e+02 -3.566395933942649776e+01 0.000000000000000000e+00 0.000000000000000000e+00 2.504224528538401273e-02
1.533213564643944665e+03 -9.474497785952135018e+02 -4.363239469677847637e+01 0.000000000000000000e+00 0.000000000000000000e+00 -1.811875849625721457e-03
1.532878061216520109e+03 -1.259798012609074704e+03 -4.805917073201342760e+01 0.000000000000000000e+00 0.000000000000000000e+00 7.815547355228602555e-03
1.165531225494319642e+03 -1.274122419795484348e+03 -4.041688590457158625e+01 0.000000000000000000e+00 0.000000000000000000e+00 8.417968120539853771e-03
1.347866908361703508e+03 -1.437277852891610110e+03 -4.690747500715152540e+01 0.000000000000000000e+00 0.000000000000000000e+00 -3.762648470470253415e-03
1.167584043978436057e+03 -1.686190321658251833e+03 -4.829777776398687195e+01 0.000000000000000000e+00 0.000000000000000000e+00 9.988006565698981376e-03
1.536270764969933225e+03 -1.695381751954036190e+03 -5.638229370486651248e+01 0.000000000000000000e+00 0.000000000000000000e+00 -1.005374929257101257e-01
1.545136328355874866e+03 -2.015057126178981889e+03 -6.414452956518540816e+01 0.000000000000000000e+00 0.000000000000000000e+00 -3.625628699310823322e-02
1.172650332604553114e+03 -2.023596637912687129e+03 -5.640016315608004049e+01 0.000000000000000000e+00 0.000000000000000000e+00 -2.275086270599757654e-02
1.349367268988302158e+03 -2.193542204167927139e+03 -6.446539297349588082e+01 0.000000000000000000e+00 0.000000000000000000e+00 -3.218657610837283300e-02
1.178715957920938081e+03 -2.445654607609729737e+03 -6.848863804817233358e+01 0.000000000000000000e+00 0.000000000000000000e+00 2.895049508202873767e-02
1.531600615562992971e+03 -2.430497486323647991e+03 -7.547462909795291353e+01 0.000000000000000000e+00 0.000000000000000000e+00 -2.556369350104148452e-02
1.552464856668304265e+03 -2.771636924088990327e+03 -8.704360951248702349e+01 0.000000000000000000e+00 0.000000000000000000e+00 -5.756188427351105474e-02
1.177259810822650934e+03 -2.774914841190930929e+03 -7.926291091267692934e+01 0.000000000000000000e+00 0.000000000000000000e+00 1.470064791465119924e-02
1.370760793728815088e+03 -2.933272908740314506e+03 -8.868062658262405762e+01 0.000000000000000000e+00 0.000000000000000000e+00 4.112776022007835763e-02
1.205407798283872125e+03 -3.175190598038796452e+03 -9.453431007363086280e+01 0.000000000000000000e+00 0.000000000000000000e+00 -3.140237700014836264e-02
1.563734267762278250e+03 -3.182853295201423407e+03 -1.023516134666763691e+02 0.000000000000000000e+00 0.000000000000000000e+00 -1.399772020266709660e-02
8.995569040645747236e+02 -3.182888240605852388e+03 -8.992138987422563901e+01 0.000000000000000000e+00 0.000000000000000000e+00 -1.529229942124743502e-02
5.169724938857602865e+02 -3.190986394785415087e+03 -8.608395711658336324e+01 0.000000000000000000e+00 0.000000000000000000e+00 9.167976527209020787e-03
6.954964821306513159e+02 -2.938971116133050600e+03 -7.813529004774632369e+01 0.000000000000000000e+00 0.000000000000000000e+00 3.052492001744155914e-02
5.192116344798879481e+02 -2.774643688148508318e+03 -7.057390792603348473e+01 0.000000000000000000e+00 0.000000000000000000e+00 -2.734177114135150077e-02
8.894249735308316076e+02 -2.771415624455177294e+03 -7.452591788462397915e+01 0.000000000000000000e+00 0.000000000000000000e+00 -3.310149244653359801e-02
1.729269653613526714e+02 3.221529845560298327e+03 -8.292158452485260511e+01 0.000000000000000000e+00 0.000000000000000000e+00 1.490783521109051435e-02
-2.041975012281922943e+02 3.215093523931992422e+03 -8.276360948236316517e+01 0.000000000000000000e+00 0.000000000000000000e+00 4.908766799616159915e-03
-2.917441000078171598e+01 3.056446806738150372e+03 -7.651373959204426001e+01 0.000000000000000000e+00 0.000000000000000000e+00 -7.623714678473447748e-03
-1.909701742526474106e+02 2.803470753872624755e+03 -6.787857548537792240e+01 0.000000000000000000e+00 0.000000000000000000e+00 -3.445510620922220824e-02
1.456965303652594628e+02 2.790273870652649748e+03 -6.731730460419146311e+01 0.000000000000000000e+00 0.000000000000000000e+00 1.603791053736358663e-02
1.861580242275185810e+02 2.475080791651819709e+03 -5.736688807577895943e+01 0.000000000000000000e+00 0.000000000000000000e+00 1.830699840890304131e-02
-1.867828433202754468e+02 2.463733450855231695e+03 -5.702765394907030583e+01 0.000000000000000000e+00 0.000000000000000000e+00 1.811617480522897949e-02
-3.301757470773284808e+01 2.309731800236231720e+03 -5.228382171767481168e+01 0.000000000000000000e+00 0.000000000000000000e+00 3.455092378583657364e-02
-1.787045662847987728e+02 2.043965087581214902e+03 -4.542618097365060947e+01 0.000000000000000000e+00 0.000000000000000000e+00 2.093331356656591424e-02
1.539430798297619276e+02 2.039518082131240590e+03 -4.525050494264387169e+01 0.000000000000000000e+00 0.000000000000000000e+00 3.585103203365491709e-02
1.925604676575468659e+02 1.741390210924251733e+03 -3.839175606505064309e+01 0.000000000000000000e+00 0.000000000000000000e+00 3.010132239953122735e-02
-1.782120850540265735e+02 1.716682385968042581e+03 -3.782026192281176691e+01 0.000000000000000000e+00 0.000000000000000000e+00 -6.237878078671599269e-03
-1.405061103745983431e+01 1.532441680902991720e+03 -3.385062785660488771e+01 0.000000000000000000e+00 0.000000000000000000e+00 1.028086068117062268e-02
-1.525259011005554441e+02 1.332572541691990864e+03 -3.045491256717121686e+01 0.000000000000000000e+00 0.000000000000000000e+00 6.582471183279281490e-02
1.658447889944519034e+02 1.304675922776345487e+03 -3.002758073814931095e+01 0.000000000000000000e+00 0.000000000000000000e+00 4.642308882019108296e-03
1.907672479092291553e+02 9.617801876741705200e+02 -2.521252965657573952e+01 0.000000000000000000e+00 0.000000000000000000e+00 -8.459774316683876805e-03
-1.693129368950748415e+02 9.648366392285568054e+02 -2.518847348728794344e+01 0.000000000000000000e+00 0.000000000000000000e+00 3.812645774210920990e-02
-3.829621492146955575e+01 8.137876319387753483e+02 -2.327480602812606492e+01 0.000000000000000000e+00 0.000000000000000000e+00 -9.293439441382389532e-03
-1.578073839115431269e+02 5.528406973772911215e+02 -2.119883408193006247e+01 0.000000000000000000e+00 0.000000000000000000e+00 4.506548777100860548e-02
1.761662428387286639e+02 5.351735899611672949e+02 -2.112546628399630322e+01 0.000000000000000000e+00 0.000000000000000000e+00 -3.448144646690920467e-02
2.272931514607136592e+02 2.990432183018188539e+02 -2.003529820880392620e+01 0.000000000000000000e+00 0.000000000000000000e+00 -1.634346230000005562e-02
-1.651371015870159056e+02 2.242531522149774048e+02 -1.959026819590297208e+01 0.000000000000000000e+00 0.000000000000000000e+00 2.575954782320266645e-02
5.698111085229878370e+01 1.007188967546663889e+02 -1.914105310435073903e+01 0.000000000000000000e+00 0.000000000000000000e+00 -8.484507442467759120e-03
-1.616967293615429071e+02 -1.959020134958995527e+02 -1.950668777933150366e+01 0.000000000000000000e+00 0.000000000000000000e+00 -4.327582045537070599e-02
1.868342827820378318e+02 -1.934504010364096303e+02 -1.957091235181805544e+01 0.000000000000000000e+00 0.000000000000000000e+00 5.197728290433190068e-02
2.361061232362834801e+02 -4.564977220610459199e+02 -2.084034999819834866e+01 0.000000000000000000e+00 0.000000000000000000e+00 -3.231050183858741320e-02
-1.639701100351970240e+02 -5.260311755762132861e+02 -2.104903463848411604e+01 0.000000000000000000e+00 0.000000000000000000e+00 5.358151168282532240e-02
3.000756720044897463e+01 -6.864276002641977357e+02 -2.209568381097214740e+01 0.000000000000000000e+00 0.000000000000000000e+00 5.152807591596086922e-03
-1.515540454998657367e+02 -9.442782244252002783e+02 -2.499165305590372554e+01 0.000000000000000000e+00 0.000000000000000000e+00 1.769700042727606615e-02
1.791018138119460730e+02 -9.505160020019083049e+02 -2.514141920172066236e+01 0.000000000000000000e+00 0.000000000000000000e+00 4.853121589259146162e-02
2.204686051658030692e+02 -1.198238066033746691e+03 -2.871773904701836244e+01 0.000000000000000000e+00 0.000000000000000000e+00 3.158748078389095326e-02
-1.591116848610478485e+02 -1.284012264257395145e+03 -2.990771922114583958e+01 0.000000000000000000e+00 0.000000000000000000e+00 -3.178850380274411691e-02
2.426288912883006432e+01 -1.453070601352642370e+03 -3.270141245748042280e+01 0.000000000000000000e+00 0.000000000000000000e+00 -2.037582896790723908e-02
-1.622392311651424563e+02 -1.715576713204380667e+03 -3.828056833545517179e+01 0.000000000000000000e+00 0.000000000000000000e+00 -1.076971944270610493e-02
1.838853861511435070e+02 -1.709245744653188012e+03 -3.820066838268795095e+01 0.000000000000000000e+00 0.000000000000000000e+00 -5.261676678927074136e-03
2.482777603422230186e+02 -1.952326336896195244e+03 -4.415826423068948969e+01 0.000000000000000000e+00 0.000000000000000000e+00 3.877425454371064006e-02
-1.606695723285075701e+02 -2.036215196659853518e+03 -4.602403542904060885e+01 0.000000000000000000e+00 0.000000000000000000e+00 -3.922790329028202905e-03
2.058483691469822574e+01 -2.201315774136596701e+03 -5.031227676171221219e+01 0.000000000000000000e+00 0.000000000000000000e+00 3.257612142834176439e-02
-1.571303564288120924e+02 -2.453845504913859713e+03 -5.801834130107501153e+01 0.000000000000000000e+00 0.000000000000000000e+00 -2.755809716557422462e-02
1.865623730741831707e+02 -2.452608181405348660e+03 -5.805955805581443485e+01 0.000000000000000000e+00 0.000000000000000000e+00 -2.616006560013062199e-02
2.305999540601313527e+02 -2.771248122857160524e+03 -6.876337911745770270e+01 0.000000000000000000e+00 0.000000000000000000e+00 2.437672790222222829e-03
-1.243260181522706773e+02 -2.783324871290933061e+03 -6.889172206288097300e+01 0.000000000000000000e+00 0.000000000000000000e+00 5.652537135952684366e-02
4.240979365182410277e+01 -2.967168082459076686e+03 -7.543722224161012946e+01 0.000000000000000000e+00 0.000000000000000000e+00 4.233732175094928607e-02
-1.291114221976407634e+02 -3.202448219222078023e+03 -8.461071430740261690e+01 0.000000000000000000e+00 0.000000000000000000e+00 -4.702508351641654372e-04
1.794336400753813621e+02 -3.201334111726681385e+03 -8.468596611757463677e+01 0.000000000000000000e+00 0.000000000000000000e+00 1.158912475818851817e-02
-8.279967143676936985e+02 -3.220581672472977516e+03 -9.046475642861491906e+01 0.000000000000000000e+00 0.000000000000000000e+00 4.513003423426198424e-02
-4.807032724863580597e+02 -3.202816768729531759e+03 -8.627464731561212830e+01 0.000000000000000000e+00 0.000000000000000000e+00 7.184823444605115128e-02
-6.228495433672169383e+02 -2.966070233237640878e+03 -7.839369130776840677e+01 0.000000000000000000e+00 0.000000000000000000e+00 5.944114490883123381e-02
-8.088587692981841428e+02 -2.780006748704650818e+03 -7.376080334125265381e+01 0.000000000000000000e+00 0.000000000000000000e+00 3.055778800288067032e-03
-4.747691201652141899e+02 -2.779649210999185470e+03 -7.040409405715419666e+01 0.000000000000000000e+00 0.000000000000000000e+00 5.032446280124247551e-02
-8.241585551262293166e+02 -2.463335679235896350e+03 -6.347199721999922417e+01 0.000000000000000000e+00 0.000000000000000000e+00 1.953327341450332710e-01
-4.683732316155347348e+02 -2.449590726010464095e+03 -5.942228739169960505e+01 0.000000000000000000e+00 0.000000000000000000e+00 6.020146946114834918e-02
-6.669726747648194305e+02 -2.196554127600481934e+03 -5.370461775489226852e+01 0.000000000000000000e+00 0.000000000000000000e+00 8.908996423642889795e-02
-8.029860068422693757e+02 -2.025671720916239792e+03 -5.067253879268608330e+01 0.000000000000000000e+00 0.000000000000000000e+00 1.267294199925572684e-01
-4.848315387657071938e+02 -2.025956291916472310e+03 -4.742314104479990533e+01 0.000000000000000000e+00 0.000000000000000000e+00 1.554321728254848267e-02
-8.015768808207803886e+02 -1.697831451340553031e+03 -4.281557619207974597e+01 0.000000000000000000e+00 0.000000000000000000e+00 6.806520082022871065e-02
-4.959492300803502758e+02 -1.676864371540868888e+03 -3.919166511730024638e+01 0.000000000000000000e+00 0.000000000000000000e+00 3.832567729428859593e-02
-6.477434658307334985e+02 -1.447320878651769817e+03 -3.595431020248455667e+01 0.000000000000000000e+00 0.000000000000000000e+00 4.790157504020697843e-02
-8.067953611932354079e+02 -1.303547093404134557e+03 -3.525372919558279250e+01 0.000000000000000000e+00 0.000000000000000000e+00 6.913216101851560325e-02
-5.141810854493531906e+02 -1.261730917340841643e+03 -3.146166137434378385e+01 0.000000000000000000e+00 0.000000000000000000e+00 2.834870046743986904e-03
-8.156583988902947340e+02 -9.586153714887425394e+02 -3.032826735682385788e+01 0.000000000000000000e+00 0.000000000000000000e+00 2.891311092759352164e-02
-4.698203210762857225e+02 -9.594167896575766008e+02 -2.676897756469658773e+01 0.000000000000000000e+00 0.000000000000000000e+00 4.437605275967726470e-02
-6.592819843341210344e+02 -7.161588828073148534e+02 -2.585257126101362246e+01 0.000000000000000000e+00 0.000000000000000000e+00 -1.723321714181480502e-02
-8.428957764479142725e+02 -5.419412052940888316e+02 -2.664785191902382522e+01 0.000000000000000000e+00 0.000000000000000000e+00 3.026579022224851201e-02
-4.733226908772535921e+02 -5.356755989881889946e+02 -2.270045858194687938e+01 0.000000000000000000e+00 0.000000000000000000e+00 -1.942597457556516360e-02
-8.416632087850857715e+02 -2.162656228965823573e+02 -2.503068717798585752e+01 0.000000000000000000e+00 0.000000000000000000e+00 -1.087788458476879327e-02
-4.750346818172097301e+02 -2.033287545632846616e+02 -2.112744050207739832e+01 0.000000000000000000e+00 0.000000000000000000e+00 8.403420525130655960e-03
-6.577058412294784375e+02 3.265596214302018296e+01 -2.252142517536680089e+01 0.000000000000000000e+00 0.000000000000000000e+00 -2.065418972777521844e-02
-8.098989361346676787e+02 2.080533934299873238e+02 -2.456870431856573234e+01 0.000000000000000000e+00 0.000000000000000000e+00 -2.740855571595091078e-03
-4.910722251462832446e+02 2.183777780949233431e+02 -2.128437282759524152e+01 0.000000000000000000e+00 0.000000000000000000e+00 1.980109861630552359e-02
-8.446700111596103397e+02 5.308383877840983587e+02 -2.652765746037761829e+01 0.000000000000000000e+00 0.000000000000000000e+00 9.113284250173947498e-02
-4.654666712320714623e+02 5.435624141175221666e+02 -2.266214202196924177e+01 0.000000000000000000e+00 0.000000000000000000e+00 3.837962887964252445e-02
-6.616184797437178986e+02 7.886971561065636251e+02 -2.648298788959098715e+01 0.000000000000000000e+00 0.000000000000000000e+00 3.612159566917227949e-02
-8.369575157075785228e+02 9.615447833142666241e+02 -3.046278253867543384e+01 0.000000000000000000e+00 0.000000000000000000e+00 3.957922383224143914e-02
-4.935060851794323185e+02 9.667937059026395445e+02 -2.691392992196711731e+01 0.000000000000000000e+00 0.000000000000000000e+00 5.642728106082017803e-02
-8.416773406882454083e+02 1.294191480518508342e+03 -3.521256656570970733e+01 0.000000000000000000e+00 0.000000000000000000e+00 5.237912929501931103e-03
-4.740222072924708527e+02 1.284429821899671879e+03 -3.125229470639731488e+01 0.000000000000000000e+00 0.000000000000000000e+00 -1.632053774795849677e-02
-6.879910135922376639e+02 1.548055604538259104e+03 -3.785640705941771955e+01 0.000000000000000000e+00 0.000000000000000000e+00 7.328151763687174025e-03
-8.425227895462231800e+02 1.707870159600932766e+03 -4.292390803602943805e+01 0.000000000000000000e+00 0.000000000000000000e+00 3.175450679737679138e-02
-5.205400602931641743e+02 1.716881421336850963e+03 -3.969257842754852561e+01 0.000000000000000000e+00 0.000000000000000000e+00 -2.817922503155045888e-03
-8.366984724638086846e+02 2.062434131108030215e+03 -5.106651842636463812e+01 0.000000000000000000e+00 0.000000000000000000e+00 3.819471965319820583e-02
-5.290765149554670188e+02 2.055428970015517734e+03 -4.763788733636618389e+01 0.000000000000000000e+00 0.000000000000000000e+00 4.610702835687874312e-02
-6.659509042491388300e+02 2.287427263460075210e+03 -5.506721996871612390e+01 0.000000000000000000e+00 0.000000000000000000e+00 2.509032291655444169e-04
-4.784742488151196085e+02 2.446446371730995907e+03 -5.800172493311691113e+01 0.000000000000000000e+00 0.000000000000000000e+00 -5.581379803842878573e-03
-8.679671235310269140e+02 2.516831869745106360e+03 -6.413934016132428440e+01 0.000000000000000000e+00 0.000000000000000000e+00 4.545686158964201695e-02
-8.475830034187761157e+02 2.822990340932737581e+03 -7.372340304918841980e+01 0.000000000000000000e+00 0.000000000000000000e+00 5.428717497082402588e-03
-5.334826939038430282e+02 2.805648615517136022e+03 -6.984090392151946958e+01 0.000000000000000000e+00 0.000000000000000000e+00 4.190861312409310813e-03
-6.691206387303725478e+02 3.047265469124601623e+03 -7.955645039460067380e+01 0.000000000000000000e+00 0.000000000000000000e+00 -1.483502733897523740e-02
-8.578487987679479829e+02 3.203168498321039806e+03 -8.752870680143817594e+01 0.000000000000000000e+00 0.000000000000000000e+00 -1.451142279414341374e-02
-5.113565629146131073e+02 3.207547458442683364e+03 -8.412950868490534617e+01 0.000000000000000000e+00 0.000000000000000000e+00 -4.644524246941728052e-03
-1.522070363709319054e+03 3.185183390852680532e+03 -9.867830774501160818e+01 0.000000000000000000e+00 0.000000000000000000e+00 -8.123403269635787183e-03
-1.145516308123929548e+03 3.195983094521332987e+03 -9.157812375855175446e+01 0.000000000000000000e+00 0.000000000000000000e+00 2.062720039405974148e-02
-1.359609524762999399e+03 3.094292698326888512e+03 -9.181064481725624660e+01 0.000000000000000000e+00 0.000000000000000000e+00 -1.960871414453890793e-02
-1.526246644914180251e+03 2.844917586977781411e+03 -8.664031707038678576e+01 0.000000000000000000e+00 0.000000000000000000e+00 3.382958325073559536e-02
-1.146461697383799674e+03 2.792148302649281050e+03 -7.720337248713565259e+01 0.000000000000000000e+00 0.000000000000000000e+00 3.855371120572215204e-02
-1.522596795774166139e+03 2.516783233480603485e+03 -7.605994449385046607e+01 0.000000000000000000e+00 0.000000000000000000e+00 5.872647943249376112e-03
-1.185440051296916408e+03 2.467741681519646136e+03 -6.764119630023301966e+01 0.000000000000000000e+00 0.000000000000000000e+00 -1.692691768967335975e-02
-1.337344146211261204e+03 2.349163944796080614e+03 -6.712058364712888192e+01 0.000000000000000000e+00 0.000000000000000000e+00 7.855593851630260360e-03
-1.468751603572812428e+03 2.072040655042763319e+03 -6.253325363188027097e+01 0.000000000000000000e+00 0.000000000000000000e+00 -7.943661451719208344e-04
-1.131468865016209520e+03 2.035935535915831679e+03 -5.488304508410245575e+01 0.000000000000000000e+00 0.000000000000000000e+00 -1.453338711000640160e-02
-1.499722368236539069e+03 1.770555741483854035e+03 -5.619943834871417465e+01 0.000000000000000000e+00 0.000000000000000000e+00 -2.803990031004843786e-03
-1.169584772044952842e+03 1.727763138375082235e+03 -4.846174012600943115e+01 0.000000000000000000e+00 0.000000000000000000e+00 1.420155744189344205e-02
-1.332740428850704120e+03 1.592854702129184716e+03 -4.888104790347068729e+01 0.000000000000000000e+00 0.000000000000000000e+00 -3.916477482293601042e-02
-1.501202236865752866e+03 1.340841292915023132e+03 -4.805323784795432829e+01 0.000000000000000000e+00 0.000000000000000000e+00 -3.454494068484592617e-02
-1.154968129946726094e+03 1.339667857369698595e+03 -4.085816115560030681e+01 0.000000000000000000e+00 0.000000000000000000e+00 -6.012526351879188269e-02
-1.480441652865594506e+03 9.737627506892431484e+02 -4.233871849643999496e+01 0.000000000000000000e+00 0.000000000000000000e+00 -2.518702082279844490e-02
-1.202305132393080157e+03 9.956674142150610578e+02 -3.674992673334999438e+01 0.000000000000000000e+00 0.000000000000000000e+00 -3.678813077083731287e-02
-1.344461925714862673e+03 8.397910535832662617e+02 -3.782047715532665677e+01 0.000000000000000000e+00 0.000000000000000000e+00 -3.040388326343190784e-02
-1.471489379181990898e+03 5.585855837556883898e+02 -3.820329278193057121e+01 0.000000000000000000e+00 0.000000000000000000e+00 1.471505114581361795e-02
-1.184864151174129347e+03 5.755554435612671114e+02 -3.231114444135567965e+01 0.000000000000000000e+00 0.000000000000000000e+00 1.232043030398699557e-02
-1.144509405056111973e+03 2.689029075398791520e+02 -2.995465655348665379e+01 0.000000000000000000e+00 0.000000000000000000e+00 6.729142339083793445e-02
-1.482819946599480545e+03 2.534975206226862667e+02 -3.694868296379485173e+01 0.000000000000000000e+00 0.000000000000000000e+00 2.181599620138996443e-02
-1.285708766541123168e+03 8.955398818424197316e+01 -3.228927947567245837e+01 0.000000000000000000e+00 0.000000000000000000e+00 1.125711993463340832e-02
-1.538973248320668290e+03 -1.754749173326640630e+02 -3.814297948953382900e+01 0.000000000000000000e+00 0.000000000000000000e+00 1.015350331240938431e-02
-1.153367556659082084e+03 -1.568940807040994230e+02 -2.985120709830449925e+01 0.000000000000000000e+00 0.000000000000000000e+00 1.662819416484850876e-02
-1.518777426494399151e+03 -4.942302093049286213e+02 -3.905672478774783940e+01 0.000000000000000000e+00 0.000000000000000000e+00 7.989323928710945211e-02
-1.170754316524021988e+03 -5.133218018115599079e+02 -3.173211173558182097e+01 0.000000000000000000e+00 0.000000000000000000e+00 3.132111979101637189e-02
-1.314791558975352473e+03 -7.130624959932009688e+02 -3.617362917406896372e+01 0.000000000000000000e+00 0.000000000000000000e+00 -4.696491403728231262e-02
-1.499530351937597970e+03 -9.661069554952925955e+02 -4.305193371478524966e+01 0.000000000000000000e+00 0.000000000000000000e+00 -1.380848599180950487e-02
-1.160487809691642042e+03 -9.380947231551315326e+02 -3.552858340401930093e+01 0.000000000000000000e+00 0.000000000000000000e+00 1.832876167917874000e-02
-1.505130285108214366e+03 -1.231477607112691658e+03 -4.693811044607159033e+01 0.000000000000000000e+00 0.000000000000000000e+00 2.321328819017764999e-02
-1.183694350796207345e+03 -1.258583349413670476e+03 -4.050341833638854894e+01 0.000000000000000000e+00 0.000000000000000000e+00 5.496935842553085649e-02
-1.361496117026570801e+03 -1.465225832550504947e+03 -4.772122755966630336e+01 0.000000000000000000e+00 0.000000000000000000e+00 -1.294753456164698946e-03
-1.514479832624770324e+03 -1.676085507124905234e+03 -5.544274326433022537e+01 0.000000000000000000e+00 0.000000000000000000e+00 -2.344881584481228742e-01
-1.179566880272126809e+03 -1.678077334350054116e+03 -4.834594825415010177e+01 0.000000000000000000e+00 0.000000000000000000e+00 -5.662357864594724788e-02
-1.462558703253487693e+03 -1.998359290311033874e+03 -6.177021717964893099e+01 0.000000000000000000e+00 0.000000000000000000e+00 -9.348913558987703709e-03
-1.124248495937620874e+03 -1.986341801463132924e+03 -5.456800540949581091e+01 0.000000000000000000e+00 0.000000000000000000e+00 2.843732140905785855e-02
-1.288933921476556407e+03 -2.220827157629013527e+03 -6.397848342243855058e+01 0.000000000000000000e+00 0.000000000000000000e+00 -3.394602700534932183e-02
-1.473887166694139978e+03 -2.472247674003057000e+03 -7.541270212331423295e+01 0.000000000000000000e+00 0.000000000000000000e+00 -5.260831511849062281e-02
-1.096907277941207894e+03 -2.469180405046104170e+03 -6.776310008773785398e+01 0.000000000000000000e+00 0.000000000000000000e+00 -1.812439909228800161e-01
-1.494486744282048903e+03 -2.792702135716127486e+03 -8.641419281356351689e+01 0.000000000000000000e+00 0.000000000000000000e+00 -4.457541930838715416e-02
-1.146633853102426883e+03 -2.777019019019627649e+03 -7.878496629988788413e+01 0.000000000000000000e+00 0.000000000000000000e+00 -1.575010563402656771e-02
-1.299814317499180788e+03 -2.887451812461194095e+03 -8.557366630195801349e+01 0.000000000000000000e+00 0.000000000000000000e+00 -6.988525098864784013e-02
-1.474758157014851577e+03 -3.143602115024588329e+03 -9.879395900250473517e+01 0.000000000000000000e+00 0.000000000000000000e+00 -1.648898683353650085e-02
-1.132491059686776680e+03 -3.192205942055565629e+03 -9.390149215744264666e+01 0.000000000000000000e+00 0.000000000000000000e+00 -4.841546384683681481e-02
-2.192040805966953030e+03 3.181099712238003121e+03 -1.169708503058505045e+02 0.000000000000000000e+00 0.000000000000000000e+00 3.348592443177267342e-02
-1.868197923075483004e+03 3.199890405229708449e+03 -1.079527989123117777e+02 0.000000000000000000e+00 0.000000000000000000e+00 1.748445915701779541e-02
-2.060056973993056999e+03 3.065628233965990148e+03 -1.086232541794157669e+02 0.000000000000000000e+00 0.000000000000000000e+00 5.965446119361672572e-03
-2.240196134756126412e+03 2.785836026299326477e+03 -1.047995100688195151e+02 0.000000000000000000e+00 0.000000000000000000e+00 5.092166655231267214e-03
-1.852216287775354203e+03 2.770180338761805615e+03 -9.242710355379020370e+01 0.000000000000000000e+00 0.000000000000000000e+00 6.647006113752240708e-03
-2.205609965060002651e+03 2.436002777834608423e+03 -9.290450253878574927e+01 0.000000000000000000e+00 0.000000000000000000e+00 -1.516447233915130255e-02
-1.858358925298703525e+03 2.452106967211763276e+03 -8.273848780967639982e+01 0.000000000000000000e+00 0.000000000000000000e+00 -1.128404050371045741e-02
-2.068613987852196260e+03 2.334498859675727090e+03 -8.562597466537745561e+01 0.000000000000000000e+00 0.000000000000000000e+00 2.281692608079310958e-03
-2.213545178305010268e+03 2.041512275458539534e+03 -8.269211826898870754e+01 0.000000000000000000e+00 0.000000000000000000e+00 3.699696872814683957e-03
-1.860566088536241523e+03 2.038111169316551241e+03 -7.167481911975897901e+01 0.000000000000000000e+00 0.000000000000000000e+00 -4.519095547806273316e-03
-2.185491140351955437e+03 1.702170961506322783e+03 -7.416558395443554730e+01 0.000000000000000000e+00 0.000000000000000000e+00 -3.197006680149172553e-02
-1.821470937377826885e+03 1.711146232503591364e+03 -6.317604231082179211e+01 0.000000000000000000e+00 0.000000000000000000e+00 1.811107944089229704e-02
-2.053800632569363643e+03 1.549307557142497444e+03 -6.690481005943961179e+01 0.000000000000000000e+00 0.000000000000000000e+00 2.236242515509445639e-02
-2.204230597664382003e+03 1.345479446634688884e+03 -6.827011341455076376e+01 0.000000000000000000e+00 0.000000000000000000e+00 -2.685794547899433837e-02
-1.855066946128093150e+03 1.304103615168921351e+03 -5.667906562379161528e+01 0.000000000000000000e+00 0.000000000000000000e+00 -1.240704797673686244e-02
-2.237108576856808668e+03 9.633483474635762605e+02 -6.409047797737484586e+01 0.000000000000000000e+00 0.000000000000000000e+00 4.019754407129028095e-02
-1.885375335450493594e+03 9.835933536976071991e+02 -5.309486054773651631e+01 0.000000000000000000e+00 0.000000000000000000e+00 -3.595097406755343172e-02
-2.040097399268489880e+03 8.091131922968054369e+02 -5.591772164705908210e+01 0.000000000000000000e+00 0.000000000000000000e+00 -1.782265885280054363e-02
-2.225080520081285158e+03 5.245434836519665396e+02 -5.976880102381960569e+01 0.000000000000000000e+00 0.000000000000000000e+00 -9.912317333615305870e-03
-1.924215794602514961e+03 5.550073326955869106e+02 -5.024271156485929879e+01 0.000000000000000000e+00 0.000000000000000000e+00 -9.487004378897267998e-03
-2.197482075157844065e+03 2.465324260785360764e+02 -5.756659370480950599e+01 0.000000000000000000e+00 0.000000000000000000e+00 -1.157489672053202412e-03
-1.858352489703818947e+03 2.563864286487639674e+02 -4.684095621274686749e+01 0.000000000000000000e+00 0.000000000000000000e+00 -3.094255288772274071e-03
-2.040865197285267641e+03 5.275331600101613816e+01 -5.207194106738590733e+01 0.000000000000000000e+00 0.000000000000000000e+00 -1.255707559323582245e-03
-2.171948522857367607e+03 -2.240788635985689723e+02 -5.676022307801228806e+01 0.000000000000000000e+00 0.000000000000000000e+00 -1.412328764362769107e-02
-1.846169510586173374e+03 -2.115894339629713556e+02 -4.645290921594160238e+01 0.000000000000000000e+00 0.000000000000000000e+00 -4.393583558860569838e-02
-2.151906227646842581e+03 -4.999736780806862271e+02 -5.740740588245429876e+01 0.000000000000000000e+00 0.000000000000000000e+00 2.102978759807427878e-02
-1.829998261837604559e+03 -5.077580532251747059e+02 -4.739011625356378232e+01 0.000000000000000000e+00 0.000000000000000000e+00 -6.470734481894169221e-03
-1.978711514962918045e+03 -7.405451116299824434e+02 -5.373315699136236390e+01 0.000000000000000000e+00 0.000000000000000000e+00 -5.547406161394974333e-02
-2.170979189237667470e+03 -9.642214798322684146e+02 -6.243552251701331102e+01 0.000000000000000000e+00 0.000000000000000000e+00 -2.821221532314410751e-02
-1.879351558182307372e+03 -9.430737155803313954e+02 -5.291387583771160763e+01 0.000000000000000000e+00 0.000000000000000000e+00 8.064894143792855630e-03
-2.147857224862012117e+03 -1.310015358063159510e+03 -6.667083547797921028e+01 0.000000000000000000e+00 0.000000000000000000e+00 -2.398708927221093745e-02
-1.882209146315360840e+03 -1.292372495657325544e+03 -5.800089590218363611e+01 0.000000000000000000e+00 0.000000000000000000e+00 -7.003953504190718604e-02
-2.032141805696301617e+03 -1.426608254448446132e+03 -6.492393521215554131e+01 0.000000000000000000e+00 0.000000000000000000e+00 -6.154177322787290905e-02
-2.157903292692462855e+03 -1.725836860325886846e+03 -7.499220695746015508e+01 0.000000000000000000e+00 0.000000000000000000e+00 -1.035717811780045849e-02
-1.823265444235152700e+03 -1.725473905970880878e+03 -6.460963553658970682e+01 0.000000000000000000e+00 0.000000000000000000e+00 -5.171635268426655330e-02
-2.164308845828768426e+03 -2.034139178803894993e+03 -8.247636299836457852e+01 0.000000000000000000e+00 0.000000000000000000e+00 1.142683516162890101e-02
-1.814974726787784221e+03 -2.035824513019181268e+03 -7.175787193678422682e+01 0.000000000000000000e+00 0.000000000000000000e+00 -3.127860214699751396e-02
-1.991764335043934580e+03 -2.166941256295174298e+03 -8.043437143041255410e+01 0.000000000000000000e+00 0.000000000000000000e+00 -7.950439097626826879e-03
-2.103319954301311554e+03 -2.453539792714966552e+03 -9.217085024926859660e+01 0.000000000000000000e+00 0.000000000000000000e+00 -2.700510315871440525e-02
-1.789483842103842335e+03 -2.469659222290124944e+03 -8.329735772329318877e+01 0.000000000000000000e+00 0.000000000000000000e+00 -2.506032708183170143e-03
-2.160090187740687270e+03 -2.732950861632093620e+03 -1.028977904272927333e+02 0.000000000000000000e+00 0.000000000000000000e+00 2.640960691974214569e-02
-1.765339999561184413e+03 -2.734079169820201514e+03 -9.117279827949487014e+01 0.000000000000000000e+00 0.000000000000000000e+00 1.655524211980008431e-01
-1.925020178535602781e+03 -2.943102083953099736e+03 -1.029210188012735188e+02 0.000000000000000000e+00 0.000000000000000000e+00 2.964703848586225376e-02
-2.152160406801816407e+03 -3.137516837285987549e+03 -1.169747050570898921e+02 0.000000000000000000e+00 0.000000000000000000e+00 -3.279387765120134191e-02
-1.829058415556422233e+03 -3.190805702845163069e+03 -1.094205915263303268e+02 0.000000000000000000e+00 0.000000000000000000e+00 1.404489092220728708e-02
-2.769360925764593958e+03 -2.450322559436991924e+03 -1.165114240432959889e+02 0.000000000000000000e+00 0.000000000000000000e+00 1.925828554519171121e-02
-2.450294471773725036e+03 -2.408277992213507332e+03 -1.028063474158334714e+02 0.000000000000000000e+00 0.000000000000000000e+00 6.944220734098394132e-02
-2.660578441184808526e+03 -2.225808401816949754e+03 -1.057412071466403916e+02 0.000000000000000000e+00 0.000000000000000000e+00 -1.390817087033724420e-02
-2.809919332511457469e+03 -1.984269493228603096e+03 -1.056790592744285533e+02 0.000000000000000000e+00 0.000000000000000000e+00 -3.103111712312056625e-02
-2.443245139987222956e+03 -1.981115440864634820e+03 -9.100619213387201967e+01 0.000000000000000000e+00 0.000000000000000000e+00 5.086006234130024950e-02
-2.806359115515836493e+03 -1.661774659101427915e+03 -9.830555568953761281e+01 0.000000000000000000e+00 0.000000000000000000e+00 1.492924705750908743e-02
-2.491626223063659836e+03 -1.655450483763319426e+03 -8.546339459973758323e+01 0.000000000000000000e+00 0.000000000000000000e+00 -4.031801083574748645e-02
-2.634903166387692181e+03 -1.482900840188790426e+03 -8.770787668588759800e+01 0.000000000000000000e+00 0.000000000000000000e+00 -8.489446581023685212e-03
-2.801836372622258295e+03 -1.287818707151542185e+03 -9.126213785330736528e+01 0.000000000000000000e+00 0.000000000000000000e+00 -1.782717321734139659e-02
-2.533320546703327636e+03 -1.248471136264011420e+03 -7.965757452642806413e+01 0.000000000000000000e+00 0.000000000000000000e+00 -2.872252960413845813e-02
-2.849161711685248974e+03 -9.632809037545279125e+02 -8.871701118583791867e+01 0.000000000000000000e+00 0.000000000000000000e+00 1.406801907862131884e-02
-2.464296423298845639e+03 -9.742048382728817160e+02 -7.313118629106861590e+01 0.000000000000000000e+00 0.000000000000000000e+00 -1.900089740526311743e-02
-2.644942393618355709e+03 -7.179663552706193741e+02 -7.748898458497761510e+01 0.000000000000000000e+00 0.000000000000000000e+00 -5.860695878136823467e-02
-2.842397668265642551e+03 -5.573792751914685368e+02 -8.448911460324978862e+01 0.000000000000000000e+00 0.000000000000000000e+00 -3.076473194869322469e-02
-2.523776690330834754e+03 -4.933688479154644710e+02 -7.089385685234270795e+01 0.000000000000000000e+00 0.000000000000000000e+00 -2.480340408818904052e-02
-2.819458605588622049e+03 -2.197887641786469999e+02 -8.175562571711357407e+01 0.000000000000000000e+00 0.000000000000000000e+00 2.359158959369267450e-02
-2.560185976369502441e+03 -1.927881367634322203e+02 -7.094613990350285349e+01 0.000000000000000000e+00 0.000000000000000000e+00 9.217518171453775722e-03
-2.678248510520447780e+03 2.487452310881261042e+01 -7.541061935029821939e+01 0.000000000000000000e+00 0.000000000000000000e+00 6.993979484633428001e-03
-2.815285061442156803e+03 2.134699000628100976e+02 -8.138799271341444808e+01 0.000000000000000000e+00 0.000000000000000000e+00 -8.101228671321791808e-03
-2.541401435471753302e+03 2.248247418734969472e+02 -7.014391646735812458e+01 0.000000000000000000e+00 0.000000000000000000e+00 -2.300031868664120793e-02
-2.818225502862207577e+03 5.351139413164046346e+02 -8.285575809571456318e+01 0.000000000000000000e+00 0.000000000000000000e+00 -9.775327918731591126e-03
-2.501804322476719790e+03 5.388600437134333561e+02 -6.997352869472351244e+01 0.000000000000000000e+00 0.000000000000000000e+00 -1.658537824489769719e-02
-2.623907263144601075e+03 7.882108505424583882e+02 -7.672028816680314378e+01 0.000000000000000000e+00 0.000000000000000000e+00 -1.387456196933101182e-02
-2.845080722127459921e+03 9.298551718080601631e+02 -8.736580262109761463e+01 0.000000000000000000e+00 0.000000000000000000e+00 -2.153690690295206878e-02
-2.489657335729069018e+03 9.587984240354066969e+02 -7.322201500651209471e+01 0.000000000000000000e+00 0.000000000000000000e+00 -3.281697232310420986e-03
-2.825155064311884416e+03 1.282694572240690832e+03 -9.108180285525043018e+01 0.000000000000000000e+00 0.000000000000000000e+00 -1.939401843446830753e-02
-2.493650192240476827e+03 1.284146453417964949e+03 -7.771359527915522847e+01 0.000000000000000000e+00 0.000000000000000000e+00 -3.650981664237917812e-02
-2.634645551231709305e+03 1.558902932895686718e+03 -8.783855922834193564e+01 0.000000000000000000e+00 0.000000000000000000e+00 -4.539926280560280247e-02
-2.852165651243463344e+03 1.685096158658572676e+03 -9.923651761061296384e+01 0.000000000000000000e+00 0.000000000000000000e+00 1.096706714001527416e-02
-2.552823486638669237e+03 1.727605385664919140e+03 -8.790664855363259278e+01 0.000000000000000000e+00 0.000000000000000000e+00 -5.888594350821563239e-03
-2.836688936708623714e+03 2.017190295744642754e+03 -1.057634996108278784e+02 0.000000000000000000e+00 0.000000000000000000e+00 -2.535895044090352712e-03
-2.517368431619115199e+03 2.024203462215747095e+03 -9.312565490926753853e+01 0.000000000000000000e+00 0.000000000000000000e+00 -9.243035648268005389e-03
-2.646930160248056382e+03 2.256849609123152732e+03 -1.039887392020239361e+02 0.000000000000000000e+00 0.000000000000000000e+00 1.715368089277546915e-02
-2.833323440067232696e+03 2.481503843466886792e+03 -1.177633659463495803e+02 0.000000000000000000e+00 0.000000000000000000e+00 9.522192488240932562e-02
-2.513878734435964361e+03 2.491279781607242057e+03 -1.053840743772946666e+02 0.000000000000000000e+00 0.000000000000000000e+00 6.107594041310449029e-03
