# x y z x_res y_res z_res
2.813791376624252280e+03 2.534153511835719655e+03 -1.184782458418420816e+02 0.000000000000000000e+00 0.000000000000000000e+00 -9.737254700223729742e-02
2.471214611899311421e+03 2.478954951869339766e+03 -1.034410163677142691e+02 0.000000000000000000e+00 0.000000000000000000e+00 -3.526296108158533116e-02
2.658768402221446649e+03 2.327194402583206283e+03 -1.063419096735027978e+02 0.000000000000000000e+00 0.000000000000000000e+00 1.227215129978844743e-01
2.474544006576584252e+03 2.061798782810769808e+03 -9.242389184364986932e+01 0.000000000000000000e+00 0.000000000000000000e+00 -5.179649690040832866e-02
2.854008780272554759e+03 2.078983708779913286e+03 -1.079733828989585618e+02 0.000000000000000000e+00 0.000000000000000000e+00 -3.676223163951419792e-02
2.856340453511825217e+03 1.742773763210729385e+03 -1.005719143261378292e+02 0.000000000000000000e+00 0.000000000000000000e+00 1.185393336498918870e-02
2.478114752136792504e+03 1.735651271044908981e+03 -8.522771539023594300e+01 0.000000000000000000e+00 0.000000000000000000e+00 1.584057167856656179e-02
2.662401084108532359e+03 1.571388842900853433e+03 -8.918115539169451722e+01 0.000000000000000000e+00 0.000000000000000000e+00 -2.379702699678887257e-02
2.478546861360897310e+03 1.317677156846029220e+03 -7.765966189125052210e+01 0.000000000000000000e+00 0.000000000000000000e+00 5.617267596542774299e-02
2.854217156461358627e+03 1.322981691219562663e+03 -9.294376984757911941e+01 0.000000000000000000e+00 0.000000000000000000e+00 1.233415493929612694e-02
2.860026573817646295e+03 9.937372497768670883e+02 -8.873002495334350215e+01 0.000000000000000000e+00 0.000000000000000000e+00 -1.079806219360079922e-02
2.490312301304788889e+03 9.886647936505584084e+02 -7.359253449060678065e+01 0.000000000000000000e+00 0.000000000000000000e+00 -3.255375281264605292e-02
2.672713035436539485e+03 8.280059170312250671e+02 -7.907512860070914940e+01 0.000000000000000000e+00 0.000000000000000000e+00 -7.961098401082722376e-03
2.487723791739725584e+03 6.225034576686693981e+02 -7.000145995168652746e+01 0.000000000000000000e+00 0.000000000000000000e+00 -1.591964930928213562e-02
2.857214087139754156e+03 5.800773077961030140e+02 -8.482953219719831850e+01 0.000000000000000000e+00 0.000000000000000000e+00 -2.297229587532001460e-02
2.866171642097097902e+03 2.934069295762990919e+02 -8.381212013871154909e+01 0.000000000000000000e+00 0.000000000000000000e+00 4.061481431807578701e-02
2.496239704963481017e+03 2.381537725372953105e+02 -6.842102251436554639e+01 0.000000000000000000e+00 0.000000000000000000e+00 -1.239719556247109722e-02
2.672906192227036627e+03 1.285003348486407049e+02 -7.525020988656635268e+01 0.000000000000000000e+00 0.000000000000000000e+00 1.765754614598336047e-02
2.493263531316501940e+03 -1.250972214664454043e+02 -6.817443476817264525e+01 0.000000000000000000e+00 0.000000000000000000e+00 2.585565675261136676e-03
2.868179511532221568e+03 -1.199607736413731658e+02 -8.362918895485066173e+01 0.000000000000000000e+00 0.000000000000000000e+00 6.075021672295122244e-02
2.508451647902785680e+03 -5.053007836698199640e+02 -7.037477831978019083e+01 0.000000000000000000e+00 0.000000000000000000e+00 -7.456127485184538273e-03
2.680553302704521684e+03 -6.248096691753936511e+02 -7.814457026057452538e+01 0.000000000000000000e+00 0.000000000000000000e+00 4.776862487432254056e-03
2.504851870196668642e+03 -8.753681199086684046e+02 -7.352490562776948479e+01 0.000000000000000000e+00 0.000000000000000000e+00 -1.196477734561085526e-02
2.852304532474897314e+03 -8.935536470765599688e+02 -8.803556801141729693e+01 0.000000000000000000e+00 0.000000000000000000e+00 -4.138196994149723196e-02
2.879185719789205450e+03 -1.200551914919988576e+03 -9.325113155215363747e+01 0.000000000000000000e+00 0.000000000000000000e+00 1.225473488968020774e-02
2.505313520798335048e+03 -1.213185174447898362e+03 -7.802139989596877001e+01 0.000000000000000000e+00 0.000000000000000000e+00 7.560289005118647765e-02
2.666216532718508461e+03 -1.396261762381103381e+03 -8.741848488152022867e+01 0.000000000000000000e+00 0.000000000000000000e+00 2.653852512668208874e-02
2.505185544838634542e+03 -1.633316036544185181e+03 -8.552830836646101886e+01 0.000000000000000000e+00 0.000000000000000000e+00 7.248377414967421828e-03
2.855092490835510489e+03 -1.646303871151819749e+03 -1.000779555457187087e+02 0.000000000000000000e+00 0.000000000000000000e+00 1.514202823408083987e-02
2.875418872066985841e+03 -1.949212577380670155e+03 -1.076348241176525278e+02 0.000000000000000000e+00 0.000000000000000000e+00 -1.653743271069174625e-01
2.518648321916793975e+03 -1.954064043309847420e+03 -9.320007679358521102e+01 0.000000000000000000e+00 0.000000000000000000e+00 9.979886218232536521e-03
2.682928157333819399e+03 -2.120318367846546607e+03 -1.038411847834692026e+02 0.000000000000000000e+00 0.000000000000000000e+00 -6.245748934608741365e-02
2.881527340412259946e+03 -2.376096456036185373e+03 -1.190629435741583251e+02 0.000000000000000000e+00 0.000000000000000000e+00 2.959211964552821428e-02
2.512526544504119101e+03 -2.380245647355773144e+03 -1.043149270972899387e+02 0.000000000000000000e+00 0.000000000000000000e+00 1.954605730490754922e-02
2.228079581210014112e+03 -3.121599046216931129e+03 -1.188423384345702232e+02 0.000000000000000000e+00 0.000000000000000000e+00 2.114963566914696003e-02
1.871138084524710393e+03 -3.131689567113517114e+03 -1.083303980719995820e+02 0.000000000000000000e+00 0.000000000000000000e+00 -6.182610157652845828e-02
2.039138214833590382e+03 -2.927733565371572240e+03 -1.057782063430864241e+02 0.000000000000000000e+00 0.000000000000000000e+00 7.142412316004254080e-02
1.847828974359386621e+03 -2.759580960254807451e+03 -9.430952324929499753e+01 0.000000000000000000e+00 0.000000000000000000e+00 4.768700449747598213e-02
2.221983562572016126e+03 -2.756871553812872662e+03 -1.057388268087930214e+02 0.000000000000000000e+00 0.000000000000000000e+00 1.280004649466093269e-02
2.216805709949494030e+03 -2.429037021681735951e+03 -9.516808549282450258e+01 0.000000000000000000e+00 0.000000000000000000e+00 3.606890816230645669e-02
1.846252598831776595e+03 -2.433345338990633536e+03 -8.377754992511033549e+01 0.000000000000000000e+00 0.000000000000000000e+00 -1.881831619719775972e-02
2.027436111850172665e+03 -2.187215996872624601e+03 -8.209184155848312514e+01 0.000000000000000000e+00 0.000000000000000000e+00 8.408966445898613529e-04
2.217697288803013635e+03 -2.011018622260069378e+03 -8.369293291191901574e+01 0.000000000000000000e+00 0.000000000000000000e+00 -1.760157931687444943e-02
1.843145136703743447e+03 -2.019986200284176221e+03 -7.215474056367766309e+01 0.000000000000000000e+00 0.000000000000000000e+00 1.817596881150507215e-02
1.832703253122539309e+03 -1.688093181348652251e+03 -6.406968327077603931e+01 0.000000000000000000e+00 0.000000000000000000e+00 -8.115637470044134716e-02
2.207935422942839068e+03 -1.682311710553689636e+03 -7.575030690338050476e+01 0.000000000000000000e+00 0.000000000000000000e+00 8.155897663191069569e-02
2.022051146153752597e+03 -1.436442553342912106e+03 -6.478327140670965889e+01 0.000000000000000000e+00 0.000000000000000000e+00 -1.977003399028376407e-02
1.832641359577161893e+03 -1.273680572521461727e+03 -5.624703051225297656e+01 0.000000000000000000e+00 0.000000000000000000e+00 -1.718502495985774203e-02
2.209119457077294101e+03 -1.262721727120296691e+03 -6.797706178428329338e+01 0.000000000000000000e+00 0.000000000000000000e+00 -2.473942836236631138e-02
1.807140364134049150e+03 -9.340762159229875579e+02 -5.070767821394245090e+01 0.000000000000000000e+00 0.000000000000000000e+00 -7.291174261625599229e-02
2.004641330437002352e+03 -6.860008330305657864e+02 -5.404180701319462798e+01 0.000000000000000000e+00 0.000000000000000000e+00 -3.781570461917027615e-02
2.198897729286565209e+03 -5.162247071251023272e+02 -5.911376024976249255e+01 0.000000000000000000e+00 0.000000000000000000e+00 -4.171295929555185467e-02
1.821692932239302991e+03 -5.223496149358024923e+02 -4.724886325108738561e+01 0.000000000000000000e+00 0.000000000000000000e+00 -6.882666949071136742e-02
1.820046064092135794e+03 -1.866870606581953780e+02 -4.563076293812221707e+01 0.000000000000000000e+00 0.000000000000000000e+00 -3.074566520212584919e-02
2.193335187920521548e+03 -1.799302327151513623e+02 -5.736599688016551823e+01 0.000000000000000000e+00 0.000000000000000000e+00 -8.573018344286253978e-03
2.006095398035089374e+03 5.936355691165742599e+01 -5.097284874010614431e+01 0.000000000000000000e+00 0.000000000000000000e+00 -2.182572138180205457e-02
1.814446121214330333e+03 2.310227304948433016e+02 -4.550212207177580126e+01 0.000000000000000000e+00 0.000000000000000000e+00 2.723420672416665411e-02
2.190718493467655207e+03 2.380873131836923449e+02 -5.731227684276836953e+01 0.000000000000000000e+00 0.000000000000000000e+00 -1.758213747619663536e-02
2.193678945307622598e+03 5.689809885828721008e+02 -5.898028649260903933e+01 0.000000000000000000e+00 0.000000000000000000e+00 -1.818795261079486636e-02
1.815845375847708510e+03 5.628884645641611542e+02 -4.712544583406288012e+01 0.000000000000000000e+00 0.000000000000000000e+00 -9.875954086297866752e-02
1.993176592268051763e+03 8.203219464357501920e+02 -5.455715310144133667e+01 0.000000000000000000e+00 0.000000000000000000e+00 1.308479457672007129e-02
1.807902223956316220e+03 9.761853372395822817e+02 -5.077940261012206236e+01 0.000000000000000000e+00 0.000000000000000000e+00 3.119997966216914165e-02
2.192377465420911903e+03 9.904959114449292201e+02 -6.287955385566364441e+01 0.000000000000000000e+00 0.000000000000000000e+00 -4.221776638424046268e-03
2.184546103925044463e+03 1.315897279396017439e+03 -6.713292279746784175e+01 0.000000000000000000e+00 0.000000000000000000e+00 2.507729649053658250e-03
1.809955194190818702e+03 1.316228532681564502e+03 -5.559209897210278939e+01 0.000000000000000000e+00 0.000000000000000000e+00 2.386316423159229316e-02
1.991323922942314084e+03 1.573457720317692292e+03 -6.541887290550408807e+01 0.000000000000000000e+00 0.000000000000000000e+00 6.216055032240319633e-03
1.802634064403668162e+03 1.732687223436491649e+03 -6.310038791662539381e+01 0.000000000000000000e+00 0.000000000000000000e+00 3.909748149730774003e-02
2.178132818807189324e+03 1.738407199821094309e+03 -7.466749984175513077e+01 0.000000000000000000e+00 0.000000000000000000e+00 2.107112207681893778e-02
2.178743013304698707e+03 2.071114056033748966e+03 -8.225906493374093031e+01 0.000000000000000000e+00 0.000000000000000000e+00 -5.012766478330377140e-03
1.804837850027290642e+03 2.071240233054481450e+03 -7.093454708833918687e+01 0.000000000000000000e+00 0.000000000000000000e+00 6.783284821958091015e-02
1.989185069022533980e+03 2.324275539164303154e+03 -8.290700783871841395e+01 0.000000000000000000e+00 0.000000000000000000e+00 -5.180055622780344038e-02
1.800239516271532693e+03 2.488921717728830572e+03 -8.221506788616279948e+01 0.000000000000000000e+00 0.000000000000000000e+00 -3.251334936318528435e-02
2.172223856823261485e+03 2.497649438928854579e+03 -9.360402399690455866e+01 0.000000000000000000e+00 0.000000000000000000e+00 -2.169925017756213492e-02
2.168795630821605755e+03 2.820230551359077253e+03 -1.035866549178395246e+02 0.000000000000000000e+00 0.000000000000000000e+00 6.392120206834306373e-02
1.788264673314082529e+03 2.813362352613434268e+03 -9.210691698512296455e+01 0.000000000000000000e+00 0.000000000000000000e+00 -6.071572608973951901e-03
1.970510653317013748e+03 3.072409430406525644e+03 -1.061893325621815336e+02 0.000000000000000000e+00 0.000000000000000000e+00 4.365704125824265702e-02
1.784082455517079097e+03 3.228243698484710876e+03 -1.067409692549198326e+02 0.000000000000000000e+00 0.000000000000000000e+00 4.952230317130101866e-02
2.148095158872386037e+03 3.248836737581336365e+03 -1.180937128479016138e+02 0.000000000000000000e+00 0.000000000000000000e+00 1.643678332456488533e-03
8.781754769237502387e+02 -2.446753110797093996e+03 -6.367797711590645804e+01 0.000000000000000000e+00 0.000000000000000000e+00 2.218535865833359821e-02
5.030139405394349978e+02 -2.444502788262449030e+03 -5.952921567772651201e+01 0.000000000000000000e+00 0.000000000000000000e+00 -2.680893230641601122e-02
6.864981359291865601e+02 -2.195942554429401298e+03 -5.389678233552115216e+01 0.000000000000000000e+00 0.000000000000000000e+00 6.335497797631006733e-02
8.617469852283502405e+02 -2.015524218965426826e+03 -5.118608509391047079e+01 0.000000000000000000e+00 0.000000000000000000e+00 9.348450379899730933e-02
4.991886001624684468e+02 -2.034462735926817231e+03 -4.775733087609607708e+01 0.000000000000000000e+00 0.000000000000000000e+00 3.915458431458063160e-02
4.972977979191935560e+02 -1.697076866020779107e+03 -3.964210359565690567e+01 0.000000000000000000e+00 0.000000000000000000e+00 -8.717020669097053087e-02
8.788580749013124205e+02 -1.685130584265624748e+03 -4.357466973140920175e+01 0.000000000000000000e+00 0.000000000000000000e+00 -7.587234222044969556e-02
6.962291054000168060e+02 -1.442561087070356962e+03 -3.638737449639010180e+01 0.000000000000000000e+00 0.000000000000000000e+00 -5.139042122841885885e-03
5.057233731393233143e+02 -1.279051352903176621e+03 -3.167688597006580054e+01 0.000000000000000000e+00 0.000000000000000000e+00 -4.183175901851043932e-02
8.751630954357477776e+02 -1.262675614993381032e+03 -3.549708985726974220e+01 0.000000000000000000e+00 0.000000000000000000e+00 3.786009174167759284e-02
8.792199351969417194e+02 -9.495341153801227847e+02 -3.107969875783534519e+01 0.000000000000000000e+00 0.000000000000000000e+00 -1.213040815639949699e-01
4.947893133119378035e+02 -9.441181583875519436e+02 -2.677428804234580895e+01 0.000000000000000000e+00 0.000000000000000000e+00 -2.491240788459236910e-02
6.771416656774491685e+02 -6.940994060083039585e+02 -2.584309699388085235e+01 0.000000000000000000e+00 0.000000000000000000e+00 -2.958500904640359863e-02
4.891772448486776739e+02 -5.313651620822281529e+02 -2.279338260557070228e+01 0.000000000000000000e+00 0.000000000000000000e+00 -2.767074213749509681e-02
8.792987855006872451e+02 -5.214712373332446305e+02 -2.700927605648729823e+01 0.000000000000000000e+00 0.000000000000000000e+00 -1.838480749265158920e-02
8.758636613171744330e+02 -1.894371338951893904e+02 -2.542954493449983389e+01 0.000000000000000000e+00 0.000000000000000000e+00 -4.323173628916521238e-02
4.975478333202705699e+02 -1.989297836844167477e+02 -2.129166683942037253e+01 0.000000000000000000e+00 0.000000000000000000e+00 -2.394898090457431294e-02
6.814764283940406813e+02 2.985508445766518193e+01 -2.277502106900927004e+01 0.000000000000000000e+00 0.000000000000000000e+00 -1.652519611126734844e-02
4.924968830049051576e+02 2.076362332453885529e+02 -2.126651685899839705e+01 0.000000000000000000e+00 0.000000000000000000e+00 -1.536670350074587077e-02
8.637149965003433181e+02 2.249867552888802607e+02 -2.533281295835691793e+01 0.000000000000000000e+00 0.000000000000000000e+00 8.862389292382033545e-03
8.682080277793473897e+02 5.491953920552143700e+02 -2.697266767416488165e+01 0.000000000000000000e+00 0.000000000000000000e+00 -9.461234945689511733e-03
4.893706408033012849e+02 5.499077161154394844e+02 -2.288789961209580071e+01 0.000000000000000000e+00 0.000000000000000000e+00 2.082952305971730311e-02
6.696035296275392739e+02 8.089886825033902369e+02 -2.677148274758979341e+01 0.000000000000000000e+00 0.000000000000000000e+00 -3.264362282649813096e-02
4.869539425236366128e+02 9.630557998637473247e+02 -2.681766968737457901e+01 0.000000000000000000e+00 0.000000000000000000e+00 -6.598867687024778661e-02
8.535092059235840907e+02 9.787881045191618341e+02 -3.089327113956402471e+01 0.000000000000000000e+00 0.000000000000000000e+00 3.018112951408724598e-02
8.586672688580115391e+02 1.307892177007764758e+03 -3.566133918033335704e+01 0.000000000000000000e+00 0.000000000000000000e+00 -4.526154418975636418e-03
4.927646568500013586e+02 1.300233093278833621e+03 -3.165039006589973525e+01 0.000000000000000000e+00 0.000000000000000000e+00 -1.136170309416328905e-02
6.575686907719373266e+02 1.553227145234920499e+03 -3.763568882416821282e+01 0.000000000000000000e+00 0.000000000000000000e+00 -8.231501223831827474e-02
4.727062324551909001e+02 1.721039190833357907e+03 -3.941026216328185683e+01 0.000000000000000000e+00 0.000000000000000000e+00 -8.074199234472700937e-02
8.508336059211759448e+02 1.724007996177973610e+03 -4.337535815161428587e+01 0.000000000000000000e+00 0.000000000000000000e+00 -5.084484967199642824e-02
8.391914908041934495e+02 2.057379762713535001e+03 -5.097131940685204654e+01 0.000000000000000000e+00 0.000000000000000000e+00 -2.021159780255743499e-03
4.632094734959911762e+02 2.037770433696317014e+03 -4.668719273337185882e+01 0.000000000000000000e+00 0.000000000000000000e+00 -5.296038117609924711e-02
6.459663131468477104e+02 2.294941814821164826e+03 -5.507532682118447553e+01 0.000000000000000000e+00 0.000000000000000000e+00 -4.258023742733740846e-02
4.569262515270233962e+02 2.467598294735422314e+03 -5.847895158581341946e+01 0.000000000000000000e+00 0.000000000000000000e+00 -5.234344263465118274e-02
8.341030007765244818e+02 2.472537019451319338e+03 -6.236018359689716561e+01 0.000000000000000000e+00 0.000000000000000000e+00 2.764721512157564121e-02
8.376870004364877786e+02 2.799623653069248576e+03 -7.280805518277520605e+01 0.000000000000000000e+00 0.000000000000000000e+00 2.192314980320020368e-02
4.645195116133766646e+02 2.795511886240579770e+03 -6.897528725862964905e+01 0.000000000000000000e+00 0.000000000000000000e+00 -6.341666857159111714e-02
6.396448523569553117e+02 3.044040390932517766e+03 -7.914773116872750336e+01 0.000000000000000000e+00 0.000000000000000000e+00 2.358983115144042131e-02
4.434908259635105310e+02 3.209294451081526859e+03 -8.370857208831037610e+01 0.000000000000000000e+00 0.000000000000000000e+00 -6.603626481091851019e-02
8.193931257760234530e+02 3.221458590419591019e+03 -8.774190691873204173e+01 0.000000000000000000e+00 0.000000000000000000e+00 -5.096876671979089224e-02
1.502900481785337206e+03 3.239140890807886080e+03 -1.002854323671805616e+02 0.000000000000000000e+00 0.000000000000000000e+00 4.804015346226719885e-02
1.129776350130776109e+03 3.228993330581430200e+03 -9.256466580269017186e+01 0.000000000000000000e+00 0.000000000000000000e+00 1.165224052412838773e-02
1.301486380594486263e+03 3.063463001656666620e+03 -8.952655665903668591e+01 0.000000000000000000e+00 0.000000000000000000e+00 -1.557534952377181980e-02
1.127632773414681196e+03 2.816064009344959686e+03 -7.768176932868985318e+01 0.000000000000000000e+00 0.000000000000000000e+00 1.721922412809817615e-02
1.513310050263301491e+03 2.819196456147803019e+03 -8.547833997905031822e+01 0.000000000000000000e+00 0.000000000000000000e+00 1.108945255646176520e-02
1.505727452801908839e+03 2.481385853152524760e+03 -7.461133829047533084e+01 0.000000000000000000e+00 0.000000000000000000e+00 2.434193501058246056e-02
1.127650592069138156e+03 2.470275937314151633e+03 -6.669620970160288209e+01 0.000000000000000000e+00 0.000000000000000000e+00 4.451473912763503904e-02
1.326501919427393887e+03 2.315738816969581876e+03 -6.595812677615730024e+01 0.000000000000000000e+00 0.000000000000000000e+00 -1.590180272302177400e-02
1.510735236188392719e+03 2.059251998193768031e+03 -6.317302599954962261e+01 0.000000000000000000e+00 0.000000000000000000e+00 5.572638695102938300e-02
1.139142292081948654e+03 2.060902400154460793e+03 -5.564136696582002628e+01 0.000000000000000000e+00 0.000000000000000000e+00 4.539670735653089650e-03
1.138917553483175197e+03 1.728479252631503414e+03 -4.792737539275645275e+01 0.000000000000000000e+00 0.000000000000000000e+00 1.268487445193500207e-02
1.508717682243579702e+03 1.730873867059653321e+03 -5.556125136156343558e+01 0.000000000000000000e+00 0.000000000000000000e+00 1.492213063254865801e-02
1.320832050262299845e+03 1.566325881480842554e+03 -4.812088439165712828e+01 0.000000000000000000e+00 0.000000000000000000e+00 3.494631647633639204e-02
1.138510071896022282e+03 1.302942985981878110e+03 -3.996184665724827312e+01 0.000000000000000000e+00 0.000000000000000000e+00 2.929708966971134032e-02
1.505688031681338998e+03 1.318314013218327091e+03 -4.779031121654465863e+01 0.000000000000000000e+00 0.000000000000000000e+00 2.270346877057960455e-02
1.521226551654816149e+03 9.844665138486471960e+02 -4.342666315521667286e+01 0.000000000000000000e+00 0.000000000000000000e+00 -1.304066314825291784e-02
1.138241509564481248e+03 9.843996888292532503e+02 -3.543171626913111538e+01 0.000000000000000000e+00 0.000000000000000000e+00 -1.800267608818018061e-02
1.333657635471069852e+03 8.118198589205443341e+02 -3.730628797033662636e+01 0.000000000000000000e+00 0.000000000000000000e+00 1.780824163827077200e-02
1.151034189870961427e+03 5.669196906907792481e+02 -3.162430650279306121e+01 0.000000000000000000e+00 0.000000000000000000e+00 7.381195786653194091e-03
1.520887644035961102e+03 5.645910473215828915e+02 -3.940915017026992473e+01 0.000000000000000000e+00 0.000000000000000000e+00 -2.501997078653062090e-03
1.530212936175147661e+03 2.350124196614612515e+02 -3.802277903300538497e+01 0.000000000000000000e+00 0.000000000000000000e+00 4.470440327040137163e-04
1.152187542259158135e+03 2.200828672088734947e+02 -2.994744506726350863e+01 0.000000000000000000e+00 0.000000000000000000e+00 6.838795563020028112e-04
1.330805910208452588e+03 6.469851097335885015e+01 -3.320451207583310804e+01 0.000000000000000000e+00 0.000000000000000000e+00 -8.250551945238271401e-03
1.530300254301659379e+03 -1.864459945282755484e+02 -3.795886444150258399e+01 0.000000000000000000e+00 0.000000000000000000e+00 2.403156120322336164e-02
1.150085346975589118e+03 -1.946303496368184938e+02 -2.987889575200846792e+01 0.000000000000000000e+00 0.000000000000000000e+00 -5.635082212361197662e-03
1.158765146795235296e+03 -5.257313485816633829e+02 -3.159279753191540863e+01 0.000000000000000000e+00 0.000000000000000000e+00 -5.759453226144017890e-02
1.532933491369809190e+03 -5.114190199715728227e+02 -3.951199987624537613e+01 0.000000000000000000e+00 0.000000000000000000e+00 -5.253045343039275394e-02
1.338742231443754235e+03 -6.797918367005773916e+02 -3.637995900755270640e+01 0.000000000000000000e+00 0.000000000000000000e+00 -5.762907047655119186e-02
1.167308410497862496e+03 -9.401494821851432562e+02 -3.568025233735657764e+01 0.000000000000000000e+00 0.000000000000000000e+00 1.282915302688536485e-02
1.533896446115985327e+03 -9.473020559996394923e+02 -4.364720508303443580e+01 0.000000000000000000e+00 0.000000000000000000e+00 -3.751129586731849486e-03
1.533547160284328356e+03 -1.259775734546617059e+03 -4.807505916832206339e+01 0.000000000000000000e+00 0.000000000000000000e+00 1.502603303158878134e-02
1.166153208807960937e+03 -1.274100688804417132e+03 -4.042808901331328286e+01 0.000000000000000000e+00 0.000000000000000000e+00 8.519385311380744952e-03
1.348454661029267754e+03 -1.437128851728060681e+03 -4.691730143923857099e+01 0.000000000000000000e+00 0.000000000000000000e+00 -1.341496501238026440e-02
1.168281307336733335e+03 -1.686143047212606007e+03 -4.830968437968425633e+01 0.000000000000000000e+00 0.000000000000000000e+00 6.698093106919600359e-03
1.537008205373212149e+03 -1.695436556258589462e+03 -5.640134350965384868e+01 0.000000000000000000e+00 0.000000000000000000e+00 -8.933369082413378237e-02
1.545879799106822702e+03 -2.015073377602131131e+03 -6.416295743290798725e+01 0.000000000000000000e+00 0.000000000000000000e+00 -5.743814667523849948e-02
1.173319203684256991e+03 -2.023684717948360912e+03 -5.641482634696988896e+01 0.000000000000000000e+00 0.000000000000000000e+00 -9.583884167710721158e-03
1.350098022201990489e+03 -2.193687566737615725e+03 -6.448490451387576172e+01 0.000000000000000000e+00 0.000000000000000000e+00 -2.936005240576378128e-02
1.179469338948256564e+03 -2.445794826507162725e+03 -6.850686025631128473e+01 0.000000000000000000e+00 0.000000000000000000e+00 -9.452326033468239075e-03
1.532349461099785913e+03 -2.430650021708160693e+03 -7.549709544101841630e+01 0.000000000000000000e+00 0.000000000000000000e+00 -3.576991528149164878e-03
1.553214012171284594e+03 -2.771551435280510759e+03 -8.705852860608824528e+01 0.000000000000000000e+00 0.000000000000000000e+00 -4.508821633828574704e-02
1.178066044653671952e+03 -2.774917640027569178e+03 -7.927770463842519177e+01 0.000000000000000000e+00 0.000000000000000000e+00 2.371512600274172655e-02
1.371362298670773953e+03 -2.932977962701678734e+03 -8.868256274008754758e+01 0.000000000000000000e+00 0.000000000000000000e+00 5.174898945797679062e-02
1.206070440725895878e+03 -3.174968630175761518e+03 -9.453782069979860125e+01 0.000000000000000000e+00 0.000000000000000000e+00 -2.706213319487460467e-02
1.564531872878820650e+03 -3.182859660203763724e+03 -1.023706817556816588e+02 0.000000000000000000e+00 0.000000000000000000e+00 6.304375751525981286e-03
9.003143593458122496e+02 -3.183008452687037334e+03 -8.993654690343284130e+01 0.000000000000000000e+00 0.000000000000000000e+00 -2.445455924133455028e-02
5.180350584480519274e+02 -3.190998118456591328e+03 -8.609287442189193484e+01 0.000000000000000000e+00 0.000000000000000000e+00 1.622709975110581127e-02
6.961572123665877143e+02 -2.939062785106618776e+03 -7.814578763162883490e+01 0.000000000000000000e+00 0.000000000000000000e+00 3.688185375759189810e-02
5.198963920613540495e+02 -2.774746382047832867e+03 -7.058305686915569765e+01 0.000000000000000000e+00 0.000000000000000000e+00 -3.020954319823943024e-02
8.901519572803305209e+02 -2.771527755602187426e+03 -7.453988290370624270e+01 0.000000000000000000e+00 0.000000000000000000e+00 -2.039924468358833565e-02
1.732816210696237818e+02 3.221627267041654704e+03 -8.292624785017608247e+01 0.000000000000000000e+00 0.000000000000000000e+00 2.301732286341007239e-03
-2.038591239392092689e+02 3.215212876294885064e+03 -8.276714158864234605e+01 0.000000000000000000e+00 0.000000000000000000e+00 3.992744842818751749e-03
-2.882173778764087757e+01 3.056614175516813248e+03 -7.651970974828249439e+01 0.000000000000000000e+00 0.000000000000000000e+00 -1.303296194772940453e-02
-1.909334925488252566e+02 2.803733366202252455e+03 -6.788734643998577667e+01 0.000000000000000000e+00 0.000000000000000000e+00 -3.801811374539454391e-02
1.452961456701835345e+02 2.790467843569997513e+03 -6.732294623626965802e+01 0.000000000000000000e+00 0.000000000000000000e+00 1.255182188913295249e-02
1.858124205393010016e+02 2.474780412623101711e+03 -5.735685449260409996e+01 0.000000000000000000e+00 0.000000000000000000e+00 1.378928646212074227e-02
-1.863919696250131892e+02 2.463825869179818710e+03 -5.702930487205505727e+01 0.000000000000000000e+00 0.000000000000000000e+00 6.444817701670046972e-03
-3.287988703066372409e+01 2.309808990476938561e+03 -5.228593139494605424e+01 0.000000000000000000e+00 0.000000000000000000e+00 2.009424927958036733e-02
-1.791128556990310585e+02 2.044040979947156529e+03 -4.542922377847469306e+01 0.000000000000000000e+00 0.000000000000000000e+00 8.655226146039751711e-03
1.541576945410838562e+02 2.039353382140771373e+03 -4.524688322460038847e+01 0.000000000000000000e+00 0.000000000000000000e+00 3.799826843100362339e-02
1.927999283623935867e+02 1.741288395764661800e+03 -3.839027818730561137e+01 0.000000000000000000e+00 0.000000000000000000e+00 3.170675134626321778e-03
-1.777415264817474281e+02 1.716684389357483496e+03 -3.781899574637662909e+01 0.000000000000000000e+00 0.000000000000000000e+00 -1.245026843067620348e-02
-1.355559838091077651e+01 1.532484006908268839e+03 -3.385132925856229491e+01 0.000000000000000000e+00 0.000000000000000000e+00 1.266636385484787297e-02
-1.521803785953709394e+02 1.332751180775029752e+03 -3.045706447298333330e+01 0.000000000000000000e+00 0.000000000000000000e+00 5.532765108619130956e-02
1.663445160275878152e+02 1.304534277323868309e+03 -3.002657325052156523e+01 0.000000000000000000e+00 0.000000000000000000e+00 -1.831419145144508320e-03
1.901045315759379832e+02 9.617211166105626035e+02 -2.520981278017727689e+01 0.000000000000000000e+00 0.000000000000000000e+00 -1.708595658496037117e-02
-1.681618809885850965e+02 9.651584281185990903e+02 -2.518931422247383978e+01 0.000000000000000000e+00 0.000000000000000000e+00 1.383720700874846443e-02
-3.838796090610350831e+01 8.138600469457876443e+02 -2.327560806417080386e+01 0.000000000000000000e+00 0.000000000000000000e+00 1.584921863540245113e-02
-1.574053449639565088e+02 5.530501257372387727e+02 -2.119929667924888150e+01 0.000000000000000000e+00 0.000000000000000000e+00 1.955630344922809627e-02
1.762772562425445244e+02 5.351848036300403919e+02 -2.112585458333708743e+01 0.000000000000000000e+00 0.000000000000000000e+00 -7.628373907639485196e-03
2.277601861119598539e+02 2.991341772393683414e+02 -2.003734455672435644e+01 0.000000000000000000e+00 0.000000000000000000e+00 3.290202866516267477e-03
-1.646156199661123765e+02 2.243447357140730105e+02 -1.958915463369355336e+01 0.000000000000000000e+00 0.000000000000000000e+00 3.321788765317990055e-02
5.749374067607783445e+01 1.008334381846157015e+02 -1.914167127380327571e+01 0.000000000000000000e+00 0.000000000000000000e+00 -9.960598250177810087e-03
-1.611768984821921435e+02 -1.958866643457128589e+02 -1.950530097145635722e+01 0.000000000000000000e+00 0.000000000000000000e+00 -2.349601882610130588e-03
1.873848025164780893e+02 -1.933948043757671371e+02 -1.957242852575312497e+01 0.000000000000000000e+00 0.000000000000000000e+00 1.909017479025720831e-02
2.366376389201747088e+02 -4.564470631217536720e+02 -2.084207241109123387e+01 0.000000000000000000e+00 0.000000000000000000e+00 -3.440065499416533612e-02
-1.633954133109841678e+02 -5.258705763421829715e+02 -2.104643066398266171e+01 0.000000000000000000e+00 0.000000000000000000e+00 3.103838683601978232e-02
3.061576017211757872e+01 -6.865203940874935142e+02 -2.209680370000696215e+01 0.000000000000000000e+00 0.000000000000000000e+00 -1.873504583087992614e-03
-1.509697823340252398e+02 -9.444822043233434670e+02 -2.499272206445226630e+01 0.000000000000000000e+00 0.000000000000000000e+00 1.377493362834059099e-02
1.797413656214348521e+02 -9.508915819270174552e+02 -2.514788535054071161e+01 0.000000000000000000e+00 0.000000000000000000e+00 3.062546100952800998e-02
2.211018408021407140e+02 -1.198388880198774359e+03 -2.872232598528429293e+01 0.000000000000000000e+00 0.000000000000000000e+00 4.671412711587308308e-02
-1.585676623411176820e+02 -1.283859075430666962e+03 -2.990378524844943087e+01 0.000000000000000000e+00 0.000000000000000000e+00 -2.577624347588880482e-02
2.497380982353740109e+01 -1.452950499780582049e+03 -3.269943717393068283e+01 0.000000000000000000e+00 0.000000000000000000e+00 -2.636715696976210666e-02
-1.616214463510551695e+02 -1.715652244118633689e+03 -3.828063814901805983e+01 0.000000000000000000e+00 0.000000000000000000e+00 1.522783714850106662e-02
1.844737986754242343e+02 -1.709201298719189026e+03 -3.820142399079310991e+01 0.000000000000000000e+00 0.000000000000000000e+00 -4.115815974245151665e-03
2.489000621316057504e+02 -1.952266946263386671e+03 -4.415924136573748626e+01 0.000000000000000000e+00 0.000000000000000000e+00 6.586132140543554669e-02
-1.600635585093504005e+02 -2.036271238968242415e+03 -4.602395291571750136e+01 0.000000000000000000e+00 0.000000000000000000e+00 2.763719945868103878e-03
2.121383439569452989e+01 -2.201380025660541833e+03 -5.031429878559198698e+01 0.000000000000000000e+00 0.000000000000000000e+00 3.739682678384070869e-02
-1.564876152093158908e+02 -2.453900074604592191e+03 -5.801845573882413731e+01 0.000000000000000000e+00 0.000000000000000000e+00 -1.141206185405252427e-02
1.872246260354887681e+02 -2.452707090428820720e+03 -5.806460531809430847e+01 0.000000000000000000e+00 0.000000000000000000e+00 -1.301206613819516633e-02
2.312803348274246105e+02 -2.771532995210734043e+03 -6.877580656503167233e+01 0.000000000000000000e+00 0.000000000000000000e+00 1.513307398839458529e-02
-1.235342440473035452e+02 -2.783464501882338936e+03 -6.889509324067111606e+01 0.000000000000000000e+00 0.000000000000000000e+00 7.487938794052695357e-02
4.304583398257382498e+01 -2.967297485235806107e+03 -7.544246081214562594e+01 0.000000000000000000e+00 0.000000000000000000e+00 5.557483533502249884e-02
-1.283166379287643508e+02 -3.202759866025880001e+03 -8.462153189681831122e+01 0.000000000000000000e+00 0.000000000000000000e+00 -1.667283457879875641e-02
1.801967315420530440e+02 -3.201519996625970634e+03 -8.469546751053600531e+01 0.000000000000000000e+00 0.000000000000000000e+00 2.451333864618732150e-02
-8.273633787525920980e+02 -3.220780632690764378e+03 -9.046464180184608495e+01 0.000000000000000000e+00 0.000000000000000000e+00 5.889563799671293509e-02
-4.800022498184759456e+02 -3.203059314637120224e+03 -8.627909994210993716e+01 0.000000000000000000e+00 0.000000000000000000e+00 7.559147709281432981e-02
-6.221797921329723522e+02 -2.966252597847792913e+03 -7.839399347124391682e+01 0.000000000000000000e+00 0.000000000000000000e+00 5.826836132939661184e-02
-8.083005293966268709e+02 -2.780230002061344294e+03 -7.376157541210940849e+01 0.000000000000000000e+00 0.000000000000000000e+00 2.815997094003819257e-02
-4.741326411788815562e+02 -2.779887487073328884e+03 -7.040772635036299221e+01 0.000000000000000000e+00 0.000000000000000000e+00 2.190526160893568886e-02
-8.234426949936649862e+02 -2.463452186337310650e+03 -6.346637073130082740e+01 0.000000000000000000e+00 0.000000000000000000e+00 1.120234055407394180e-01
-4.677610848466450761e+02 -2.449897491982062547e+03 -5.942733423756722289e+01 0.000000000000000000e+00 0.000000000000000000e+00 4.717895252255743799e-02
-6.663443444056364342e+02 -2.196811850775281073e+03 -5.370521981186934823e+01 0.000000000000000000e+00 0.000000000000000000e+00 9.287692530580926586e-02
-8.024385993777682415e+02 -2.025860631382815654e+03 -5.067046675237966014e+01 0.000000000000000000e+00 0.000000000000000000e+00 1.211000912332025337e-01
-4.842161164557126085e+02 -2.026139921894855661e+03 -4.742317111007645281e+01 0.000000000000000000e+00 0.000000000000000000e+00 1.753650134661910442e-02
-8.009498249033185857e+02 -1.697991963119581897e+03 -4.281106828787360996e+01 0.000000000000000000e+00 0.000000000000000000e+00 8.609436676759685270e-02
-4.953041515259808989e+02 -1.676982042077710275e+03 -3.918909405217183917e+01 0.000000000000000000e+00 0.000000000000000000e+00 3.924852029572889478e-02
-6.471646607031996155e+02 -1.447525173532018243e+03 -3.595212461665920500e+01 0.000000000000000000e+00 0.000000000000000000e+00 8.589283584171170105e-02
-8.062923900497959266e+02 -1.303782424749043230e+03 -3.525119456661571604e+01 0.000000000000000000e+00 0.000000000000000000e+00 8.052828133970990621e-02
-5.136882426615920849e+02 -1.261905872499801035e+03 -3.146044843771666422e+01 0.000000000000000000e+00 0.000000000000000000e+00 1.228822663593476250e-02
-8.151225631975881925e+02 -9.586963133230161702e+02 -3.032226453426748947e+01 0.000000000000000000e+00 0.000000000000000000e+00 4.269490135608222658e-02
-4.693046344149725542e+02 -9.596201755824016573e+02 -2.676760797394793556e+01 0.000000000000000000e+00 0.000000000000000000e+00 5.743393661037998754e-02
-6.587527042307540341e+02 -7.162401814462912171e+02 -2.584772249420313628e+01 0.000000000000000000e+00 0.000000000000000000e+00 -1.760728429535873829e-02
-8.420944856115570474e+02 -5.419380746011843257e+02 -2.663701020167482625e+01 0.000000000000000000e+00 0.000000000000000000e+00 6.334108089200540803e-02
-4.728237884923664751e+02 -5.357156905988692870e+02 -2.269694244007651207e+01 0.000000000000000000e+00 0.000000000000000000e+00 1.664083693549756049e-02
-8.394114699502823669e+02 -2.169663318077253962e+02 -2.500237554675891616e+01 0.000000000000000000e+00 0.000000000000000000e+00 -7.227740711460484135e-03
-4.745563630572502802e+02 -2.036093917751881008e+02 -2.112453427015899976e+01 0.000000000000000000e+00 0.000000000000000000e+00 3.720990791212130944e-03
-6.571936276912191488e+02 3.253007852429692548e+01 -2.251598861404610119e+01 0.000000000000000000e+00 0.000000000000000000e+00 -1.607021529557428607e-02
-8.094552853051525290e+02 2.080192585605465752e+02 -2.456288475499182766e+01 0.000000000000000000e+00 0.000000000000000000e+00 -1.271839463785795488e-02
-4.906488240247990120e+02 2.181792253708716203e+02 -2.128049963648565779e+01 0.000000000000000000e+00 0.000000000000000000e+00 2.073280755142903331e-02
-8.442615807521276565e+02 5.308084766592635333e+02 -2.652197720379614410e+01 0.000000000000000000e+00 0.000000000000000000e+00 7.852467123252537817e-02
-4.669466796693238280e+02 5.436858592947182842e+02 -2.267398388515238494e+01 0.000000000000000000e+00 0.000000000000000000e+00 4.802119144467553724e-02
-6.612239238145070885e+02 7.884414851607110677e+02 -2.647630907183431503e+01 0.000000000000000000e+00 0.000000000000000000e+00 3.680131504555461674e-02
-8.365710042808977960e+02 9.615067883079077546e+02 -3.045721689450247283e+01 0.000000000000000000e+00 0.000000000000000000e+00 2.787174065948860857e-02
-4.930633847465453528e+02 9.668915751046156402e+02 -2.691166461048648983e+01 0.000000000000000000e+00 0.000000000000000000e+00 5.387716689808996762e-02
-8.413142834683602587e+02 1.294323993461318878e+03 -3.520990519533592078e+01 0.000000000000000000e+00 0.000000000000000000e+00 5.042290760314926956e-03
-4.736253236143568301e+02 1.284344805034942510e+03 -3.124796755793850878e+01 0.000000000000000000e+00 0.000000000000000000e+00 -1.218632151701726229e-02
-6.875710017497499393e+02 1.548059558816896697e+03 -3.785196281925823314e+01 0.000000000000000000e+00 0.000000000000000000e+00 6.808630679927318852e-03
-8.421851552389179005e+02 1.707756752688265578e+03 -4.291708559925884003e+01 0.000000000000000000e+00 0.000000000000000000e+00 -1.637449709377847284e-02
-5.201075089331568506e+02 1.716861853366353671e+03 -3.968864898264165930e+01 0.000000000000000000e+00 0.000000000000000000e+00 -7.795079563130968836e-03
-8.363299243372156297e+02 2.062269766550271470e+03 -5.105760041172663932e+01 0.000000000000000000e+00 0.000000000000000000e+00 4.140427835377380461e-02
-5.287472212015045443e+02 2.055436671123750784e+03 -4.763538286064778049e+01 0.000000000000000000e+00 0.000000000000000000e+00 4.738488179345523577e-02
-6.656148093741970797e+02 2.287184670996914065e+03 -5.505700562612233284e+01 0.000000000000000000e+00 0.000000000000000000e+00 4.447918039112153110e-03
-4.780856932674389554e+02 2.446558588720415628e+03 -5.800220999781173248e+01 0.000000000000000000e+00 0.000000000000000000e+00 -9.235128545292070612e-03
-8.676856697713968742e+02 2.516967538964934192e+03 -6.413973646629264636e+01 0.000000000000000000e+00 0.000000000000000000e+00 4.020280847676360736e-02
-8.473062342809671463e+02 2.822970745816501221e+03 -7.371917952771615035e+01 0.000000000000000000e+00 0.000000000000000000e+00 5.869546329506647453e-03
-5.335097544132088387e+02 2.805688087080794958e+03 -6.984245684446253222e+01 0.000000000000000000e+00 0.000000000000000000e+00 1.311452442568850074e-02
-6.688007462808863011e+02 3.047276907092733836e+03 -7.955363460364664263e+01 0.000000000000000000e+00 0.000000000000000000e+00 -1.978842101223676764e-03
-8.575837976930782816e+02 3.203124110767320872e+03 -8.752360539516075733e+01 0.000000000000000000e+00 0.000000000000000000e+00 -1.228705669139174006e-02
-5.110286757606947390e+02 3.207583235813086958e+03 -8.412835214036905995e+01 0.000000000000000000e+00 0.000000000000000000e+00 1.422398094987897821e-02
-1.521823914839708095e+03 3.185231901772507172e+03 -9.867453313504529433e+01 0.000000000000000000e+00 0.000000000000000000e+00 1.786598918482695808e-02
-1.145242261251308946e+03 3.195904966855560815e+03 -9.157046632381707241e+01 0.000000000000000000e+00 0.000000000000000000e+00 9.919907591381615930e-03
-1.359373483346020976e+03 3.094339195365873820e+03 -9.180753890214340629e+01 0.000000000000000000e+00 0.000000000000000000e+00 -1.963209710443436506e-02
-1.525171275699754005e+03 2.844768212986461549e+03 -8.661057180526979948e+01 0.000000000000000000e+00 0.000000000000000000e+00 4.623317849379304789e-02
-1.147526470623927253e+03 2.792434883941617045e+03 -7.723144880781109123e+01 0.000000000000000000e+00 0.000000000000000000e+00 5.072796940261525833e-02
-1.522325239549750222e+03 2.516746140651144287e+03 -7.605255015823860276e+01 0.000000000000000000e+00 0.000000000000000000e+00 1.804487950519728656e-02
-1.185110718119548210e+03 2.467769063804229972e+03 -6.763605313331594004e+01 0.000000000000000000e+00 0.000000000000000000e+00 -1.276119891556959374e-02
-1.337055415988429786e+03 2.349083162195389832e+03 -6.711239311316960254e+01 0.000000000000000000e+00 0.000000000000000000e+00 3.468090260838607719e-03
-1.469191459087711564e+03 2.071737256368040562e+03 -6.253555188461063352e+01 0.000000000000000000e+00 0.000000000000000000e+00 1.155736458843392711e-02
-1.131131984211536746e+03 2.035971668730241163e+03 -5.487806302051757967e+01 0.000000000000000000e+00 0.000000000000000000e+00 -2.001396926052478875e-02
-1.499408111249123749e+03 1.770441433666557259e+03 -5.618969410648490737e+01 0.000000000000000000e+00 0.000000000000000000e+00 1.333676891981383505e-03
-1.169181902461125901e+03 1.727734834852443782e+03 -4.845382653209021839e+01 0.000000000000000000e+00 0.000000000000000000e+00 2.886398225748365576e-02
-1.332426462968898022e+03 1.592778925334293262e+03 -4.887306721984553803e+01 0.000000000000000000e+00 0.000000000000000000e+00 -1.435482903595897142e-02
-1.500718836173265572e+03 1.340833646213769043e+03 -4.804181595072239475e+01 0.000000000000000000e+00 0.000000000000000000e+00 -3.330846355042638152e-02
-1.154629416535250812e+03 1.339574224336699444e+03 -4.085049019271090742e+01 0.000000000000000000e+00 0.000000000000000000e+00 -4.844432227621098264e-02
-1.480058959132662494e+03 9.737666379433583188e+02 -4.232988946045806244e+01 0.000000000000000000e+00 0.000000000000000000e+00 -2.388311028855127915e-02
-1.201880038121436883e+03 9.956345831917617488e+02 -3.674148536664719700e+01 0.000000000000000000e+00 0.000000000000000000e+00 -4.773621825872709223e-02
-1.344083889061204218e+03 8.397568689742128072e+02 -3.781212676149998941e+01 0.000000000000000000e+00 0.000000000000000000e+00 -2.397276864356001624e-02
-1.471062935146602285e+03 5.584849289609580865e+02 -3.819271129169507617e+01 0.000000000000000000e+00 0.000000000000000000e+00 8.745927307771239612e-03
-1.184448338880534038e+03 5.753563115230740550e+02 -3.230192222128325596e+01 0.000000000000000000e+00 0.000000000000000000e+00 9.794455701140236670e-03
-1.144052757863767283e+03 2.687469277394603182e+02 -2.994583693342393360e+01 0.000000000000000000e+00 0.000000000000000000e+00 4.134952434364436158e-02
-1.482447108204155711e+03 2.533674855411459816e+02 -3.693954535354936297e+01 0.000000000000000000e+00 0.000000000000000000e+00 1.961716775178956595e-02
-1.285239388613227902e+03 8.928577921207843815e+01 -3.227942090067646319e+01 0.000000000000000000e+00 0.000000000000000000e+00 2.681105601428157570e-02
-1.538375772743399921e+03 -1.755788665495978762e+02 -3.812865835012127746e+01 0.000000000000000000e+00 0.000000000000000000e+00 3.253496213663709113e-02
-1.152930051442736385e+03 -1.570241381973822854e+02 -2.984343679512745950e+01 0.000000000000000000e+00 0.000000000000000000e+00 9.826018047977669312e-03
-1.518098736861802763e+03 -4.944541755601569548e+02 -3.904180860095843286e+01 0.000000000000000000e+00 0.000000000000000000e+00 2.935636862343216080e-02
-1.170271449519523685e+03 -5.135064943123816192e+02 -3.172431957396099733e+01 0.000000000000000000e+00 0.000000000000000000e+00 2.325581330028825278e-02
-1.314265722412655578e+03 -7.132372865257345893e+02 -3.616422877983850981e+01 0.000000000000000000e+00 0.000000000000000000e+00 -2.297433490970490766e-02
-1.498991640990827591e+03 -9.663533009194433134e+02 -4.304218062431571923e+01 0.000000000000000000e+00 0.000000000000000000e+00 -2.944731915420106816e-03
-1.159970325177115001e+03 -9.382858317248566209e+02 -3.552131245601526643e+01 0.000000000000000000e+00 0.000000000000000000e+00 1.566462870961515819e-02
-1.504577288933963473e+03 -1.231692826020586153e+03 -4.692832555617734158e+01 0.000000000000000000e+00 0.000000000000000000e+00 2.020639593937545442e-02
-1.183179637238951045e+03 -1.258682101948168111e+03 -4.049531089551442165e+01 0.000000000000000000e+00 0.000000000000000000e+00 4.207584060889502098e-02
-1.360988566185858872e+03 -1.465477680126002042e+03 -4.771500467773600462e+01 0.000000000000000000e+00 0.000000000000000000e+00 -4.454629926634368076e-02
-1.513818886527275481e+03 -1.676366839485013315e+03 -5.543297859486382606e+01 0.000000000000000000e+00 0.000000000000000000e+00 -2.165946020557001361e-01
-1.179005376968333849e+03 -1.678361672579628703e+03 -4.834155809281976701e+01 0.000000000000000000e+00 0.000000000000000000e+00 -4.307991486239615142e-02
-1.461998070355323989e+03 -1.998619409670452114e+03 -6.176394500666747689e+01 0.000000000000000000e+00 0.000000000000000000e+00 8.469295518054309468e-03
-1.123653786254871648e+03 -1.986505589082370307e+03 -5.456159178495302342e+01 0.000000000000000000e+00 0.000000000000000000e+00 3.585657648001472353e-02
-1.288340348904911707e+03 -2.221122789332721823e+03 -6.397480857604600146e+01 0.000000000000000000e+00 0.000000000000000000e+00 -3.360861845200702192e-02
-1.473242024590200117e+03 -2.472517076770750464e+03 -7.540630027611302921e+01 0.000000000000000000e+00 0.000000000000000000e+00 -3.840465957317462653e-02
-1.096287444356536753e+03 -2.469481084537143033e+03 -6.776184840721197133e+01 0.000000000000000000e+00 0.000000000000000000e+00 -1.132186716079388589e-01
-1.493824851883990959e+03 -2.792920818618558769e+03 -8.640657854579424679e+01 0.000000000000000000e+00 0.000000000000000000e+00 -5.334947331068917720e-02
-1.145972853592963020e+03 -2.777163237534619839e+03 -7.877824003483648596e+01 0.000000000000000000e+00 0.000000000000000000e+00 -5.591694042924189034e-02
-1.299119306737138231e+03 -2.887686712345485375e+03 -8.556819913303033331e+01 0.000000000000000000e+00 0.000000000000000000e+00 -8.733748610487168662e-02
-1.474066558122305423e+03 -3.143883581935883285e+03 -9.878932299628398539e+01 0.000000000000000000e+00 0.000000000000000000e+00 -5.342914737397563840e-03
-1.131819125444747215e+03 -3.192479842719749286e+03 -9.390064530440807289e+01 0.000000000000000000e+00 0.000000000000000000e+00 -1.931079504397814617e-02
-2.191894648957519166e+03 3.181190870697449554e+03 -1.169694962847702442e+02 0.000000000000000000e+00 0.000000000000000000e+00 2.216090081250854382e-02
-1.867958316257638899e+03 3.199840051891082567e+03 -1.079442804468719856e+02 0.000000000000000000e+00 0.000000000000000000e+00 1.229568467105934815e-02
-2.059829606275628976e+03 3.065730874935351494e+03 -1.086199872751190583e+02 0.000000000000000000e+00 0.000000000000000000e+00 2.932618572069145557e-02
-2.239921104303565244e+03 2.785735923700213789e+03 -1.047870775939237262e+02 0.000000000000000000e+00 0.000000000000000000e+00 8.751707444531575675e-03
-1.851939214917936397e+03 2.770296489442611346e+03 -9.242321123457568888e+01 0.000000000000000000e+00 0.000000000000000000e+00 1.284222605846707665e-03
-2.205289698565795788e+03 2.435963394073404288e+03 -9.289276010817977181e+01 0.000000000000000000e+00 0.000000000000000000e+00 -4.239459009284018975e-03
-1.857880883469836363e+03 2.452286245394918751e+03 -8.273029715439108145e+01 0.000000000000000000e+00 0.000000000000000000e+00 -2.227456772914138128e-03
-2.068439050020208924e+03 2.334534916106915716e+03 -8.562151129984162878e+01 0.000000000000000000e+00 0.000000000000000000e+00 1.328767403740016562e-02
-2.213303193305064269e+03 2.041606579855859763e+03 -8.268629582364924602e+01 0.000000000000000000e+00 0.000000000000000000e+00 2.058936687791401710e-02
-1.860242747871882102e+03 2.038080887887065501e+03 -7.166489593316603646e+01 0.000000000000000000e+00 0.000000000000000000e+00 -1.508630801490085105e-02
-2.185189031943808914e+03 1.702132165765732680e+03 -7.415471416424080076e+01 0.000000000000000000e+00 0.000000000000000000e+00 -2.209970041234043947e-02
-1.821157668719263938e+03 1.711055375822670158e+03 -6.316538595089756569e+01 0.000000000000000000e+00 0.000000000000000000e+00 2.340090540237582672e-02
-2.053484431784401750e+03 1.549264541456331472e+03 -6.689403622652277193e+01 0.000000000000000000e+00 0.000000000000000000e+00 1.028420858925471748e-02
-2.203864549264615562e+03 1.345408194375603216e+03 -6.825657047464321181e+01 0.000000000000000000e+00 0.000000000000000000e+00 -1.894673631153409588e-02
-1.854516816234485987e+03 1.304135842483359511e+03 -5.666377828978360753e+01 0.000000000000000000e+00 0.000000000000000000e+00 -6.538725514097620817e-03
-2.236778709890209484e+03 9.632818742544088764e+02 -6.407831834411348382e+01 0.000000000000000000e+00 0.000000000000000000e+00 3.789079389919436380e-02
-1.884978721729511335e+03 9.834808975563720423e+02 -5.308188461385492474e+01 0.000000000000000000e+00 0.000000000000000000e+00 -4.136418047384893271e-02
-2.039725982002300952e+03 8.090349454113809315e+02 -5.590518195929772105e+01 0.000000000000000000e+00 0.000000000000000000e+00 -3.262567584041420332e-02
-2.224673105188825957e+03 5.244326241499297794e+02 -5.975403918348878562e+01 0.000000000000000000e+00 0.000000000000000000e+00 -2.687399642484677997e-02
-1.923798479181706170e+03 5.547977507294649513e+02 -5.022875895987152717e+01 0.000000000000000000e+00 0.000000000000000000e+00 1.069038373374553430e-02
-2.197118308224224620e+03 2.464709824084661705e+02 -5.755397201915972971e+01 0.000000000000000000e+00 0.000000000000000000e+00 -2.165333474181352358e-03
-1.857909334926739803e+03 2.563340837791803324e+02 -4.682787230096403164e+01 0.000000000000000000e+00 0.000000000000000000e+00 8.735537886892075221e-03
-2.040437106672635309e+03 5.264924436052084644e+01 -5.205821840929570499e+01 0.000000000000000000e+00 0.000000000000000000e+00 -1.725939793516317877e-02
-2.171497330602653619e+03 -2.241002361061503620e+02 -5.674497341855348509e+01 0.000000000000000000e+00 0.000000000000000000e+00 1.561044353174168009e-03
-1.845726758223724119e+03 -2.117808147014922611e+02 -4.644058505886133048e+01 0.000000000000000000e+00 0.000000000000000000e+00 -3.469538741950373151e-02
-2.151457509648521864e+03 -5.001504482759841608e+02 -5.739345313435305229e+01 0.000000000000000000e+00 0.000000000000000000e+00 7.917114464078167657e-03
-1.829478060852756698e+03 -5.078964981126895282e+02 -4.737602036699230723e+01 0.000000000000000000e+00 0.000000000000000000e+00 2.891067738276831278e-02
-1.978255400425386142e+03 -7.408280112839208869e+02 -5.372168020708225811e+01 0.000000000000000000e+00 0.000000000000000000e+00 -5.656128200573817821e-02
-2.170526647328069430e+03 -9.644331845672894588e+02 -6.242278966580452959e+01 0.000000000000000000e+00 0.000000000000000000e+00 -1.729947763557504459e-02
-1.878865251535041352e+03 -9.433002329499612415e+02 -5.290223411375220053e+01 0.000000000000000000e+00 0.000000000000000000e+00 3.849660400717880293e-03
-2.147397863102907195e+03 -1.310205368189117507e+03 -6.665861794621854131e+01 0.000000000000000000e+00 0.000000000000000000e+00 -6.305755981779270769e-02
-1.881239088568985608e+03 -1.292717930437724590e+03 -5.797792591658766526e+01 0.000000000000000000e+00 0.000000000000000000e+00 -8.480000548038901798e-02
-2.031629309059497700e+03 -1.426871773484016330e+03 -6.491244433906740596e+01 0.000000000000000000e+00 0.000000000000000000e+00 -5.445318182231062565e-02
-2.157373545608933455e+03 -1.726098364155654053e+03 -7.498017524893283792e+01 0.000000000000000000e+00 0.000000000000000000e+00 -2.887790373684140377e-02
-1.822682268941586926e+03 -1.725636072935571519e+03 -6.459654972604599266e+01 0.000000000000000000e+00 0.000000000000000000e+00 -2.140995745936891126e-02
-2.163948102995130739e+03 -2.034303052309570603e+03 -8.246850330822728381e+01 0.000000000000000000e+00 0.000000000000000000e+00 -8.297727398272058963e-03
-1.814457206190192210e+03 -2.035952903066120598e+03 -7.174655039916335397e+01 0.000000000000000000e+00 0.000000000000000000e+00 -2.919990177960585243e-02
-1.991217387823791341e+03 -2.167150919387305294e+03 -8.042323814055970388e+01 0.000000000000000000e+00 0.000000000000000000e+00 -9.552600643885966747e-03
-2.102757307087944810e+03 -2.453755969709522560e+03 -9.215934363040901189e+01 0.000000000000000000e+00 0.000000000000000000e+00 -4.506428070088475124e-02
-1.788862415304663500e+03 -2.469969402115906632e+03 -8.328977612148356968e+01 0.000000000000000000e+00 0.000000000000000000e+00 9.493094323147488467e-04
-2.159494376594885580e+03 -2.733126691017625035e+03 -1.028842379533195412e+02 0.000000000000000000e+00 0.000000000000000000e+00 -1.037616685612476886e-01
-1.764713040215497585e+03 -2.734406106853709389e+03 -9.116692610403148933e+01 0.000000000000000000e+00 0.000000000000000000e+00 1.800950232009199681e-01
-1.924423320856552664e+03 -2.943343423527557206e+03 -1.029123414129492176e+02 0.000000000000000000e+00 0.000000000000000000e+00 3.656712582974819270e-02
-2.151514614007073760e+03 -3.137616957588014884e+03 -1.169578573714039038e+02 0.000000000000000000e+00 0.000000000000000000e+00 9.583006242991132240e-03
-1.828374345505119436e+03 -3.191249806882336543e+03 -1.094189675478412340e+02 0.000000000000000000e+00 0.000000000000000000e+00 1.599229508303778857e-02
-2.768891205946567425e+03 -2.450556370373702975e+03 -1.164989859519397868e+02 0.000000000000000000e+00 0.000000000000000000e+00 1.443768894090169397e-02
-2.449842577459276072e+03 -2.408703220648282695e+03 -1.028021537955321065e+02 0.000000000000000000e+00 0.000000000000000000e+00 7.840124433661799230e-02
-2.660044125605268164e+03 -2.226334587265294886e+03 -1.057341109504037604e+02 0.000000000000000000e+00 0.000000000000000000e+00 -2.194292958979815467e-02
-2.809438665615127320e+03 -1.984678780530972972e+03 -1.056686716538082464e+02 0.000000000000000000e+00 0.000000000000000000e+00 -4.938603779065431354e-02
-2.442818654133297059e+03 -1.981307841790292514e+03 -9.099500910394715447e+01 0.000000000000000000e+00 0.000000000000000000e+00 2.207366897754070578e-02
-2.805730386345480838e+03 -1.662048865289577861e+03 -9.828445410851279007e+01 0.000000000000000000e+00 0.000000000000000000e+00 1.803209634950064810e-02
-2.491099062887881701e+03 -1.655881574864552022e+03 -8.545216237271890236e+01 0.000000000000000000e+00 0.000000000000000000e+00 -6.296487480416601556e-02
-2.632478378133100705e+03 -1.483962895905609457e+03 -8.762983199702313186e+01 0.000000000000000000e+00 0.000000000000000000e+00 9.313906198741506159e-03
-2.801370390245652743e+03 -1.288082691681184770e+03 -9.124648489040153265e+01 0.000000000000000000e+00 0.000000000000000000e+00 6.967045858900178246e-03
-2.532934691273668250e+03 -1.248671212517147296e+03 -7.964566619310890871e+01 0.000000000000000000e+00 0.000000000000000000e+00 -3.048554220703181272e-02
-2.848705096033613700e+03 -9.636488681591222303e+02 -8.870162450736108894e+01 0.000000000000000000e+00 0.000000000000000000e+00 2.150769586376100051e-02
-2.463858957395023481e+03 -9.743969060589926130e+02 -7.311688215105513677e+01 0.000000000000000000e+00 0.000000000000000000e+00 -3.663923284861425600e-03
-2.643887060399902111e+03 -7.182227988748574035e+02 -7.744835193948752305e+01 0.000000000000000000e+00 0.000000000000000000e+00 -2.936664984886760976e-02
-2.841341831340109366e+03 -5.578217928042701033e+02 -8.444638557479126462e+01 0.000000000000000000e+00 0.000000000000000000e+00 -2.608375624295433681e-02
-2.523302771298793687e+03 -4.936064687846228480e+02 -7.087688023225297229e+01 0.000000000000000000e+00 0.000000000000000000e+00 -1.754623786349895909e-02
-2.819026059920196531e+03 -2.201738285279340630e+02 -8.173813163157015538e+01 0.000000000000000000e+00 0.000000000000000000e+00 -1.040734248401520290e-02
-2.559718954049141303e+03 -1.930289904084795580e+02 -7.092832178599032034e+01 0.000000000000000000e+00 0.000000000000000000e+00 -9.966113734236614619e-04
-2.676390864234434048e+03 2.439264745883821561e+01 -7.533414264848232733e+01 0.000000000000000000e+00 0.000000000000000000e+00 -2.713808470538481288e-02
-2.814925368836086818e+03 2.133440184420076662e+02 -8.137222455833878598e+01 0.000000000000000000e+00 0.000000000000000000e+00 -6.898237916558969118e-03
-2.540994544112521908e+03 2.244796389668937309e+02 -7.012712411198700124e+01 0.000000000000000000e+00 0.000000000000000000e+00 -4.835212281767553577e-02
-2.817885816076693118e+03 5.350045884707830055e+02 -8.284048282973834887e+01 0.000000000000000000e+00 0.000000000000000000e+00 1.318243527529716630e-02
-2.501456194037768455e+03 5.386841941055886309e+02 -6.995900462013611332e+01 0.000000000000000000e+00 0.000000000000000000e+00 -2.342023350338706678e-02
-2.623588085265892460e+03 7.881309447405059245e+02 -7.670672594399282218e+01 0.000000000000000000e+00 0.000000000000000000e+00 -7.659188722229259838e-03
-2.844756420454443287e+03 9.298132232371823420e+02 -8.735134222951906224e+01 0.000000000000000000e+00 0.000000000000000000e+00 -1.022434573549446668e-02
-2.489289721788056340e+03 9.587421722276036462e+02 -7.320733886992634609e+01 0.000000000000000000e+00 0.000000000000000000e+00 -3.767604600994900466e-04
-2.824829748004412977e+03 1.282644255385838960e+03 -9.106715444841486828e+01 0.000000000000000000e+00 0.000000000000000000e+00 -2.741062251251946691e-02
-2.493312652646900915e+03 1.283963818946999027e+03 -7.769796048768577634e+01 0.000000000000000000e+00 0.000000000000000000e+00 -3.826044777099468774e-02
-2.634351542157949098e+03 1.558792183797985444e+03 -8.782479839712934222e+01 0.000000000000000000e+00 0.000000000000000000e+00 -3.989763117941436121e-02
-2.851776769316200898e+03 1.685061883143967407e+03 -9.921920409181176126e+01 0.000000000000000000e+00 0.000000000000000000e+00 9.296233791076247144e-03
-2.552555908949756940e+03 1.727394384113530805e+03 -8.789200797981236235e+01 0.000000000000000000e+00 0.000000000000000000e+00 -3.542236343392346498e-03
-2.836401746338822250e+03 2.017107529458467752e+03 -1.057494036052812731e+02 0.000000000000000000e+00 0.000000000000000000e+00 6.473927210464580639e-03
-2.517227004947199021e+03 2.024091067600837732e+03 -9.311761452416736518e+01 0.000000000000000000e+00 0.000000000000000000e+00 -7.570393374749073701e-03
-2.646665438289768645e+03 2.256792931769457482e+03 -1.039767903251796355e+02 0.000000000000000000e+00 0.000000000000000000e+00 2.477403216009577136e-02
-2.832150327247255518e+03 2.480922880841992992e+03 -1.176976165205707900e+02 0.000000000000000000e+00 0.000000000000000000e+00 7.964033475799681128e-02
-2.513663643237721317e+03 2.491310483468055736e+03 -1.053769186144607346e+02 0.000000000000000000e+00 0.000000000000000000e+00 9.329783298284155535e-03
