# x y z x_res y_res z_res
2.813439082292028161e+03 2.533888669238189323e+03 -1.184558545394138491e+02 0.000000000000000000e+00 0.000000000000000000e+00 -7.091870818831580436e-02
2.470726020517496181e+03 2.478324323351380372e+03 -1.034047005308424048e+02 0.000000000000000000e+00 0.000000000000000000e+00 -2.071483911817040280e-02
2.658389231225075491e+03 2.327016076264115327e+03 -1.063220527647080331e+02 0.000000000000000000e+00 0.000000000000000000e+00 1.295321851182933415e-01
2.474040959307558751e+03 2.061314657305417768e+03 -9.239337452881738955e+01 0.000000000000000000e+00 0.000000000000000000e+00 -6.049548585626496333e-02
2.853566876749849598e+03 2.078703413684886527e+03 -1.079478219153309340e+02 0.000000000000000000e+00 0.000000000000000000e+00 -1.441862386663217421e-02
2.855947979263950856e+03 1.742547378846381207e+03 -1.005505037288467491e+02 0.000000000000000000e+00 0.000000000000000000e+00 9.960213705127785033e-03
2.477734396416330128e+03 1.735556508673862936e+03 -8.521148793215739659e+01 0.000000000000000000e+00 0.000000000000000000e+00 1.407210825350091454e-02
2.662002362087582696e+03 1.571218989520672267e+03 -8.916195911152232156e+01 0.000000000000000000e+00 0.000000000000000000e+00 -1.868405084647406511e-02
2.478116755743892099e+03 1.317478620868327880e+03 -7.764028243323858192e+01 0.000000000000000000e+00 0.000000000000000000e+00 6.227922909707217514e-02
2.853812743641171892e+03 1.322727911788683286e+03 -9.292241599009906849e+01 0.000000000000000000e+00 0.000000000000000000e+00 8.646956752315304584e-03
2.859582838251334579e+03 9.935086756885544901e+02 -8.870813377293322333e+01 0.000000000000000000e+00 0.000000000000000000e+00 -1.378263487769970652e-02
2.489873922321749433e+03 9.885026469434027376e+02 -7.357389533112549884e+01 0.000000000000000000e+00 0.000000000000000000e+00 -2.834906481417931445e-02
2.672205363727274744e+03 8.277352693667769472e+02 -7.905176539079843678e+01 0.000000000000000000e+00 0.000000000000000000e+00 1.595468998758065027e-02
2.487257748639794499e+03 6.222604400135400056e+02 -6.998182918850133660e+01 0.000000000000000000e+00 0.000000000000000000e+00 -7.969682656039367430e-06
2.856742939097134240e+03 5.798633770566013936e+02 -8.480760681384649047e+01 0.000000000000000000e+00 0.000000000000000000e+00 -3.534222543743226197e-02
2.865660086239602151e+03 2.933089890517422305e+02 -8.378943302929660319e+01 0.000000000000000000e+00 0.000000000000000000e+00 -5.716481446540910838e-03
2.495728891254544578e+03 2.379618954018662862e+02 -6.840082433534526274e+01 0.000000000000000000e+00 0.000000000000000000e+00 -2.359247530293373529e-02
2.672393952110172449e+03 1.282187867860815800e+02 -7.522881753406410610e+01 0.000000000000000000e+00 0.000000000000000000e+00 5.012608753446556875e-03
2.492682271994231087e+03 -1.252819900678191374e+02 -6.815234761733138669e+01 0.000000000000000000e+00 0.000000000000000000e+00 -1.690567220808247839e-02
2.867647638501919118e+03 -1.201397137710049918e+02 -8.360619912479923244e+01 0.000000000000000000e+00 0.000000000000000000e+00 5.110021226114724868e-02
2.873046009977144877e+03 -4.524949359638065403e+02 -8.513948089587643153e+01 0.000000000000000000e+00 0.000000000000000000e+00 4.197113204210722870e-02
2.507860478813448481e+03 -5.055560619437133028e+02 -7.035350373001350022e+01 0.000000000000000000e+00 0.000000000000000000e+00 -1.123523932621139920e-02
2.679933330942363227e+03 -6.250311233776569679e+02 -7.812077933500114568e+01 0.000000000000000000e+00 0.000000000000000000e+00 9.663661198132444952e-03
2.504252542241916672e+03 -8.756901286537580518e+02 -7.350528610227848958e+01 0.000000000000000000e+00 0.000000000000000000e+00 -1.799452306210014285e-02
2.851666666192023513e+03 -8.937349548823374334e+02 -8.800983258014304056e+01 0.000000000000000000e+00 0.000000000000000000e+00 -5.990655202921857381e-03
2.878523365522339645e+03 -1.200862591529873043e+03 -9.322678503527872351e+01 0.000000000000000000e+00 0.000000000000000000e+00 4.286230169824989389e-02
2.504681137858284274e+03 -1.213319868689919076e+03 -7.799902444949796632e+01 0.000000000000000000e+00 0.000000000000000000e+00 -7.504133728573947337e-03
2.665572893132046829e+03 -1.396461609908094488e+03 -8.739571686925239646e+01 0.000000000000000000e+00 0.000000000000000000e+00 3.177395518216030723e-02
2.504478906184653624e+03 -1.633420936698221112e+03 -8.550329596276932875e+01 0.000000000000000000e+00 0.000000000000000000e+00 2.686987831212661604e-02
2.854458609200710725e+03 -1.646523763454212030e+03 -1.000550521019105474e+02 0.000000000000000000e+00 0.000000000000000000e+00 1.532903490975456862e-02
2.874780471285802378e+03 -1.949702031173271962e+03 -1.076189140100217543e+02 0.000000000000000000e+00 0.000000000000000000e+00 -1.818219209507532241e-01
2.517968666476420822e+03 -1.954234786114287999e+03 -9.317813011212024321e+01 0.000000000000000000e+00 0.000000000000000000e+00 1.619137230733258548e-03
2.682195239916090941e+03 -2.120552560936094324e+03 -1.038176281027579506e+02 0.000000000000000000e+00 0.000000000000000000e+00 -5.357268510468315981e-02
2.880791462419730578e+03 -2.376293341229744783e+03 -1.190371405724549874e+02 0.000000000000000000e+00 0.000000000000000000e+00 1.996868536774343283e-02
2.511864004296808162e+03 -2.380445988115720411e+03 -1.042956741497353335e+02 0.000000000000000000e+00 0.000000000000000000e+00 9.524476521534097628e-03
2.227267050339064554e+03 -3.121717270904492580e+03 -1.188199646236228091e+02 0.000000000000000000e+00 0.000000000000000000e+00 2.354080642014366731e-02
1.870443630124731044e+03 -3.131937512506919120e+03 -1.083203156206572544e+02 0.000000000000000000e+00 0.000000000000000000e+00 -6.287305692514166822e-02
2.038407511527515226e+03 -2.927729013551645949e+03 -1.057556523088800731e+02 0.000000000000000000e+00 0.000000000000000000e+00 9.283637375530418012e-02
1.846931727619742560e+03 -2.759657659084428815e+03 -9.428688515496133959e+01 0.000000000000000000e+00 0.000000000000000000e+00 1.384066027469543769e-03
2.221159979830543307e+03 -2.757221152391865417e+03 -1.057230266708477302e+02 0.000000000000000000e+00 0.000000000000000000e+00 -5.097005857672343154e-02
2.216136567055092200e+03 -2.429173955167279473e+03 -9.514962031051570079e+01 0.000000000000000000e+00 0.000000000000000000e+00 4.506501259371020751e-02
1.845675604279012077e+03 -2.433543746281687163e+03 -8.376716595238627860e+01 0.000000000000000000e+00 0.000000000000000000e+00 -1.128486240159531917e-02
2.216963466903570861e+03 -2.011163532646215572e+03 -8.367154071364954859e+01 0.000000000000000000e+00 0.000000000000000000e+00 -6.904663704816016434e-03
1.842392158419794214e+03 -2.020041643100975307e+03 -7.213456523470451032e+01 0.000000000000000000e+00 0.000000000000000000e+00 3.506592962384047496e-02
1.832026171211670544e+03 -1.688210260004192833e+03 -6.405277080428189151e+01 0.000000000000000000e+00 0.000000000000000000e+00 -8.318760780652212361e-02
2.207232081445074073e+03 -1.682478355662259446e+03 -7.572979156033173354e+01 0.000000000000000000e+00 0.000000000000000000e+00 4.961621123561599234e-02
2.021436627855972802e+03 -1.436484992172045395e+03 -6.476463158765821504e+01 0.000000000000000000e+00 0.000000000000000000e+00 -3.052408236356995985e-04
1.832042867527170301e+03 -1.273812245068799029e+03 -5.623192449913387492e+01 0.000000000000000000e+00 0.000000000000000000e+00 2.946174780618093791e-04
2.208526975177825989e+03 -1.262963487743315000e+03 -6.796056478676074164e+01 0.000000000000000000e+00 0.000000000000000000e+00 -1.620071300189351859e-02
1.806570565863257116e+03 -9.341148979939471246e+02 -5.069190412371357013e+01 0.000000000000000000e+00 0.000000000000000000e+00 -4.884933712632033576e-02
2.004106608708922522e+03 -6.862869981226722302e+02 -5.402751229113339093e+01 0.000000000000000000e+00 0.000000000000000000e+00 -3.084198572175012032e-03
2.198332587205139134e+03 -5.164498564076982348e+02 -5.909585950912438079e+01 0.000000000000000000e+00 0.000000000000000000e+00 -5.029560612406669406e-02
1.821114547425056116e+03 -5.224866614003203722e+02 -4.723317686175435881e+01 0.000000000000000000e+00 0.000000000000000000e+00 -3.198398054261275547e-02
1.819539243415899136e+03 -1.868254097199149442e+02 -4.561658144027025230e+01 0.000000000000000000e+00 0.000000000000000000e+00 -3.209444577543507648e-02
2.192812664597307048e+03 -1.801731336731342594e+02 -5.734871235661144340e+01 0.000000000000000000e+00 0.000000000000000000e+00 -1.573329847411741866e-02
2.005570357431282901e+03 5.919633550926602084e+01 -5.095626030322202382e+01 0.000000000000000000e+00 0.000000000000000000e+00 -7.909802307835889223e-03
1.813934110108573122e+03 2.307973746154080459e+02 -4.548691528099600134e+01 0.000000000000000000e+00 0.000000000000000000e+00 5.315758660975689054e-02
2.190252290862344580e+03 2.380546535553293666e+02 -5.729627855651945367e+01 0.000000000000000000e+00 0.000000000000000000e+00 -2.148688606595783313e-03
2.193195998424819209e+03 5.687853686004367546e+02 -5.896251029843155322e+01 0.000000000000000000e+00 0.000000000000000000e+00 -3.137328669333783182e-02
1.815611725471032287e+03 5.627252471428868148e+02 -4.711768576028191546e+01 0.000000000000000000e+00 0.000000000000000000e+00 -6.814218940387917200e-02
1.992716591456277456e+03 8.202367958336527636e+02 -5.454204751506527771e+01 0.000000000000000000e+00 0.000000000000000000e+00 -1.424780966397776183e-02
1.807392840263337803e+03 9.762258684111262710e+02 -5.076554113994552608e+01 0.000000000000000000e+00 0.000000000000000000e+00 1.869026237109494559e-02
2.192039934369869115e+03 9.900948653668044699e+02 -6.286334396617961318e+01 0.000000000000000000e+00 0.000000000000000000e+00 4.204753703785968355e-02
2.184011819529268450e+03 1.315903361752757291e+03 -6.711507928147646851e+01 0.000000000000000000e+00 0.000000000000000000e+00 -1.071990923605881108e-02
1.809633697239023149e+03 1.316106039575940940e+03 -5.558112018314153602e+01 0.000000000000000000e+00 0.000000000000000000e+00 1.832550601488946995e-02
1.990920832388104827e+03 1.573345026942596405e+03 -6.540439778471866816e+01 0.000000000000000000e+00 0.000000000000000000e+00 1.598262779504011633e-02
1.802260994485332276e+03 1.732492831334685434e+03 -6.308596926633330781e+01 0.000000000000000000e+00 0.000000000000000000e+00 2.872951473671037093e-02
2.177780646564615381e+03 1.738191237706076890e+03 -7.465129967416916656e+01 0.000000000000000000e+00 0.000000000000000000e+00 1.180875205439235742e-02
2.178413688537721555e+03 2.070836727823294495e+03 -8.224135053383329819e+01 0.000000000000000000e+00 0.000000000000000000e+00 -4.162940087852007309e-03
1.804499776848085276e+03 2.071100836542203979e+03 -7.092175847574173986e+01 0.000000000000000000e+00 0.000000000000000000e+00 7.189206158444960693e-02
1.988876020965673888e+03 2.324056335059588491e+03 -8.289163918246673290e+01 0.000000000000000000e+00 0.000000000000000000e+00 -5.470594066636635944e-02
1.799919602015621876e+03 2.488782902332548929e+03 -8.220224051119114961e+01 0.000000000000000000e+00 0.000000000000000000e+00 -4.048270533417053230e-02
2.171875147777270286e+03 2.497489881560359663e+03 -9.358794927524070317e+01 0.000000000000000000e+00 0.000000000000000000e+00 -8.004551330742515347e-03
2.168480369901365520e+03 2.820237219175335667e+03 -1.035766965371060166e+02 0.000000000000000000e+00 0.000000000000000000e+00 6.104495969140089073e-02
1.788018053735032026e+03 2.813195259971238102e+03 -9.209473997041277471e+01 0.000000000000000000e+00 0.000000000000000000e+00 -1.011688478043026862e-02
1.970253871687142237e+03 3.072296731994674246e+03 -1.061777675044409790e+02 0.000000000000000000e+00 0.000000000000000000e+00 5.693747551124772599e-02
1.783859471584250969e+03 3.227959491993345182e+03 -1.067243330509806043e+02 0.000000000000000000e+00 0.000000000000000000e+00 4.260817971432118156e-02
2.147841242629932822e+03 3.248689108800691884e+03 -1.180801197586367408e+02 0.000000000000000000e+00 0.000000000000000000e+00 1.682395367183175949e-03
8.773600347474186947e+02 -2.446816962253301426e+03 -6.366871325066952636e+01 0.000000000000000000e+00 0.000000000000000000e+00 4.775755099789336100e-02
5.019441614383553087e+02 -2.444567271944935328e+03 -5.952274255866977626e+01 0.000000000000000000e+00 0.000000000000000000e+00 -1.658331569617388368e-02
6.857445003782568165e+02 -2.195976359200045863e+03 -5.388954011670031718e+01 0.000000000000000000e+00 0.000000000000000000e+00 5.455121636069293345e-02
8.610870635378757925e+02 -2.015485897314356407e+03 -5.117607668887998784e+01 0.000000000000000000e+00 0.000000000000000000e+00 7.659596568554150053e-02
4.984555953278040761e+02 -2.034463610892411907e+03 -4.775153388271827737e+01 0.000000000000000000e+00 0.000000000000000000e+00 4.825760854673433187e-02
4.966191990510274081e+02 -1.697126815241168970e+03 -3.963780170798395375e+01 0.000000000000000000e+00 0.000000000000000000e+00 -9.400364237024660952e-02
8.781305397190255917e+02 -1.685516796669797941e+03 -4.357285475002080943e+01 0.000000000000000000e+00 0.000000000000000000e+00 -7.237993872796266714e-02
6.957378901725496689e+02 -1.442435572294959684e+03 -3.637956259092374012e+01 0.000000000000000000e+00 0.000000000000000000e+00 1.034976087765926422e-02
5.051851951043104805e+02 -1.279148417853391265e+03 -3.167412333904681887e+01 0.000000000000000000e+00 0.000000000000000000e+00 -3.989225420064457239e-02
8.746934087127706334e+02 -1.263019727812784367e+03 -3.549612296618052198e+01 0.000000000000000000e+00 0.000000000000000000e+00 4.085447779276307756e-02
8.786315621667489495e+02 -9.495369474559927312e+02 -3.107144676374705483e+01 0.000000000000000000e+00 0.000000000000000000e+00 -9.525533736864133516e-02
4.942082135302444499e+02 -9.440478239217110286e+02 -2.676880940159929878e+01 0.000000000000000000e+00 0.000000000000000000e+00 -1.542197632819863884e-02
6.766275395683256875e+02 -6.941677539052691372e+02 -2.583812262727874653e+01 0.000000000000000000e+00 0.000000000000000000e+00 -3.784611703621010292e-02
4.886236891687322554e+02 -5.313471977524548038e+02 -2.278890975526489626e+01 0.000000000000000000e+00 0.000000000000000000e+00 -3.544157967601790915e-02
8.787462510190184730e+02 -5.214164138134691484e+02 -2.700112508341589290e+01 0.000000000000000000e+00 0.000000000000000000e+00 -2.546074384173380167e-02
8.754021275648347000e+02 -1.894974016226702247e+02 -2.542322989006128964e+01 0.000000000000000000e+00 0.000000000000000000e+00 -7.715456515494878431e-02
4.973288165822455085e+02 -1.990344512514557209e+02 -2.129018819867505385e+01 0.000000000000000000e+00 0.000000000000000000e+00 -4.357175311139727114e-02
6.810255940951153661e+02 2.964323913574730796e+01 -2.277003406082236125e+01 0.000000000000000000e+00 0.000000000000000000e+00 -6.396040183384954503e-02
4.920354186166998716e+02 2.073197164961941326e+02 -2.126205074585159949e+01 0.000000000000000000e+00 0.000000000000000000e+00 -1.230107851934647556e-02
8.632295061281749895e+02 2.248916693574149122e+02 -2.532586207558277280e+01 0.000000000000000000e+00 0.000000000000000000e+00 2.818530713330602566e-03
8.677248813208379943e+02 5.490679966257346223e+02 -2.696512713632422020e+01 0.000000000000000000e+00 0.000000000000000000e+00 -1.569462276079747198e-02
4.889578727892168217e+02 5.496693353798003727e+02 -2.288302243280894643e+01 0.000000000000000000e+00 0.000000000000000000e+00 1.149975269581560156e-02
6.691809003982112927e+02 8.091270246520655292e+02 -2.676840840718871561e+01 0.000000000000000000e+00 0.000000000000000000e+00 -3.304379420324821126e-02
4.865047367031504564e+02 9.626749061911995113e+02 -2.680959027307641662e+01 0.000000000000000000e+00 0.000000000000000000e+00 -6.161811088114177437e-02
8.529321589716620338e+02 9.788810728867960052e+02 -3.088663843737316483e+01 0.000000000000000000e+00 0.000000000000000000e+00 3.375484304282849735e-02
8.582768519662710105e+02 1.308037167147145965e+03 -3.565843891820247791e+01 0.000000000000000000e+00 0.000000000000000000e+00 4.616130580288313467e-04
4.923852570342258446e+02 1.300369377909399873e+03 -3.164966491964357331e+01 0.000000000000000000e+00 0.000000000000000000e+00 -2.137449777814381946e-02
6.571966509354610935e+02 1.553062765790477442e+03 -3.762869123719806908e+01 0.000000000000000000e+00 0.000000000000000000e+00 -7.122400238596782174e-02
4.723513110634592636e+02 1.721110277183161543e+03 -3.940915956757693550e+01 0.000000000000000000e+00 0.000000000000000000e+00 -5.525879825388102518e-02
8.504427685379182549e+02 1.723996769703179552e+03 -4.336994173506306538e+01 0.000000000000000000e+00 0.000000000000000000e+00 -4.597155614225556519e-02
8.387873578570013251e+02 2.057327156081466910e+03 -5.096475069661789092e+01 0.000000000000000000e+00 0.000000000000000000e+00 1.624967776095331828e-03
4.628614615140149340e+02 2.037726630790994250e+03 -4.668359652350682154e+01 0.000000000000000000e+00 0.000000000000000000e+00 -5.341778451472123379e-02
6.453816524495432532e+02 2.294876305377538301e+03 -5.506767944556409589e+01 0.000000000000000000e+00 0.000000000000000000e+00 -4.439013570889471794e-02
4.565585372052307207e+02 2.467579916639914245e+03 -5.847582195129395188e+01 0.000000000000000000e+00 0.000000000000000000e+00 -5.558829953478294783e-02
8.337390074351736757e+02 2.472561660400602250e+03 -6.235627338288058752e+01 0.000000000000000000e+00 0.000000000000000000e+00 3.717920640402638810e-02
8.374057259506757873e+02 2.799391511021839051e+03 -7.279667130336433445e+01 0.000000000000000000e+00 0.000000000000000000e+00 1.845131829739443674e-02
4.641347844886942653e+02 2.795596139816344021e+03 -6.897540544334532342e+01 0.000000000000000000e+00 0.000000000000000000e+00 -7.811226961314332584e-02
6.394501398055622303e+02 3.043746989637767911e+03 -7.913517819217256033e+01 0.000000000000000000e+00 0.000000000000000000e+00 3.372626863466621217e-03
4.431507069998019688e+02 3.209354842769976585e+03 -8.370860995951628070e+01 0.000000000000000000e+00 0.000000000000000000e+00 -5.364157562547688940e-02
8.191253722136992792e+02 3.221348958104455505e+03 -8.773442126198155222e+01 0.000000000000000000e+00 0.000000000000000000e+00 -5.303815862481542354e-02
1.502680950823625608e+03 3.238974173774350675e+03 -1.002741686854121070e+02 0.000000000000000000e+00 0.000000000000000000e+00 4.800719032311917545e-02
1.129581353318733591e+03 3.228758745185433327e+03 -9.255241001048359806e+01 0.000000000000000000e+00 0.000000000000000000e+00 1.147032661560842826e-02
1.301122926875128769e+03 3.063322749120367462e+03 -8.951436454338210069e+01 0.000000000000000000e+00 0.000000000000000000e+00 -2.068153826053276134e-02
1.127375512960650440e+03 2.815918968707489512e+03 -7.767249072316839431e+01 0.000000000000000000e+00 0.000000000000000000e+00 1.346497144400871093e-02
1.512996669966531499e+03 2.819053587200072798e+03 -8.546640621943475935e+01 0.000000000000000000e+00 0.000000000000000000e+00 8.624082397972188119e-03
1.505469572157777066e+03 2.481208218541537917e+03 -7.460015006297491880e+01 0.000000000000000000e+00 0.000000000000000000e+00 2.732047278739457852e-02
1.127448552054115225e+03 2.469994654848790560e+03 -6.668434000451657084e+01 0.000000000000000000e+00 0.000000000000000000e+00 4.859835462029593600e-02
1.326157016964176137e+03 2.315632008570084963e+03 -6.594814129441502359e+01 0.000000000000000000e+00 0.000000000000000000e+00 -1.605008352767356428e-02
1.510422945046924951e+03 2.059072540237287285e+03 -6.316131019909664701e+01 0.000000000000000000e+00 0.000000000000000000e+00 5.878815277703353104e-02
1.138754979876122434e+03 2.060908000518734752e+03 -5.563470624364477146e+01 0.000000000000000000e+00 0.000000000000000000e+00 8.240799578075552745e-03
1.139066671038725417e+03 1.728925130400495391e+03 -4.793948400053990611e+01 0.000000000000000000e+00 0.000000000000000000e+00 1.659730769786449400e-02
1.508239545408474442e+03 1.730885105008084565e+03 -5.555034366009013524e+01 0.000000000000000000e+00 0.000000000000000000e+00 1.081507531282710488e-02
1.320381880397122359e+03 1.566321138637557624e+03 -4.811155248316165256e+01 0.000000000000000000e+00 0.000000000000000000e+00 -7.960459676731090894e-03
1.138119128131913612e+03 1.302837300234132272e+03 -3.995317365626343076e+01 0.000000000000000000e+00 0.000000000000000000e+00 1.145610232779148419e-02
1.505263168139155823e+03 1.318176940275382094e+03 -4.777812999892548618e+01 0.000000000000000000e+00 0.000000000000000000e+00 2.800879809668543885e-02
1.520733646555789846e+03 9.843559156770354548e+02 -4.341358418122895557e+01 0.000000000000000000e+00 0.000000000000000000e+00 -2.450281918477514864e-02
1.137760676683509701e+03 9.842697997930409883e+02 -3.542151200555912283e+01 0.000000000000000000e+00 0.000000000000000000e+00 -1.943529317550485302e-03
1.333243825188612846e+03 8.117260124612580512e+02 -3.729665748324731567e+01 0.000000000000000000e+00 0.000000000000000000e+00 -1.276585913022643126e-02
1.150465993368102318e+03 5.667655373731874988e+02 -3.161286540531033040e+01 0.000000000000000000e+00 0.000000000000000000e+00 8.868823243638246367e-03
1.520398669329933682e+03 5.643782928306588929e+02 -3.939596371371177241e+01 0.000000000000000000e+00 0.000000000000000000e+00 -2.064083996096144347e-03
1.529686886027925993e+03 2.349612810138072518e+02 -3.800991843180590024e+01 0.000000000000000000e+00 0.000000000000000000e+00 -1.077792103738772767e-02
1.151656180767827664e+03 2.200360987296850794e+02 -2.993759113529736737e+01 0.000000000000000000e+00 0.000000000000000000e+00 3.894352231977649126e-03
1.330325784455769963e+03 6.453589400364738538e+01 -3.319425586894681146e+01 0.000000000000000000e+00 0.000000000000000000e+00 -1.161966366222344504e-02
1.529752070527870728e+03 -1.865635286233542729e+02 -3.794586597942824824e+01 0.000000000000000000e+00 0.000000000000000000e+00 3.276489968116180762e-02
1.149864963509159679e+03 -1.947996775979129325e+02 -2.987529038334186993e+01 0.000000000000000000e+00 0.000000000000000000e+00 -1.190343431729701251e-02
1.158166304071969080e+03 -5.257049178189944314e+02 -3.158154103754532471e+01 0.000000000000000000e+00 0.000000000000000000e+00 -5.140205915812501303e-02
1.532425736926143372e+03 -5.116468725558392521e+02 -3.950116661188046407e+01 0.000000000000000000e+00 0.000000000000000000e+00 -3.911369166501543759e-02
1.338037818445686980e+03 -6.797057742903108419e+02 -3.636418661945602082e+01 0.000000000000000000e+00 0.000000000000000000e+00 -4.805583265020629824e-02
1.167162556942233095e+03 -9.396435161068941397e+02 -3.567139255916013951e+01 0.000000000000000000e+00 0.000000000000000000e+00 -3.472720142994489834e-03
1.533431859303682586e+03 -9.477334222465054836e+02 -4.364116984108887465e+01 0.000000000000000000e+00 0.000000000000000000e+00 1.898919259843978580e-03
1.533005424724873819e+03 -1.259950312919479074e+03 -4.806472744452247525e+01 0.000000000000000000e+00 0.000000000000000000e+00 5.677243176744894981e-02
1.165580652670696509e+03 -1.274195972405323801e+03 -4.041901186831219661e+01 0.000000000000000000e+00 0.000000000000000000e+00 2.790016002832373943e-02
1.347891058253091387e+03 -1.437272096273943134e+03 -4.690788539810113633e+01 0.000000000000000000e+00 0.000000000000000000e+00 2.827584473940447651e-02
1.167682123776731032e+03 -1.686310384027347936e+03 -4.830219351048270227e+01 0.000000000000000000e+00 0.000000000000000000e+00 -1.361005163971640286e-03
1.536309229631391190e+03 -1.695538041641784730e+03 -5.638660775954677717e+01 0.000000000000000000e+00 0.000000000000000000e+00 -9.363648751239850299e-02
1.545393903462730123e+03 -2.015366091704586324e+03 -6.415866765846948283e+01 0.000000000000000000e+00 0.000000000000000000e+00 -6.126594580581468108e-02
1.172683031027203469e+03 -2.023788097644397794e+03 -5.640571258602422233e+01 0.000000000000000000e+00 0.000000000000000000e+00 -1.810187316493738763e-03
1.349482777330009640e+03 -2.193859139705256894e+03 -6.447665292056902331e+01 0.000000000000000000e+00 0.000000000000000000e+00 -2.489877586283739674e-02
1.178776951766019010e+03 -2.445989238178006872e+03 -6.850010139383080343e+01 0.000000000000000000e+00 0.000000000000000000e+00 1.146306141932029732e-02
1.531657157315235963e+03 -2.430717061273432591e+03 -7.548267363144168485e+01 0.000000000000000000e+00 0.000000000000000000e+00 -1.119244621668258333e-02
1.552486759671025311e+03 -2.771620157585308789e+03 -8.704355525969714336e+01 0.000000000000000000e+00 0.000000000000000000e+00 -5.687423668744884253e-02
1.176716526664262574e+03 -2.775003843534750104e+03 -7.925609998754364938e+01 0.000000000000000000e+00 0.000000000000000000e+00 8.411042362467924249e-03
1.370420183977729721e+03 -2.932528323315129910e+03 -8.864645489505348053e+01 0.000000000000000000e+00 0.000000000000000000e+00 1.988877827767510098e-02
1.205160125036705722e+03 -3.174672990079634019e+03 -9.450958453019151762e+01 0.000000000000000000e+00 0.000000000000000000e+00 -9.842815496284629262e-03
1.563759856545579396e+03 -3.183081718114939122e+03 -1.023610626057477049e+02 0.000000000000000000e+00 0.000000000000000000e+00 2.222031440631155874e-02
8.995382080652815375e+02 -3.183120724790602253e+03 -8.993026713943190487e+01 0.000000000000000000e+00 0.000000000000000000e+00 -2.394689561839413727e-02
5.173043590427355412e+02 -3.191040445236465075e+03 -8.608873368664643522e+01 0.000000000000000000e+00 0.000000000000000000e+00 1.156862376667788794e-02
6.954671773398999903e+02 -2.939271179756461606e+03 -7.814600604237811865e+01 0.000000000000000000e+00 0.000000000000000000e+00 5.846039766258570580e-02
5.192140164633465247e+02 -2.774936349447543307e+03 -7.058416335278440101e+01 0.000000000000000000e+00 0.000000000000000000e+00 -2.498954278760834313e-02
8.895129004169222071e+02 -2.771694504845580923e+03 -7.453684037977272681e+01 0.000000000000000000e+00 0.000000000000000000e+00 -3.010847943119188130e-02
1.730196000240358956e+02 3.221468554881052569e+03 -8.291947368253578077e+01 0.000000000000000000e+00 0.000000000000000000e+00 -4.614997121393571433e-03
-2.038561532493711468e+02 3.215201516279744737e+03 -8.276669730500526612e+01 0.000000000000000000e+00 0.000000000000000000e+00 -2.120371187388059298e-03
-2.910961393315417922e+01 3.056596415220009931e+03 -7.651918596408378903e+01 0.000000000000000000e+00 0.000000000000000000e+00 -4.903856201465828235e-03
-1.916264238183559598e+02 2.803728823979538447e+03 -6.788921187618399244e+01 0.000000000000000000e+00 0.000000000000000000e+00 -3.618646592926211270e-02
1.447376198759981492e+02 2.790362727435791840e+03 -6.731817353626706790e+01 0.000000000000000000e+00 0.000000000000000000e+00 2.441797604012663214e-02
1.853458663161162576e+02 2.474639528282060382e+03 -5.735128194327501205e+01 0.000000000000000000e+00 0.000000000000000000e+00 3.811042183770041447e-03
-1.863032863785294353e+02 2.463798273658223479e+03 -5.702822336188680197e+01 0.000000000000000000e+00 0.000000000000000000e+00 2.818534775459369257e-02
-3.371826004987561021e+01 2.309525588013227207e+03 -5.227835979763584362e+01 0.000000000000000000e+00 0.000000000000000000e+00 3.974380740255867295e-02
-1.796060625868878731e+02 2.043889077205001286e+03 -4.542677518094859579e+01 0.000000000000000000e+00 0.000000000000000000e+00 2.931659553915721972e-03
1.528343567759279154e+02 2.038494183673479711e+03 -4.522216515228136302e+01 0.000000000000000000e+00 0.000000000000000000e+00 4.008034138079352715e-02
1.923317986030374698e+02 1.741189739827764924e+03 -3.838673987403302590e+01 0.000000000000000000e+00 0.000000000000000000e+00 3.426817924048464192e-02
-1.781326781618382711e+02 1.716611790962404484e+03 -3.781853705374416563e+01 0.000000000000000000e+00 0.000000000000000000e+00 -4.363303265407125764e-03
-1.384872815239049082e+01 1.532327632943909066e+03 -3.384840499893342525e+01 0.000000000000000000e+00 0.000000000000000000e+00 1.989174643829727529e-02
-1.525612110262989916e+02 1.332780669944336296e+03 -3.045847033142328186e+01 0.000000000000000000e+00 0.000000000000000000e+00 4.595917314004083210e-02
1.661051640048819422e+02 1.304127226553689979e+03 -3.001929466692130788e+01 0.000000000000000000e+00 0.000000000000000000e+00 -5.393231155579769620e-03
1.892249237535475572e+02 9.614578595483289973e+02 -2.520397453795435894e+01 0.000000000000000000e+00 0.000000000000000000e+00 2.798330217076738791e-02
-1.673810174988843187e+02 9.656830568361849600e+02 -2.519362965398979881e+01 0.000000000000000000e+00 0.000000000000000000e+00 4.158339712472525207e-02
-3.890613661449494742e+01 8.136564444646083984e+02 -2.327382848523646075e+01 0.000000000000000000e+00 0.000000000000000000e+00 2.218499860004641278e-02
-1.578712094091413576e+02 5.530137730472417843e+02 -2.120021181559898338e+01 0.000000000000000000e+00 0.000000000000000000e+00 7.911022461627226221e-03
1.757723301995467864e+02 5.351416785571277615e+02 -2.112414369818787918e+01 0.000000000000000000e+00 0.000000000000000000e+00 -1.680546737971155835e-02
2.273848077593721655e+02 2.989160015522227809e+02 -2.003514598759930010e+01 0.000000000000000000e+00 0.000000000000000000e+00 -4.250399391136028271e-03
-1.651285775062503660e+02 2.243192904137207506e+02 -1.959043527542520735e+01 0.000000000000000000e+00 0.000000000000000000e+00 1.392986484091807142e-02
5.436076109616988106e+01 1.005108989952618970e+02 -1.913844693004623920e+01 0.000000000000000000e+00 0.000000000000000000e+00 -6.640960258405215200e-03
-1.616790878048608420e+02 -1.959430547274367882e+02 -1.950674546025516065e+01 0.000000000000000000e+00 0.000000000000000000e+00 -1.724444563908633654e-02
1.868333152265297770e+02 -1.934229845059444415e+02 -1.957084117108272281e+01 0.000000000000000000e+00 0.000000000000000000e+00 4.221595875441863654e-02
2.361143875474775200e+02 -4.564474276138279265e+02 -2.084008515920868732e+01 0.000000000000000000e+00 0.000000000000000000e+00 -7.554808857978656533e-03
-1.638934409397919296e+02 -5.257754268503728099e+02 -2.104709632255194762e+01 0.000000000000000000e+00 0.000000000000000000e+00 3.614341758892791745e-02
2.973510836958689652e+01 -6.865188569723146657e+02 -2.209636220286768804e+01 0.000000000000000000e+00 0.000000000000000000e+00 2.477672548331710800e-02
-1.515136047293657100e+02 -9.445950154513961934e+02 -2.499542456456547868e+01 0.000000000000000000e+00 0.000000000000000000e+00 2.580669778019739624e-02
1.791192747794128479e+02 -9.510967696279526535e+02 -2.514861257439015318e+01 0.000000000000000000e+00 0.000000000000000000e+00 6.218204955864337080e-02
2.204661449599125262e+02 -1.198358013928096170e+03 -2.871958990315033589e+01 0.000000000000000000e+00 0.000000000000000000e+00 -1.456188637405375630e-05
-1.593072579980380965e+02 -1.283661213398756217e+03 -2.990238943092700197e+01 0.000000000000000000e+00 0.000000000000000000e+00 -1.839227239702623251e-02
2.462673788907510186e+01 -1.452440209536838893e+03 -3.268971381311968827e+01 0.000000000000000000e+00 0.000000000000000000e+00 -3.163490227134246879e-02
-1.622080853091718780e+02 -1.715784651604192732e+03 -3.828509131093906603e+01 0.000000000000000000e+00 0.000000000000000000e+00 -2.135770055053143324e-02
1.834123663546797331e+02 -1.709200470845737300e+03 -3.819827819924843482e+01 0.000000000000000000e+00 0.000000000000000000e+00 4.345504873619177033e-03
2.481911464871217561e+02 -1.952347991384562420e+03 -4.415846505244179809e+01 0.000000000000000000e+00 0.000000000000000000e+00 2.218354786691634217e-02
-1.617146064723847019e+02 -2.036140511151407281e+03 -4.602476619038922223e+01 0.000000000000000000e+00 0.000000000000000000e+00 -1.939261958355587012e-03
2.050886246165360660e+01 -2.201393207698845799e+03 -5.031443701330977802e+01 0.000000000000000000e+00 0.000000000000000000e+00 2.973015410380952517e-02
-1.577108524104108653e+02 -2.453999521737031955e+03 -5.802460227770082213e+01 0.000000000000000000e+00 0.000000000000000000e+00 -2.756485996271607064e-02
1.852035836309361230e+02 -2.453201871801060406e+03 -5.807412853770640027e+01 0.000000000000000000e+00 0.000000000000000000e+00 -2.389675384134193337e-02
2.305495296539157266e+02 -2.771389007998752277e+03 -6.876812702840501856e+01 0.000000000000000000e+00 0.000000000000000000e+00 1.373664252200512692e-02
-1.238726149196527189e+02 -2.783098143508233989e+03 -6.888287482118344940e+01 0.000000000000000000e+00 0.000000000000000000e+00 1.149335911846094405e-02
4.353863532769879185e+01 -2.966635020496602010e+03 -7.541813942617324074e+01 0.000000000000000000e+00 0.000000000000000000e+00 6.249653517330955310e-02
-1.287787925457115534e+02 -3.202920681835601954e+03 -8.462884212109231896e+01 0.000000000000000000e+00 0.000000000000000000e+00 -1.017177859792184336e-02
1.794588488433666384e+02 -3.201561589361594542e+03 -8.469507764455487120e+01 0.000000000000000000e+00 0.000000000000000000e+00 1.861565136694309786e-02
-8.281137716674252260e+02 -3.220719468598369531e+03 -9.047171341373190501e+01 0.000000000000000000e+00 0.000000000000000000e+00 6.308885106983552760e-02
-4.807479441687352733e+02 -3.203081311647199982e+03 -8.628547898895853052e+01 0.000000000000000000e+00 0.000000000000000000e+00 6.272234851303437608e-02
-6.229428216267129983e+02 -2.966446215598553408e+03 -7.840853826554484840e+01 0.000000000000000000e+00 0.000000000000000000e+00 5.180067507728836063e-02
-8.090394308470142732e+02 -2.780313075695097268e+03 -7.377378068287316637e+01 0.000000000000000000e+00 0.000000000000000000e+00 8.054853626987323878e-03
-4.746817587053753869e+02 -2.780114972550371021e+03 -7.041976899169384296e+01 0.000000000000000000e+00 0.000000000000000000e+00 3.266227515763375777e-02
-8.240835064546325839e+02 -2.463514044916707917e+03 -6.347660007976512020e+01 0.000000000000000000e+00 0.000000000000000000e+00 1.290523518235175970e-01
-4.684783185495887778e+02 -2.449982329771695731e+03 -5.943527746850261906e+01 0.000000000000000000e+00 0.000000000000000000e+00 4.222531878435376029e-02
-6.670405265882943695e+02 -2.196906242205417129e+03 -5.371522508293855935e+01 0.000000000000000000e+00 0.000000000000000000e+00 7.943183973481637850e-02
-8.029187089400772948e+02 -2.025544637935283390e+03 -5.066838282436030738e+01 0.000000000000000000e+00 0.000000000000000000e+00 1.101831578760510411e-01
-4.848255043006035976e+02 -2.026197552136639843e+03 -4.742937136996975056e+01 0.000000000000000000e+00 0.000000000000000000e+00 5.751294622285030300e-02
-8.015681550907822839e+02 -1.698059548597448838e+03 -4.282044972228484880e+01 0.000000000000000000e+00 0.000000000000000000e+00 8.389263929439039202e-02
-4.959718492236644352e+02 -1.677199561639837384e+03 -3.919909444006762556e+01 0.000000000000000000e+00 0.000000000000000000e+00 4.802679427314870964e-02
-6.478023495831935179e+02 -1.447551523203548413e+03 -3.595923160989585199e+01 0.000000000000000000e+00 0.000000000000000000e+00 8.426703911877808650e-02
-8.068218638635783009e+02 -1.303859262982553673e+03 -3.525932639685996151e+01 0.000000000000000000e+00 0.000000000000000000e+00 8.376085476327688184e-02
-5.142770362049583355e+02 -1.261931383952122133e+03 -3.146572405950164963e+01 0.000000000000000000e+00 0.000000000000000000e+00 1.733742340788069214e-02
-8.156663385804941981e+02 -9.586862448906684904e+02 -3.032924946567897351e+01 0.000000000000000000e+00 0.000000000000000000e+00 4.033193228705300726e-02
-4.698898783283279954e+02 -9.597382655559113118e+02 -2.677349276922174681e+01 0.000000000000000000e+00 0.000000000000000000e+00 4.781671099835094196e-02
-6.593180518631264704e+02 -7.162612108708336791e+02 -2.585390069563480964e+01 0.000000000000000000e+00 0.000000000000000000e+00 -1.781125171943642727e-02
-8.415114343435202500e+02 -5.420038312577038369e+02 -2.662960488583749452e+01 0.000000000000000000e+00 0.000000000000000000e+00 2.460435691342865994e-02
-4.733402684156139912e+02 -5.358179645076356792e+02 -2.270157761932616225e+01 0.000000000000000000e+00 0.000000000000000000e+00 1.759736460243743750e-03
-8.394184476544222662e+02 -2.171010081278904522e+02 -2.500285027598444287e+01 0.000000000000000000e+00 0.000000000000000000e+00 -1.643989389781452815e-02
-4.750668505263558927e+02 -2.036765395589497416e+02 -2.112860051749425949e+01 0.000000000000000000e+00 0.000000000000000000e+00 8.034321037381886299e-03
-6.576720917585756752e+02 3.252952858988052043e+01 -2.252102104527916993e+01 0.000000000000000000e+00 0.000000000000000000e+00 -2.045147120102086546e-02
-8.099686493287746316e+02 2.081231832775497992e+02 -2.456978713782363855e+01 0.000000000000000000e+00 0.000000000000000000e+00 1.780924254020987973e-03
-4.910726263873921198e+02 2.184644145394196357e+02 -2.128461632448096452e+01 0.000000000000000000e+00 0.000000000000000000e+00 2.598241228721320795e-02
-8.447122767659012652e+02 5.308519976211221092e+02 -2.652831569686423308e+01 0.000000000000000000e+00 0.000000000000000000e+00 8.148448616260139943e-02
-4.693653240010081049e+02 5.436424404676231461e+02 -2.269172051962110004e+01 0.000000000000000000e+00 0.000000000000000000e+00 3.968111448430278188e-02
-6.626433945880232841e+02 7.883645194253978161e+02 -2.649044298646482787e+01 0.000000000000000000e+00 0.000000000000000000e+00 3.834723710757970139e-02
-8.370138672790241117e+02 9.615194724509582329e+02 -3.046322243346702763e+01 0.000000000000000000e+00 0.000000000000000000e+00 2.560199567065168935e-02
-4.935657992496408610e+02 9.668514036336712252e+02 -2.691509875722343992e+01 0.000000000000000000e+00 0.000000000000000000e+00 5.518246024086437274e-02
-8.417443638892505078e+02 1.294262041443171711e+03 -3.521459004848966856e+01 0.000000000000000000e+00 0.000000000000000000e+00 1.673884453350638069e-02
-4.740265317432352390e+02 1.284366779258720953e+03 -3.125131384512839361e+01 0.000000000000000000e+00 0.000000000000000000e+00 -8.545802276849201462e-04
-6.879859755251889055e+02 1.548026202013471675e+03 -3.785578775232134063e+01 0.000000000000000000e+00 0.000000000000000000e+00 -2.212327236804867425e-02
-8.425165432011176563e+02 1.707769908051828224e+03 -4.292171198181831215e+01 0.000000000000000000e+00 0.000000000000000000e+00 1.507830662830400570e-02
-5.204554198398218432e+02 1.717033201722146714e+03 -3.969511853369567689e+01 0.000000000000000000e+00 0.000000000000000000e+00 5.673546665100559494e-03
-8.366591925261682263e+02 2.062657755096156507e+03 -5.107165835051849001e+01 0.000000000000000000e+00 0.000000000000000000e+00 3.256555670713368045e-02
-5.290421370396898055e+02 2.055529956760491586e+03 -4.764015518851705622e+01 0.000000000000000000e+00 0.000000000000000000e+00 4.883729908200251657e-02
-6.659211365575010859e+02 2.287029493286388970e+03 -5.505581773513830512e+01 0.000000000000000000e+00 0.000000000000000000e+00 3.507892683359159491e-03
-4.784238280091029765e+02 2.446643762083232104e+03 -5.800722815507648988e+01 0.000000000000000000e+00 0.000000000000000000e+00 -1.525487900737942937e-02
-8.679851001485677671e+02 2.516912663722693196e+03 -6.414203932093286653e+01 0.000000000000000000e+00 0.000000000000000000e+00 4.786259885833032968e-02
-8.475610482554827740e+02 2.822932860701332174e+03 -7.372117305018923616e+01 0.000000000000000000e+00 0.000000000000000000e+00 6.746561180520416201e-03
-5.337909251069837637e+02 2.805557991835117718e+03 -6.984034537793127129e+01 0.000000000000000000e+00 0.000000000000000000e+00 8.950584293927477120e-04
-6.691090569154832792e+02 3.047107081312849914e+03 -7.955056804653757752e+01 0.000000000000000000e+00 0.000000000000000000e+00 -1.911983703384123601e-02
-8.579033015795347410e+02 3.202985213583504446e+03 -8.752243920812762212e+01 0.000000000000000000e+00 0.000000000000000000e+00 9.789857022425962896e-03
-5.113725814592040706e+02 3.207448139794137660e+03 -8.412584034550799572e+01 0.000000000000000000e+00 0.000000000000000000e+00 -7.929377819806404659e-04
-1.522086523441138752e+03 3.185384128159699230e+03 -9.868620216816167101e+01 0.000000000000000000e+00 0.000000000000000000e+00 -6.696860565710949231e-03
-1.147497087930518774e+03 3.195863043043680591e+03 -9.160760169329199698e+01 0.000000000000000000e+00 0.000000000000000000e+00 1.249156431552478352e-02
-1.359555627014808124e+03 3.094430370089274220e+03 -9.181458822545096154e+01 0.000000000000000000e+00 0.000000000000000000e+00 -2.974082449736670242e-02
-1.525323769645141283e+03 2.844761491876558011e+03 -8.661384564155487453e+01 0.000000000000000000e+00 0.000000000000000000e+00 2.836277213368987304e-02
-1.149214200016965378e+03 2.792969112125483207e+03 -7.727866123140087495e+01 0.000000000000000000e+00 0.000000000000000000e+00 4.938990995458425459e-02
-1.522631426531503166e+03 2.516744967226836707e+03 -7.605959083459725889e+01 0.000000000000000000e+00 0.000000000000000000e+00 1.604450597029938308e-02
-1.185439485949689470e+03 2.467754288262228329e+03 -6.764156145584770741e+01 0.000000000000000000e+00 0.000000000000000000e+00 -2.439355829756095773e-02
-1.337350967832581091e+03 2.349149726991578063e+03 -6.712031981600642894e+01 0.000000000000000000e+00 0.000000000000000000e+00 5.718164762399169376e-03
-1.469692741421398978e+03 2.071596037832528964e+03 -6.254331242645210409e+01 0.000000000000000000e+00 0.000000000000000000e+00 4.474744290775589661e-02
-1.131495937839091312e+03 2.036001681282368509e+03 -5.488516129000477406e+01 0.000000000000000000e+00 0.000000000000000000e+00 -3.420076928593829280e-02
-1.498651854714811861e+03 1.770217414165938180e+03 -5.616735326599837208e+01 0.000000000000000000e+00 0.000000000000000000e+00 8.027763467225668137e-03
-1.169555810018904594e+03 1.727623444203898089e+03 -4.845825018010944518e+01 0.000000000000000000e+00 0.000000000000000000e+00 1.347966472025774465e-02
-1.332749553672322691e+03 1.592826810600333602e+03 -4.888069137199688896e+01 0.000000000000000000e+00 0.000000000000000000e+00 -2.703526206339290638e-02
-1.501150833652818619e+03 1.340945911850819130e+03 -4.805375961003347385e+01 0.000000000000000000e+00 0.000000000000000000e+00 -2.772389064818980842e-02
-1.154941502932603044e+03 1.339566960431888674e+03 -4.085600693341951484e+01 0.000000000000000000e+00 0.000000000000000000e+00 -5.575993978443705146e-02
-1.480473331484255141e+03 9.741398579537918749e+02 -4.234398631897670384e+01 0.000000000000000000e+00 0.000000000000000000e+00 -3.349807607890653571e-02
-1.202311647493784221e+03 9.956941459871063671e+02 -3.675038078340637071e+01 0.000000000000000000e+00 0.000000000000000000e+00 -3.374545125842587368e-02
-1.344487853465243916e+03 8.398589608731176668e+02 -3.782173281451525781e+01 0.000000000000000000e+00 0.000000000000000000e+00 -2.057946632682927657e-02
-1.471468779959543326e+03 5.586466843910598072e+02 -3.820323595807018080e+01 0.000000000000000000e+00 0.000000000000000000e+00 -1.822656101758468594e-03
-1.184783109440583985e+03 5.752534395296956973e+02 -3.230745900562148876e+01 0.000000000000000000e+00 0.000000000000000000e+00 8.689145272313680834e-03
-1.144549113485691350e+03 2.686784362568033657e+02 -2.995463206117511845e+01 0.000000000000000000e+00 0.000000000000000000e+00 6.081590517584700706e-02
-1.483036846663041842e+03 2.533399333175761399e+02 -3.695328576105839602e+01 0.000000000000000000e+00 0.000000000000000000e+00 2.413815789892481689e-02
-1.285777756231834246e+03 8.924460721848844003e+01 -3.229037033180248528e+01 0.000000000000000000e+00 0.000000000000000000e+00 4.169133604152364114e-02
-1.538913371090971395e+03 -1.754998674858236996e+02 -3.814157854496926348e+01 0.000000000000000000e+00 0.000000000000000000e+00 1.442425221515009071e-02
-1.153420819215499250e+03 -1.571998502317963471e+02 -2.985282596002200961e+01 0.000000000000000000e+00 0.000000000000000000e+00 2.335368083216238233e-02
-1.518272596764902346e+03 -4.946270366956701423e+02 -3.904711090120254369e+01 0.000000000000000000e+00 0.000000000000000000e+00 8.345942843607900841e-02
-1.170867727736572306e+03 -5.134136726102683497e+02 -3.173484315688735080e+01 0.000000000000000000e+00 0.000000000000000000e+00 3.318271079176327021e-02
-1.314912818705314749e+03 -7.130885871438080130e+02 -3.617641018601986502e+01 0.000000000000000000e+00 0.000000000000000000e+00 -3.854715527872087932e-02
-1.499625415891824105e+03 -9.662880420993786856e+02 -4.305645216884099113e+01 0.000000000000000000e+00 0.000000000000000000e+00 -1.795428167664425700e-02
-1.160613110330903055e+03 -9.382614838262546755e+02 -3.553292590518807970e+01 0.000000000000000000e+00 0.000000000000000000e+00 3.563270692914954907e-03
-1.505257971497054541e+03 -1.231572980276455610e+03 -4.694266634069096256e+01 0.000000000000000000e+00 0.000000000000000000e+00 6.733024735915194015e-03
-1.183745185621080282e+03 -1.258554171363196474e+03 -4.050390428420199385e+01 0.000000000000000000e+00 0.000000000000000000e+00 1.257560628513232359e-02
-1.361593793938508497e+03 -1.465468598857545430e+03 -4.772790381436344376e+01 0.000000000000000000e+00 0.000000000000000000e+00 -4.005848310146120639e-02
-1.514509083673531450e+03 -1.676363706676204856e+03 -5.544939863623254439e+01 0.000000000000000000e+00 0.000000000000000000e+00 -2.350896062988283575e-01
-1.179559266948083177e+03 -1.678362856351227265e+03 -4.835195328531558800e+01 0.000000000000000000e+00 0.000000000000000000e+00 -2.385475632198819085e-02
-1.462729775267658169e+03 -1.998515188412000271e+03 -6.177810774835789687e+01 0.000000000000000000e+00 0.000000000000000000e+00 1.646694179007823777e-02
-1.124282734923692715e+03 -1.986379535403231102e+03 -5.456957183576227521e+01 0.000000000000000000e+00 0.000000000000000000e+00 5.452480633084633155e-02
-1.288850239417733519e+03 -2.220980012890139278e+03 -6.398109681840730900e+01 0.000000000000000000e+00 0.000000000000000000e+00 -4.465651531148751019e-02
-1.474027159981643081e+03 -2.472320347544780361e+03 -7.541816195304805603e+01 0.000000000000000000e+00 0.000000000000000000e+00 -3.722873482918487298e-02
-1.097044941039319610e+03 -2.469427655838601368e+03 -6.777318077679024100e+01 0.000000000000000000e+00 0.000000000000000000e+00 -1.805852817682875866e-01
-1.494345161073393911e+03 -2.793071041227300157e+03 -8.642372566956832713e+01 0.000000000000000000e+00 0.000000000000000000e+00 -3.614486986199949570e-02
-1.146525415642745656e+03 -2.777314265882005657e+03 -7.879329392888692496e+01 0.000000000000000000e+00 0.000000000000000000e+00 -4.182100537582300603e-02
-1.299803224759181603e+03 -2.887632377389393696e+03 -8.557991727642068724e+01 0.000000000000000000e+00 0.000000000000000000e+00 -7.604914560178599459e-02
-1.474904495937592856e+03 -3.143841700157353444e+03 -9.880643303008110934e+01 0.000000000000000000e+00 0.000000000000000000e+00 -1.443094523517629568e-02
-1.132650256354226258e+03 -3.192473184318834228e+03 -9.391472237872994810e+01 0.000000000000000000e+00 0.000000000000000000e+00 -6.095935587666190258e-02
-2.192136985827754415e+03 3.181399607138027477e+03 -1.169850335084720996e+02 0.000000000000000000e+00 0.000000000000000000e+00 4.411287776790118187e-03
-1.868240679364074140e+03 3.199908588913354379e+03 -1.079546631650903237e+02 0.000000000000000000e+00 0.000000000000000000e+00 -1.113921352614966054e-02
-2.060100460594468132e+03 3.065815339193435193e+03 -1.086312835819759073e+02 0.000000000000000000e+00 0.000000000000000000e+00 9.884729343681897262e-03
-2.240202824364188018e+03 2.786031571412073845e+03 -1.048061137892872239e+02 0.000000000000000000e+00 0.000000000000000000e+00 9.960259096118306843e-03
-1.852201209972559127e+03 2.770395321798587247e+03 -9.243372873044835103e+01 0.000000000000000000e+00 0.000000000000000000e+00 -7.443245630312844696e-03
-2.205506385835280980e+03 2.436045232543494876e+03 -9.290229355453189442e+01 0.000000000000000000e+00 0.000000000000000000e+00 -6.476258585479399699e-03
-1.857394617077205339e+03 2.452378332330403737e+03 -8.271933102219475131e+01 0.000000000000000000e+00 0.000000000000000000e+00 2.948910889131184376e-04
-2.069068194266069895e+03 2.334807505593681071e+03 -8.564872860392566167e+01 0.000000000000000000e+00 0.000000000000000000e+00 8.508410899722207432e-03
-2.213609081953396071e+03 2.041578830828015498e+03 -8.269587947267230277e+01 0.000000000000000000e+00 0.000000000000000000e+00 -5.682653025701256411e-03
-1.860552255901249964e+03 2.038159079574193584e+03 -7.167560044973878064e+01 0.000000000000000000e+00 0.000000000000000000e+00 1.319775918628351974e-02
-2.185558837578608291e+03 1.702241180273723785e+03 -7.416927492276381884e+01 0.000000000000000000e+00 0.000000000000000000e+00 -2.167738682160802455e-02
-1.821529427021422862e+03 1.711195099944418644e+03 -6.317869321372250369e+01 0.000000000000000000e+00 0.000000000000000000e+00 2.404049990803969195e-02
-2.053881869509619719e+03 1.549357649624595751e+03 -6.690830763631122124e+01 0.000000000000000000e+00 0.000000000000000000e+00 1.360650541812447045e-03
-2.206278525004416679e+03 1.345162664527063953e+03 -6.833434580084622212e+01 0.000000000000000000e+00 0.000000000000000000e+00 -1.095727606283958266e-02
-1.854500472125237366e+03 1.304387121908940117e+03 -5.666729673594034722e+01 0.000000000000000000e+00 0.000000000000000000e+00 -6.719225762829239557e-03
-2.237159687247567490e+03 9.634562058151623205e+02 -6.409349104061929836e+01 0.000000000000000000e+00 0.000000000000000000e+00 5.471357094626227990e-02
-1.885320826951024628e+03 9.835814678473526556e+02 -5.309311981384080070e+01 0.000000000000000000e+00 0.000000000000000000e+00 -4.692250136686482165e-02
-2.039283908027133975e+03 8.089120991198973343e+02 -5.588996888058178314e+01 0.000000000000000000e+00 0.000000000000000000e+00 -2.050637541088207172e-02
-2.225142159752788757e+03 5.244112231946081693e+02 -5.977010799301424981e+01 0.000000000000000000e+00 0.000000000000000000e+00 -1.998927659777649524e-02
-1.924129598675978286e+03 5.548593254322274788e+02 -5.023912780821643764e+01 0.000000000000000000e+00 0.000000000000000000e+00 8.834030797132186308e-03
-2.197581774642303117e+03 2.465561288633534787e+02 -5.757007249872665966e+01 0.000000000000000000e+00 0.000000000000000000e+00 6.734082506170580018e-03
-1.858296770129227525e+03 2.564386629473333414e+02 -4.683948779868175905e+01 0.000000000000000000e+00 0.000000000000000000e+00 -2.739992884381337035e-02
-2.040897055629331135e+03 5.271380929651298430e+01 -5.207294281587599016e+01 0.000000000000000000e+00 0.000000000000000000e+00 1.674871489775853206e-03
-2.171988855496394535e+03 -2.239404539465637072e+02 -5.676116697263610433e+01 0.000000000000000000e+00 0.000000000000000000e+00 -2.070840835875031871e-02
-1.846216311898941967e+03 -2.116673600678883531e+02 -4.645449437004383242e+01 0.000000000000000000e+00 0.000000000000000000e+00 -5.570716869093672585e-02
-2.151978118974879635e+03 -5.000483004915565743e+02 -5.741031408105997969e+01 0.000000000000000000e+00 0.000000000000000000e+00 2.936081752723396221e-02
-1.829973763845770463e+03 -5.078116720965226705e+02 -4.738976415569258904e+01 0.000000000000000000e+00 0.000000000000000000e+00 4.951209166598857792e-03
-1.978836901654523672e+03 -7.405397098781554632e+02 -5.373700461178430032e+01 0.000000000000000000e+00 0.000000000000000000e+00 -5.470647399332762006e-02
-2.171068036823870898e+03 -9.643660683247323959e+02 -6.244032120987410650e+01 0.000000000000000000e+00 0.000000000000000000e+00 -1.397284924753705582e-02
-1.879025328225983458e+03 -9.433125102345626374e+02 -5.290711882518697706e+01 0.000000000000000000e+00 0.000000000000000000e+00 1.012202741704015807e-02
-2.147964787605872516e+03 -1.309935545701822775e+03 -6.667310871980528475e+01 0.000000000000000000e+00 0.000000000000000000e+00 -5.812920696071444127e-02
-1.881769784113380410e+03 -1.292616559356146581e+03 -5.799193710874339303e+01 0.000000000000000000e+00 0.000000000000000000e+00 -9.289221314282514186e-02
-2.031716923110629068e+03 -1.427028866901777974e+03 -6.491807487010139255e+01 0.000000000000000000e+00 0.000000000000000000e+00 -6.407833569024035114e-02
-2.157878803398507443e+03 -1.725879305371509872e+03 -7.499231044984927053e+01 0.000000000000000000e+00 0.000000000000000000e+00 -9.357416515470617924e-03
-1.823401077885147743e+03 -1.725637878780050187e+03 -6.461709692779621150e+01 0.000000000000000000e+00 0.000000000000000000e+00 -6.846809261908504141e-02
-2.164655023022440218e+03 -2.034093278663198817e+03 -8.248673709217392513e+01 0.000000000000000000e+00 0.000000000000000000e+00 -4.373628707512011715e-03
-1.815097840987763902e+03 -2.035856204362010203e+03 -7.176216330903913843e+01 0.000000000000000000e+00 0.000000000000000000e+00 -2.461528442917426673e-02
-1.991831786887208636e+03 -2.166995077563660288e+03 -8.043790433610382706e+01 0.000000000000000000e+00 0.000000000000000000e+00 9.344675855984974078e-03
-2.103446971794388901e+03 -2.453652691244254129e+03 -9.217834838670461295e+01 0.000000000000000000e+00 0.000000000000000000e+00 -4.067567231267332772e-02
-1.789617896361891326e+03 -2.469950707697443704e+03 -8.331002280431894746e+01 0.000000000000000000e+00 0.000000000000000000e+00 9.054689579485852846e-03
-2.160320945677078726e+03 -2.732914665067659826e+03 -1.029041034211979877e+02 0.000000000000000000e+00 0.000000000000000000e+00 5.284189660983429349e-03
-1.765367541745067911e+03 -2.734456162092013528e+03 -9.118626880438739590e+01 0.000000000000000000e+00 0.000000000000000000e+00 1.598948202881445013e-01
-1.925152278774173055e+03 -2.943337896591078788e+03 -1.029333026228754591e+02 0.000000000000000000e+00 0.000000000000000000e+00 4.589178106299129922e-02
-2.152210003945524477e+03 -3.137543637108804887e+03 -1.169772920408455974e+02 0.000000000000000000e+00 0.000000000000000000e+00 -1.389288468411109534e-02
-1.828973906114967349e+03 -3.191259315135147517e+03 -1.094357352414285174e+02 0.000000000000000000e+00 0.000000000000000000e+00 3.279887332638509179e-02
-2.769578731197338584e+03 -2.450426066760471258e+03 -1.165234343361260443e+02 0.000000000000000000e+00 0.000000000000000000e+00 1.341554190551619286e-02
-2.450402154319712736e+03 -2.408658163468179737e+03 -1.028215120152172517e+02 0.000000000000000000e+00 0.000000000000000000e+00 8.041176593424381736e-02
-2.660721937834122855e+03 -2.226293769851130946e+03 -1.057601218239497030e+02 0.000000000000000000e+00 0.000000000000000000e+00 -5.598503922200848137e-03
-2.810039363572068851e+03 -1.984488134168437682e+03 -1.056894336770220661e+02 0.000000000000000000e+00 0.000000000000000000e+00 -2.984243018950394344e-02
-2.443418599925082617e+03 -1.981114182720995586e+03 -9.101263268239183901e+01 0.000000000000000000e+00 0.000000000000000000e+00 2.362776376402564438e-02
-2.805723541079006282e+03 -1.662008562202789108e+03 -9.828333568352574900e+01 0.000000000000000000e+00 0.000000000000000000e+00 -9.775580356958357697e-03
-2.491446033394757251e+03 -1.655801776184550363e+03 -8.546377355995913661e+01 0.000000000000000000e+00 0.000000000000000000e+00 -4.900836845523315333e-02
-2.632712530815525952e+03 -1.483951553388189495e+03 -8.763905562840285768e+01 0.000000000000000000e+00 0.000000000000000000e+00 -2.955986576995428550e-02
-2.801951457493806174e+03 -1.287777634237318580e+03 -9.126639254980692328e+01 0.000000000000000000e+00 0.000000000000000000e+00 -7.555680824950172791e-03
-2.533512635910228255e+03 -1.248430252934012287e+03 -7.966442850318544799e+01 0.000000000000000000e+00 0.000000000000000000e+00 -1.775098255588147822e-02
-2.846407371181882354e+03 -9.643707080176496902e+02 -8.861050694605174272e+01 0.000000000000000000e+00 0.000000000000000000e+00 2.266334784073364972e-02
-2.464433218724333528e+03 -9.743094220894837463e+02 -7.313770271894510699e+01 0.000000000000000000e+00 0.000000000000000000e+00 -2.560294570122323421e-02
-2.644444218915895817e+03 -7.179987734796063705e+02 -7.746898502351830018e+01 0.000000000000000000e+00 0.000000000000000000e+00 -3.122480847922304292e-02
-2.841966775387678354e+03 -5.574192756581059029e+02 -8.447065976029713852e+01 0.000000000000000000e+00 0.000000000000000000e+00 -3.196270051645910826e-02
-2.523824630092883126e+03 -4.935487165133301914e+02 -7.089688963136902089e+01 0.000000000000000000e+00 0.000000000000000000e+00 -6.714883982567698695e-03
-2.819531560203683966e+03 -2.198252747353478185e+02 -8.175888964327987196e+01 0.000000000000000000e+00 0.000000000000000000e+00 -9.094835700153680591e-03
-2.560172940204889528e+03 -1.928386244050552136e+02 -7.094576194529517466e+01 0.000000000000000000e+00 0.000000000000000000e+00 3.542229374198768710e-02
-2.676036369478400957e+03 2.427087514794434497e+01 -7.531955647799762232e+01 0.000000000000000000e+00 0.000000000000000000e+00 -1.836461475673445420e-02
-2.815258501905966114e+03 2.136232142330596275e+02 -8.138718850248824310e+01 0.000000000000000000e+00 0.000000000000000000e+00 -1.100026760735772768e-02
-2.541444510932455614e+03 2.245612587751147657e+02 -7.014496665168225320e+01 0.000000000000000000e+00 0.000000000000000000e+00 -3.089752271193901834e-02
-2.818312304075132488e+03 5.349309029611608821e+02 -8.285837054067522445e+01 0.000000000000000000e+00 0.000000000000000000e+00 1.940851017117495303e-02
-2.501837986352093594e+03 5.387480304460272009e+02 -6.997412184497476062e+01 0.000000000000000000e+00 0.000000000000000000e+00 -2.132373063267323232e-02
-2.624049675059734000e+03 7.882629239448634735e+02 -7.672649204378041077e+01 0.000000000000000000e+00 0.000000000000000000e+00 -2.319126465124554670e-04
-2.845179214212539136e+03 9.301053144706995681e+02 -8.737277179497881718e+01 0.000000000000000000e+00 0.000000000000000000e+00 8.480579492157858112e-03
-2.489624569406424143e+03 9.589986058938455926e+02 -7.322304404774176589e+01 0.000000000000000000e+00 0.000000000000000000e+00 2.886229124925421274e-03
-2.825212698313429428e+03 1.282850332999022839e+03 -9.108660845182967591e+01 0.000000000000000000e+00 0.000000000000000000e+00 -3.636444943002459240e-02
-2.493730490245705369e+03 1.284176899658872799e+03 -7.771711633694201282e+01 0.000000000000000000e+00 0.000000000000000000e+00 -3.397486884846045996e-02
-2.634744843762739492e+03 1.558985549646677555e+03 -8.784403971124453392e+01 0.000000000000000000e+00 0.000000000000000000e+00 -3.530191993738185374e-02
-2.852090615817294747e+03 1.685165449368163308e+03 -9.923467398320933341e+01 0.000000000000000000e+00 0.000000000000000000e+00 6.469151342429313445e-03
-2.552935338451231928e+03 1.727343431589474676e+03 -8.790561131646390436e+01 0.000000000000000000e+00 0.000000000000000000e+00 -7.624734284590317657e-03
-2.836797730002738263e+03 2.017313634100450145e+03 -1.057710049789738633e+02 0.000000000000000000e+00 0.000000000000000000e+00 8.035148247955703482e-04
-2.517511447800838141e+03 2.024199920351001992e+03 -9.313098692334541795e+01 0.000000000000000000e+00 0.000000000000000000e+00 -1.777982287407553486e-03
-2.646931748254226022e+03 2.256938390477432222e+03 -1.039911466094500696e+02 0.000000000000000000e+00 0.000000000000000000e+00 3.120036067343789910e-02
-2.832424297115485842e+03 2.481010839578062587e+03 -1.177115987518886584e+02 0.000000000000000000e+00 0.000000000000000000e+00 6.906785899795409023e-02
-2.513965682224342800e+03 2.491379968723022102e+03 -1.053902488573873342e+02 0.000000000000000000e+00 0.000000000000000000e+00 1.225683726379145355e-02
