0.005113 25.733095
0.008954 33.650825
0.007197 41.568556
0.007574 49.486286
0.008478 57.404016
0.006731 65.321747
0.005710 73.239477
0.010021 81.157207
0.008923 89.074938
0.010665 96.992668
0.004506 104.910398
0.003563 112.828129
0.009343 120.745859
0.007804 128.663590
0.005579 136.581320
0.007802 144.499050
0.009726 152.416781
0.006457 160.334511
0.007443 168.252241
0.005733 176.169972
0.009816 184.087702
0.008955 192.005432
0.009532 199.923163
0.007998 207.840893
0.004945 215.758624
0.005984 223.676354
0.008857 231.594084
0.007368 239.511815
0.007299 247.429545
0.006682 255.347275
0.006796 263.265006
0.006625 271.182736
0.009307 279.100466
0.005872 287.018197
0.006316 294.935927
0.005231 302.853658
0.006931 310.771388
0.008891 318.689118
0.006585 326.606849
0.007339 334.524579
0.008694 342.442309
0.005524 350.360040
0.006072 358.277770
0.008486 366.195500
0.007322 374.113231
0.009024 382.030961
0.008828 389.948692
0.004695 397.866422
0.007932 405.784152
0.008361 413.701883
0.007184 421.619613
0.006961 429.537343
0.005419 437.455074
0.006623 445.372804
0.008181 453.290534
0.004887 461.208265
0.006554 469.125995
0.007570 477.043726
0.008518 484.961456
0.007635 492.879186
0.006161 500.796917
0.005929 508.714647
0.008075 516.632377
0.008611 524.550108
0.002682 532.467838
0.002801 540.385568
0.009314 548.303299
0.005025 556.221029
0.011214 564.138760
0.003020 572.056490
0.008872 579.974220
0.009091 587.891951
0.006641 595.809681
0.006382 603.727411
0.003782 611.645142
0.007597 619.562872
0.006712 627.480602
0.007777 635.398333
0.004001 643.316063
0.005925 651.233794
0.004409 659.151524
0.007127 667.069254
0.005375 674.986985
0.011399 682.904715
0.005062 690.822445
0.005925 698.740176
0.003725 706.657906
0.001232 714.575636
0.003668 722.493367
0.005807 730.411097
0.002793 738.328828
0.002827 746.246558
0.010125 754.164288
0.007361 762.082019
0.005012 769.999749
nan 777.917479
nan 785.835210
0.008218 793.752940
nan 801.670670
0.003106 809.588401
