0.005495 35.408752
nan 43.360616
nan 51.312480
0.003547 59.264343
0.004813 67.216207
0.002017 75.168070
nan 83.119934
0.007300 91.071798
nan 99.023661
0.004491 106.975525
0.005300 114.927388
nan 122.879252
0.001170 130.831116
nan 138.782979
0.004731 146.734843
0.012616 154.686706
nan 162.638570
nan 170.590434
nan 178.542297
0.003396 186.494161
0.003269 194.446024
nan 202.397888
nan 210.349752
0.002396 218.301615
nan 226.253479
0.005740 234.205342
0.001191 242.157206
nan 250.109070
nan 258.060933
nan 266.012797
0.005701 273.964660
nan 281.916524
0.001992 289.868388
0.003514 297.820251
0.004352 305.772115
0.005130 313.723978
0.003020 321.675842
0.004142 329.627706
0.010625 337.579569
nan 345.531433
0.004667 353.483296
0.004317 361.435160
0.000822 369.387024
0.002986 377.338887
0.002631 385.290751
0.002974 393.242614
0.004310 401.194478
0.007381 409.146342
0.004300 417.098205
nan 425.050069
0.002715 433.001932
0.004513 440.953796
0.005107 448.905660
nan 456.857523
0.006631 464.809387
0.004283 472.761250
0.005986 480.713114
0.001990 488.664978
0.002670 496.616841
0.000399 504.568705
0.001388 512.520568
0.003285 520.472432
0.001759 528.424296
0.004426 536.376159
nan 544.328023
0.010059 552.279886
nan 560.231750
0.000263 568.183613
0.002882 576.135477
0.000629 584.087341
0.005354 592.039204
0.006784 599.991068
0.005243 607.942931
nan 615.894795
0.001951 623.846659
nan 631.798522
nan 639.750386
nan 647.702249
0.006631 655.654113
0.000948 663.605977
0.011668 671.557840
0.005439 679.509704
nan 687.461567
nan 695.413431
nan 703.365295
0.004615 711.317158
0.007177 719.269022
0.000222 727.220885
0.001774 735.172749
nan 743.124613
nan 751.076476
nan 759.028340
0.004270 766.980203
nan 774.932067
nan 782.883931
0.002238 790.835794
nan 798.787658
nan 806.739521
nan 814.691385
0.002253 822.643249
