# x y z x_res y_res z_res
2.510726947089138321e+03 -2.438960358205279590e+03 -1.059705469360310275e+02 0.000000000000000000e+00 0.000000000000000000e+00 -1.419250985215114724e-02
2.878775280742925133e+03 -2.432317232657268505e+03 -1.205644682718686624e+02 0.000000000000000000e+00 0.000000000000000000e+00 8.717946382029140295e-02
2.695076320323329583e+03 -2.184443776116123900e+03 -1.060181805147123129e+02 0.000000000000000000e+00 0.000000000000000000e+00 -3.952994913048257786e-02
2.513065438331143469e+03 -2.024271486530553830e+03 -9.471290630192228832e+01 0.000000000000000000e+00 0.000000000000000000e+00 -7.842200599765192237e-02
2.870573902227174131e+03 -2.010789623552204830e+03 -1.089118302331092991e+02 0.000000000000000000e+00 0.000000000000000000e+00 -9.581274223378954957e-02
2.507308436519509996e+03 -1.691327144122812115e+03 -8.681398245293209470e+01 0.000000000000000000e+00 0.000000000000000000e+00 -4.347369873502771043e-02
2.877230897478058978e+03 -1.681583111907433249e+03 -1.017601194989784403e+02 0.000000000000000000e+00 0.000000000000000000e+00 1.733613977529557815e-02
2.688074530564741508e+03 -1.442087171003184267e+03 -8.912631387840883690e+01 0.000000000000000000e+00 0.000000000000000000e+00 1.113965746782241695e-03
2.505730398360419713e+03 -1.276040741938789779e+03 -7.902516629811117355e+01 0.000000000000000000e+00 0.000000000000000000e+00 7.727335178586258735e-02
2.871326015521861336e+03 -1.263235664167953018e+03 -9.387173986379639246e+01 0.000000000000000000e+00 0.000000000000000000e+00 -9.794778291876582443e-03
2.873047777392418539e+03 -9.322574244354121902e+02 -8.938881621688337020e+01 0.000000000000000000e+00 0.000000000000000000e+00 -3.402319280588983474e-02
2.502654659729025752e+03 -9.338488177475336443e+02 -7.411466151465373287e+01 0.000000000000000000e+00 0.000000000000000000e+00 -2.256772742015300537e-03
2.678038140218115132e+03 -6.928988094974448586e+02 -7.861829316363963471e+01 0.000000000000000000e+00 0.000000000000000000e+00 3.300141092765329631e-02
2.506198031228836953e+03 -5.214569547386839758e+02 -7.039549418429398031e+01 0.000000000000000000e+00 0.000000000000000000e+00 4.333125115110192382e-03
2.876305019005641952e+03 -5.162596955288695426e+02 -8.568576890991971595e+01 0.000000000000000000e+00 0.000000000000000000e+00 3.441162319788304558e-02
2.875733852651198958e+03 -1.799787679614934461e+02 -8.409498343659782904e+01 0.000000000000000000e+00 0.000000000000000000e+00 3.665226779975228055e-02
2.500127812327739321e+03 -1.886831983375882089e+02 -6.858458230166175440e+01 0.000000000000000000e+00 0.000000000000000000e+00 6.809079221301317375e-02
2.677460336798065782e+03 6.221961904279546474e+01 -7.538435719026041681e+01 0.000000000000000000e+00 0.000000000000000000e+00 4.436361439708491616e-02
2.497789751829427587e+03 2.283869692909197511e+02 -6.845598214448020258e+01 0.000000000000000000e+00 0.000000000000000000e+00 7.658425223021936290e-02
2.862593388574261553e+03 2.381561047137115850e+02 -8.349886992109389894e+01 0.000000000000000000e+00 0.000000000000000000e+00 6.174982771580062035e-02
2.861838321812670529e+03 5.580997353445502540e+02 -8.488776869202114028e+01 0.000000000000000000e+00 0.000000000000000000e+00 4.437316766579613159e-02
2.508863767182537231e+03 5.611390500893202216e+02 -7.038910118323761367e+01 0.000000000000000000e+00 0.000000000000000000e+00 9.653935879751429638e-02
2.681156655771636906e+03 8.136821146862026808e+02 -7.928252272509527643e+01 0.000000000000000000e+00 0.000000000000000000e+00 7.151434150520685762e-02
2.497286588597587524e+03 9.713194831722290701e+02 -7.365723293154439943e+01 0.000000000000000000e+00 0.000000000000000000e+00 4.801202607640675524e-02
2.864811384555660425e+03 9.862680991175018335e+02 -8.885129610256097976e+01 0.000000000000000000e+00 0.000000000000000000e+00 5.530383794507542916e-02
2.863878825385597793e+03 1.309760538796417222e+03 -9.315670595581778457e+01 0.000000000000000000e+00 0.000000000000000000e+00 2.377400464882839515e-02
2.489977068848068484e+03 1.310087752107952838e+03 -7.797425934426453864e+01 0.000000000000000000e+00 0.000000000000000000e+00 5.868634904587111123e-02
2.665641760167799475e+03 1.555383245366691426e+03 -8.901634370755760983e+01 0.000000000000000000e+00 0.000000000000000000e+00 1.126355088419472850e-02
2.854329650550027964e+03 1.725198578051728418e+03 -1.001293464990120015e+02 0.000000000000000000e+00 0.000000000000000000e+00 7.585802051795553780e-02
2.494677841108620214e+03 1.724530287507644516e+03 -8.562325520173214954e+01 0.000000000000000000e+00 0.000000000000000000e+00 1.961511460925180472e-02
2.859244913031858232e+03 2.067139535326035912e+03 -1.079099659104796558e+02 0.000000000000000000e+00 0.000000000000000000e+00 5.249235228978932355e-02
2.490022253769079271e+03 2.061454601525549151e+03 -9.299362426684521665e+01 0.000000000000000000e+00 0.000000000000000000e+00 6.659486684208104634e-02
2.663968447332125379e+03 2.305100570855733167e+03 -1.059501114839915488e+02 0.000000000000000000e+00 0.000000000000000000e+00 1.108251107376361233e-01
2.484768640018432052e+03 2.469596931561082783e+03 -1.036704971490181322e+02 0.000000000000000000e+00 0.000000000000000000e+00 2.995638246946441541e-02
2.852039186626393985e+03 2.487316178072144794e+03 -1.187156193712631449e+02 0.000000000000000000e+00 0.000000000000000000e+00 2.094084262650142136e-02
2.174686822916558413e+03 3.281869206275397119e+03 -1.201895499869851420e+02 0.000000000000000000e+00 0.000000000000000000e+00 -2.232437756579486177e-02
2.178876815676161186e+03 2.816647527626119427e+03 -1.037945148640363300e+02 0.000000000000000000e+00 0.000000000000000000e+00 -4.498655108881166598e-02
1.992038379990013482e+03 3.054332498266048333e+03 -1.061744745853382881e+02 0.000000000000000000e+00 0.000000000000000000e+00 -4.971424963480330916e-02
1.802789634918268803e+03 3.286947553715958747e+03 -1.094735880048480965e+02 0.000000000000000000e+00 0.000000000000000000e+00 -5.236278862435028714e-02
1.809140127999605511e+03 2.812243163456953880e+03 -9.263286870486830082e+01 0.000000000000000000e+00 0.000000000000000000e+00 -4.710498561105680437e-02
1.510998109144124783e+03 3.286625093001844562e+03 -1.022875384272714143e+02 0.000000000000000000e+00 0.000000000000000000e+00 -6.936263260203645586e-02
1.506565939026485694e+03 2.869377652369007592e+03 -8.702144164220757716e+01 0.000000000000000000e+00 0.000000000000000000e+00 -4.440054989726149870e-02
1.319586220501833168e+03 3.062964614874609651e+03 -8.986443726854099623e+01 0.000000000000000000e+00 0.000000000000000000e+00 -6.759742731244955394e-02
1.119169482463495797e+03 3.284522154480661811e+03 -9.452354277321177278e+01 0.000000000000000000e+00 0.000000000000000000e+00 -1.784496175147864960e-02
1.134231412596086557e+03 2.871642740709527516e+03 -7.968439164181485523e+01 0.000000000000000000e+00 0.000000000000000000e+00 -5.680718956502062156e-02
8.413811983721742536e+02 3.278588610074239114e+03 -9.021765478670582183e+01 0.000000000000000000e+00 0.000000000000000000e+00 -1.208981504746020619e-02
8.435900337906160757e+02 2.874533747445322206e+03 -7.543335451734233743e+01 0.000000000000000000e+00 0.000000000000000000e+00 -1.823251025342642606e-02
6.501087932728106580e+02 3.050268097676743764e+03 -7.947639328373075784e+01 0.000000000000000000e+00 0.000000000000000000e+00 -5.995506376531523074e-02
4.673008656774200063e+02 3.207377910058396992e+03 -8.379857978339649094e+01 0.000000000000000000e+00 0.000000000000000000e+00 -3.802626987888402255e-02
4.582636102550257533e+02 2.859313717369375809e+03 -7.110278417417427477e+01 0.000000000000000000e+00 0.000000000000000000e+00 -4.955151536145763203e-02
1.598561851538533460e+02 3.284267280019599639e+03 -8.531773645136121331e+01 0.000000000000000000e+00 0.000000000000000000e+00 -5.428176241403548374e-02
1.625038135335215088e+02 2.860574905130035859e+03 -6.975045876223040864e+01 0.000000000000000000e+00 0.000000000000000000e+00 -5.850426784161300020e-02
-1.929676533082275469e+01 3.049685881986324148e+03 -7.626295432714357503e+01 0.000000000000000000e+00 0.000000000000000000e+00 -5.686125785982198977e-02
-2.116780667337578734e+02 3.275150640156647569e+03 -8.510690246073583864e+01 0.000000000000000000e+00 0.000000000000000000e+00 -5.334357183413374059e-02
-2.023114741623251689e+02 2.860905480123789857e+03 -6.987228516363416020e+01 0.000000000000000000e+00 0.000000000000000000e+00 -5.894941658050356637e-02
-2.052630391910576293e+02 3.274433788132668724e+03 -8.505887622090450861e+01 0.000000000000000000e+00 0.000000000000000000e+00 -4.140249715105426276e-02
-2.164719422106176978e+02 2.883605857782726162e+03 -7.070198046936715741e+01 0.000000000000000000e+00 0.000000000000000000e+00 -4.329344638347265573e-02
-5.029149513689010860e+02 3.288366632696804118e+03 -8.718575810632455614e+01 0.000000000000000000e+00 0.000000000000000000e+00 -2.311071326550973026e-02
-5.012390195695563193e+02 2.867771503882097932e+03 -7.170726083719135602e+01 0.000000000000000000e+00 0.000000000000000000e+00 -1.711541346874412284e-02
-5.091590247149209745e+02 3.211457226670944237e+03 -8.426198047505297950e+01 0.000000000000000000e+00 0.000000000000000000e+00 -5.324130997595943882e-02
-6.989393744324304407e+02 3.052501427956289263e+03 -8.005518906980601912e+01 0.000000000000000000e+00 0.000000000000000000e+00 -5.553262447192253148e-02
-8.715025700009687171e+02 3.220664812503917801e+03 -8.837290371562932023e+01 0.000000000000000000e+00 0.000000000000000000e+00 -1.613337655697932860e-02
-8.813293667066667467e+02 2.883349697110754732e+03 -7.623064321391042597e+01 0.000000000000000000e+00 0.000000000000000000e+00 -3.355844769670568439e-02
-1.163024825124782410e+03 3.272213666004015977e+03 -9.479496861766165239e+01 0.000000000000000000e+00 0.000000000000000000e+00 -6.288547666156318883e-02
-1.372467617799635718e+03 3.114370993286566772e+03 -9.281109939414986343e+01 0.000000000000000000e+00 0.000000000000000000e+00 -3.032702665993269875e-02
-1.183545547043918077e+03 3.266400441046248943e+03 -9.493038444168222156e+01 0.000000000000000000e+00 0.000000000000000000e+00 -5.751746552751058061e-02
-1.184854430194984843e+03 2.874802381127068202e+03 -8.067983804913799872e+01 0.000000000000000000e+00 0.000000000000000000e+00 -3.648279179228097746e-02
-1.370079464120487273e+03 3.035681164404882111e+03 -8.989741920336484782e+01 0.000000000000000000e+00 0.000000000000000000e+00 -1.611686825427227632e-02
-1.552278964211239781e+03 2.868456283807326599e+03 -8.804168797239630351e+01 0.000000000000000000e+00 0.000000000000000000e+00 -3.594873681485921679e-02
-1.546276407075257112e+03 3.271931501618169477e+03 -1.025238460703441064e+02 0.000000000000000000e+00 0.000000000000000000e+00 -8.274347287098748893e-03
-1.849738457390657004e+03 3.265427997379459612e+03 -1.099195232689787503e+02 0.000000000000000000e+00 0.000000000000000000e+00 -8.273323691653899914e-03
-1.848082274279219746e+03 2.845901137811345052e+03 -9.482504986533891156e+01 0.000000000000000000e+00 0.000000000000000000e+00 -2.083606441951246779e-02
-2.027465515567878128e+03 3.019782938740438567e+03 -1.060036148838386509e+02 0.000000000000000000e+00 0.000000000000000000e+00 9.356703501822494218e-03
-2.194655187326177838e+03 3.244786328174437131e+03 -1.194288405307490279e+02 0.000000000000000000e+00 0.000000000000000000e+00 -4.186034781432113050e-02
-2.217082925264538517e+03 2.855552197973224793e+03 -1.063356418749046526e+02 0.000000000000000000e+00 0.000000000000000000e+00 -1.228509953590162240e-02
-2.516709872205676675e+03 2.504266304343112097e+03 -1.058694893943310262e+02 0.000000000000000000e+00 0.000000000000000000e+00 8.244654789967853503e-02
-2.878609762512729048e+03 2.509692291754487542e+03 -1.204844378815534611e+02 0.000000000000000000e+00 0.000000000000000000e+00 -8.989150957759761695e-03
-2.699567967542068800e+03 2.269494233526406333e+03 -1.064205158078456037e+02 0.000000000000000000e+00 0.000000000000000000e+00 1.029911139326600278e-03
-2.510538201410142847e+03 2.024590541940042385e+03 -9.287654863858156773e+01 0.000000000000000000e+00 0.000000000000000000e+00 2.060585970923511923e-02
-2.873519779469851073e+03 2.024033549771782873e+03 -1.074918377310542326e+02 0.000000000000000000e+00 0.000000000000000000e+00 9.523316407182846888e-03
-2.887214459668242398e+03 1.770324287944871685e+03 -1.024650693670275956e+02 0.000000000000000000e+00 0.000000000000000000e+00 4.611343806745082929e-02
-2.534695493877321951e+03 1.788348026191708414e+03 -8.847317418000619682e+01 0.000000000000000000e+00 0.000000000000000000e+00 4.913449143091952465e-02
-2.693683691491813534e+03 1.526785240379314018e+03 -8.963238286018453493e+01 0.000000000000000000e+00 0.000000000000000000e+00 -2.317286741772761616e-02
-2.510653558900775806e+03 1.282100757824463926e+03 -7.833153880965413407e+01 0.000000000000000000e+00 0.000000000000000000e+00 7.761407237360629097e-02
-2.880036282156254401e+03 1.285060340393211391e+03 -9.348163272494423381e+01 0.000000000000000000e+00 0.000000000000000000e+00 7.789593806461425629e-02
-2.886774092443120026e+03 1.038373046229418833e+03 -9.042395347122678118e+01 0.000000000000000000e+00 0.000000000000000000e+00 2.878978174544499780e-02
-2.509722988854991854e+03 1.031413890283415185e+03 -7.484901332251682504e+01 0.000000000000000000e+00 0.000000000000000000e+00 5.411315963094409653e-02
-2.677805685375134544e+03 8.440479370510913668e+02 -7.944076969443759140e+01 0.000000000000000000e+00 0.000000000000000000e+00 7.102959563715671720e-02
-2.873896525412673327e+03 5.352396037763315917e+02 -8.527181667468666149e+01 0.000000000000000000e+00 0.000000000000000000e+00 -2.866394753297640818e-03
-2.514432846418577810e+03 5.327487437005308948e+02 -7.042326873234225104e+01 0.000000000000000000e+00 0.000000000000000000e+00 8.750453418917913950e-02
-2.863168774124962965e+03 2.584350515075952330e+02 -8.357726146154094238e+01 0.000000000000000000e+00 0.000000000000000000e+00 2.762845051249485095e-02
-2.505953818940565270e+03 2.601998842249721520e+02 -6.885667591113038100e+01 0.000000000000000000e+00 0.000000000000000000e+00 2.317543605410321561e-02
-2.692537271104423326e+03 7.583234443007197001e+01 -7.601330343052877936e+01 0.000000000000000000e+00 0.000000000000000000e+00 8.705272063359359436e-02
-2.505336572246176729e+03 -2.140624040409253723e+02 -6.885820855680677255e+01 0.000000000000000000e+00 0.000000000000000000e+00 -4.794358406599030786e-03
-2.864327903110141960e+03 -2.314676532950183230e+02 -8.374448995152155817e+01 0.000000000000000000e+00 0.000000000000000000e+00 3.754982344639756775e-02
-2.481370443786309806e+03 -4.736225808965412511e+02 -6.912534016122167202e+01 0.000000000000000000e+00 0.000000000000000000e+00 -2.397614788169732947e-02
-2.855542018835800263e+03 -4.893057040377836984e+02 -8.459928788413749601e+01 0.000000000000000000e+00 0.000000000000000000e+00 4.385379057076477238e-02
-2.689255281663579808e+03 -6.422217605881226064e+02 -7.864634938855272139e+01 0.000000000000000000e+00 0.000000000000000000e+00 1.436572127590807213e-02
-2.492297401830996932e+03 -9.603888571338543443e+02 -7.403481170203508555e+01 0.000000000000000000e+00 0.000000000000000000e+00 -7.499127723639276155e-02
-2.863938586802710688e+03 -9.732202062723905556e+02 -8.948267970196260990e+01 0.000000000000000000e+00 0.000000000000000000e+00 -1.324422198987917909e-02
-2.499455178946519482e+03 -1.195729774157406609e+03 -7.752944125875177406e+01 0.000000000000000000e+00 0.000000000000000000e+00 2.532884264229551263e-02
-2.864249933091733055e+03 -1.233057751887939048e+03 -9.309280104943354672e+01 0.000000000000000000e+00 0.000000000000000000e+00 -2.500557492243160596e-02
-2.673176293951884418e+03 -1.454919966041510634e+03 -8.874806631766507792e+01 0.000000000000000000e+00 0.000000000000000000e+00 -2.481531863291763784e-02
-2.485152080253563327e+03 -1.716055509435416297e+03 -8.649192440101552393e+01 0.000000000000000000e+00 0.000000000000000000e+00 1.402586162577108553e-01
-2.849599107232628739e+03 -1.715994487660177128e+03 -1.012847021344178557e+02 0.000000000000000000e+00 0.000000000000000000e+00 4.445281318240290602e-03
-2.478555702362589727e+03 -1.979904366384500008e+03 -9.230244522573374866e+01 0.000000000000000000e+00 0.000000000000000000e+00 -1.881034095342215551e-02
-2.837685795652162597e+03 -1.986370960399717660e+03 -1.069085153083228619e+02 0.000000000000000000e+00 0.000000000000000000e+00 4.865958982806262156e-02
-2.669918362296481973e+03 -2.194623561574544510e+03 -1.052750034708290059e+02 0.000000000000000000e+00 0.000000000000000000e+00 -2.878060388272274395e-02
-2.481092236785641489e+03 -2.447913439804697646e+03 -1.051243689890462747e+02 0.000000000000000000e+00 0.000000000000000000e+00 -2.999310522653786393e-03
-2.858967471719931382e+03 -2.460363438661795499e+03 -1.205447671043959303e+02 0.000000000000000000e+00 0.000000000000000000e+00 4.128390364144252089e-04
-2.182236256460345430e+03 -2.732856945620462739e+03 -1.036196059053867060e+02 0.000000000000000000e+00 0.000000000000000000e+00 -4.468688171515111662e-02
-1.798845316286564639e+03 -2.729847258625831273e+03 -9.194213019227457551e+01 0.000000000000000000e+00 0.000000000000000000e+00 4.960621832641720630e-02
-1.992836762864493039e+03 -2.886576471433835195e+03 -1.029184486626494817e+02 0.000000000000000000e+00 0.000000000000000000e+00 1.192694422711326752e-02
-2.185659696541697031e+03 -3.211648784198319845e+03 -1.208527552994221139e+02 0.000000000000000000e+00 0.000000000000000000e+00 -4.079323840969095727e-02
-1.807988520216985762e+03 -3.211011385443116978e+03 -1.096272983155344889e+02 0.000000000000000000e+00 0.000000000000000000e+00 -5.557347899556930315e-02
-1.521659752272293190e+03 -3.207839414268713426e+03 -1.023436201609111293e+02 0.000000000000000000e+00 0.000000000000000000e+00 -4.323444580943203164e-02
-1.511137754691803593e+03 -2.712122795042238977e+03 -8.404359487903161607e+01 0.000000000000000000e+00 0.000000000000000000e+00 -5.032025584057464584e-04
-1.337758164002448666e+03 -2.948181616834069700e+03 -8.853803498475892297e+01 0.000000000000000000e+00 0.000000000000000000e+00 -1.010922793813904264e-01
-1.143032589410038327e+03 -2.723126101417108657e+03 -7.686588950080050608e+01 0.000000000000000000e+00 0.000000000000000000e+00 4.223707177860092088e-02
-1.140228649402610245e+03 -3.205948071448445262e+03 -9.457538709784004993e+01 0.000000000000000000e+00 0.000000000000000000e+00 -4.069849352426047062e-02
-8.489127113793050512e+02 -3.206546875364465450e+03 -9.017663030341121555e+01 0.000000000000000000e+00 0.000000000000000000e+00 -6.479838770358981037e-02
-8.432859384701517911e+02 -2.702875944062992858e+03 -7.154391957752720543e+01 0.000000000000000000e+00 0.000000000000000000e+00 -4.871204066206757943e-02
-6.680962080445074207e+02 -2.952375199213055112e+03 -7.833955337510676031e+01 0.000000000000000000e+00 0.000000000000000000e+00 -4.762818265547252850e-02
-4.649160127981968458e+02 -2.708766724839835661e+03 -6.787645780354019109e+01 0.000000000000000000e+00 0.000000000000000000e+00 -2.511986209130157022e-02
-4.793613950767139613e+02 -3.200031805013464691e+03 -8.615423495789960384e+01 0.000000000000000000e+00 0.000000000000000000e+00 -7.759074452570757785e-02
-1.648553830022698037e+02 -2.717810029386797396e+03 -6.670611667227217367e+01 0.000000000000000000e+00 0.000000000000000000e+00 -4.256579270173688201e-02
-1.688070696610730579e+02 -3.204997090557752017e+03 -8.480314365397133258e+01 0.000000000000000000e+00 0.000000000000000000e+00 2.731582073933225274e-02
1.189132240201746349e+01 -2.947550932103941250e+03 -7.469638621701082570e+01 0.000000000000000000e+00 0.000000000000000000e+00 -6.060806280569863702e-02
2.027787854003413770e+02 -2.718594178199331964e+03 -6.684237551124191157e+01 0.000000000000000000e+00 0.000000000000000000e+00 -5.261819034582515542e-02
2.069743700292089272e+02 -3.202658385637877927e+03 -8.482053478742719221e+01 0.000000000000000000e+00 0.000000000000000000e+00 7.059187494689922460e-03
5.019939340453757950e+02 -3.200886585463799747e+03 -8.635883677585326268e+01 0.000000000000000000e+00 0.000000000000000000e+00 -9.462627501048359591e-02
4.895835060349479591e+02 -2.693259935525273704e+03 -6.753146363349684123e+01 0.000000000000000000e+00 0.000000000000000000e+00 8.189612479962704583e-02
6.756502493182471198e+02 -2.964916441101004239e+03 -7.888210667290958611e+01 0.000000000000000000e+00 0.000000000000000000e+00 -8.040992162533200371e-02
8.711175507472401023e+02 -2.707367483441738841e+03 -7.206901301029941465e+01 0.000000000000000000e+00 0.000000000000000000e+00 -3.273581612975817734e-02
8.693156504973935625e+02 -3.200629965525039552e+03 -9.021094767898316036e+01 0.000000000000000000e+00 0.000000000000000000e+00 -1.133476161645035063e-01
1.164205707877996701e+03 -3.202509518118785763e+03 -9.486068104178477256e+01 0.000000000000000000e+00 0.000000000000000000e+00 -2.944445452109789585e-02
1.161552612805184481e+03 -2.713181532609281476e+03 -7.685831890655110499e+01 0.000000000000000000e+00 0.000000000000000000e+00 -5.083241932247517525e-02
1.346921066111735172e+03 -2.950010877832397910e+03 -8.879327552592600625e+01 0.000000000000000000e+00 0.000000000000000000e+00 2.099929840100855927e-02
1.538726157805293951e+03 -2.708565082165086551e+03 -8.457130535135189575e+01 0.000000000000000000e+00 0.000000000000000000e+00 -2.949076676793538354e-02
1.548462129155306457e+03 -3.193273336247867519e+03 -1.023972136494687106e+02 0.000000000000000000e+00 0.000000000000000000e+00 -4.964226804457894104e-02
1.841327915064269064e+03 -3.193004972428030669e+03 -1.098419865195329521e+02 0.000000000000000000e+00 0.000000000000000000e+00 1.356656075646469617e-01
1.831264141195066259e+03 -2.701798158967626932e+03 -9.190063946789044280e+01 0.000000000000000000e+00 0.000000000000000000e+00 4.960477192611278952e-03
2.015630787532898921e+03 -2.943065624132994799e+03 -1.056078843615941025e+02 0.000000000000000000e+00 0.000000000000000000e+00 8.429422099197836360e-03
2.206159593506327383e+03 -2.693526038566923489e+03 -1.031108599010726437e+02 0.000000000000000000e+00 0.000000000000000000e+00 -7.077353571833100432e-02
2.212228483141053857e+03 -3.187888970553039144e+03 -1.208112957070204345e+02 0.000000000000000000e+00 0.000000000000000000e+00 -3.056691969487701499e-02
2.203865673609580881e+03 -2.436221120383468588e+03 -9.494816753853393720e+01 0.000000000000000000e+00 0.000000000000000000e+00 -2.306652091766636659e-02
2.025540471832221328e+03 -2.192264496851707008e+03 -8.217067654409483168e+01 0.000000000000000000e+00 0.000000000000000000e+00 -1.278337134793616769e-02
1.838806111844554380e+03 -2.453296863587568168e+03 -8.417339827368455474e+01 0.000000000000000000e+00 0.000000000000000000e+00 -3.991391682417599895e-02
2.209181805389528563e+03 -1.963749417885960156e+03 -8.222941578544518393e+01 0.000000000000000000e+00 0.000000000000000000e+00 -1.444282705466548578e-02
1.837614473972731957e+03 -1.973337172194636423e+03 -7.082152290137609896e+01 0.000000000000000000e+00 0.000000000000000000e+00 7.096005027605656323e-03
1.537164605456792515e+03 -2.460573701331548818e+03 -7.652999542139781397e+01 0.000000000000000000e+00 0.000000000000000000e+00 -3.952375407828867537e-02
1.349517566193177572e+03 -2.217645094824685202e+03 -6.514242658138672937e+01 0.000000000000000000e+00 0.000000000000000000e+00 4.250417379302007248e-02
1.162448683626576212e+03 -2.450110598017395660e+03 -6.832865914269288510e+01 0.000000000000000000e+00 0.000000000000000000e+00 1.320157652520492775e-02
1.543863962333657355e+03 -1.970809267667463700e+03 -6.299447621334610403e+01 0.000000000000000000e+00 0.000000000000000000e+00 2.603833126941168530e-02
1.168300989128130141e+03 -1.978048816252206962e+03 -5.515634374250877414e+01 0.000000000000000000e+00 0.000000000000000000e+00 5.447984589672216771e-02
8.741923998807857288e+02 -2.466412877428246702e+03 -6.423566951759983112e+01 0.000000000000000000e+00 0.000000000000000000e+00 -2.835713895308344945e-04
6.811714514443400503e+02 -2.225119940087880423e+03 -5.466344062334016485e+01 0.000000000000000000e+00 0.000000000000000000e+00 4.317701145229335680e-02
4.956852469593916908e+02 -2.466515559502430733e+03 -6.015940862424698565e+01 0.000000000000000000e+00 0.000000000000000000e+00 -1.634715903081485067e-02
8.691663239356781787e+02 -1.975050636977914564e+03 -5.025337035314506551e+01 0.000000000000000000e+00 0.000000000000000000e+00 7.823660824406175607e-02
5.023798127671255997e+02 -1.983840302243920632e+03 -4.647649493176377433e+01 0.000000000000000000e+00 0.000000000000000000e+00 8.437975843719414115e-02
1.976998185406399386e+02 -2.460796498422935656e+03 -5.834972090602387595e+01 0.000000000000000000e+00 0.000000000000000000e+00 5.058038527948127694e-02
8.282425460394501116e+00 -2.228942246252693167e+03 -5.109370474571261411e+01 0.000000000000000000e+00 0.000000000000000000e+00 -8.684356894518430181e-02
-1.691648700493667832e+02 -2.466357720529219932e+03 -5.844162488393151733e+01 0.000000000000000000e+00 0.000000000000000000e+00 -5.927103739873018640e-02
2.066205347321754857e+02 -1.989896174211873586e+03 -4.495973532796546124e+01 0.000000000000000000e+00 0.000000000000000000e+00 -5.129954765982347453e-02
-1.661182636633386664e+02 -1.982711950390140373e+03 -4.465575270208270098e+01 0.000000000000000000e+00 0.000000000000000000e+00 7.171018832299580481e-02
-4.757682486046414851e+02 -2.456909642060107672e+03 -5.970591975602373225e+01 0.000000000000000000e+00 0.000000000000000000e+00 -3.289842320548075350e-02
-6.674502354891216100e+02 -2.226047875378223125e+03 -5.454333644493646460e+01 0.000000000000000000e+00 0.000000000000000000e+00 -1.500182277215600379e-02
-8.441980026381768312e+02 -2.459922763314865279e+03 -6.362809747955206774e+01 0.000000000000000000e+00 0.000000000000000000e+00 3.299320215893430941e-02
-4.700292967897775043e+02 -1.979365317852722455e+03 -4.611193758677613630e+01 0.000000000000000000e+00 0.000000000000000000e+00 -3.938994334099277239e-02
-8.411889510592860688e+02 -1.974839518965128718e+03 -4.986812721830794715e+01 0.000000000000000000e+00 0.000000000000000000e+00 -4.211835125393292856e-02
-1.144275005555833786e+03 -2.461623603062922939e+03 -6.835806620506538422e+01 0.000000000000000000e+00 0.000000000000000000e+00 5.529494289210390434e-02
-1.329385038064134505e+03 -2.224843752724801561e+03 -6.492233057127577922e+01 0.000000000000000000e+00 0.000000000000000000e+00 -9.406045697346598899e-05
-1.513023033113208612e+03 -2.465393766846688322e+03 -7.610768078288653271e+01 0.000000000000000000e+00 0.000000000000000000e+00 5.010390156805044626e-02
-1.136634919271716171e+03 -1.976373971411368530e+03 -5.453708886931740096e+01 0.000000000000000000e+00 0.000000000000000000e+00 2.648707454955712137e-02
-1.513965987939971001e+03 -1.985701645753812954e+03 -6.265126556555243553e+01 0.000000000000000000e+00 0.000000000000000000e+00 -3.363136339635275363e-02
-1.813328185044948441e+03 -2.466342873478924048e+03 -8.385686125544339120e+01 0.000000000000000000e+00 0.000000000000000000e+00 -2.924434467351488820e-02
-2.004117637014676347e+03 -2.220107200232500418e+03 -8.227235196847219356e+01 0.000000000000000000e+00 0.000000000000000000e+00 5.084650136048196600e-02
-2.179906780610329406e+03 -2.467424045197393752e+03 -9.509123955207572010e+01 0.000000000000000000e+00 0.000000000000000000e+00 -3.327642811514408550e-02
-1.805171280338893894e+03 -1.979602683044735841e+03 -7.005717848462623465e+01 0.000000000000000000e+00 0.000000000000000000e+00 4.592139066147638005e-03
-2.177231324073832639e+03 -1.989430183963962008e+03 -8.178439974129481982e+01 0.000000000000000000e+00 0.000000000000000000e+00 -5.549787716195453413e-02
-2.181837345375524364e+03 -1.734174592112751725e+03 -7.597837383277672529e+01 0.000000000000000000e+00 0.000000000000000000e+00 -1.666544371028066962e-02
-1.819304832856453004e+03 -1.733590854711102565e+03 -6.467492188909740491e+01 0.000000000000000000e+00 0.000000000000000000e+00 1.542756675014800294e-02
-2.004866630035819981e+03 -1.481008265168425169e+03 -6.506873329277235030e+01 0.000000000000000000e+00 0.000000000000000000e+00 -5.672774593466556325e-02
-2.195081085105392503e+03 -1.243738905438205165e+03 -6.719316694360949782e+01 0.000000000000000000e+00 0.000000000000000000e+00 -5.047570419409908027e-02
-1.813291169045493234e+03 -1.244468678704847662e+03 -5.522133064867593077e+01 0.000000000000000000e+00 0.000000000000000000e+00 2.856640514749386739e-02
-1.529182408951472325e+03 -1.235207205424841504e+03 -4.757549372490424844e+01 0.000000000000000000e+00 0.000000000000000000e+00 -1.781714394816447111e-02
-1.525105573979867131e+03 -1.720495986602679750e+03 -5.666035961890749206e+01 0.000000000000000000e+00 0.000000000000000000e+00 8.629909985362615998e-02
-1.342171281026429597e+03 -1.472360578651086598e+03 -4.744127860966779053e+01 0.000000000000000000e+00 0.000000000000000000e+00 3.658302076782149470e-02
-1.149671316154991246e+03 -1.228978732884388592e+03 -3.939595565706940050e+01 0.000000000000000000e+00 0.000000000000000000e+00 3.072851664821030226e-02
-1.154087790750264503e+03 -1.746855593691283957e+03 -4.938470418947162699e+01 0.000000000000000000e+00 0.000000000000000000e+00 6.291094250048701042e-02
-8.564881993520675678e+02 -1.739303390478655274e+03 -4.445840675592873481e+01 0.000000000000000000e+00 0.000000000000000000e+00 2.789554581065800676e-02
-8.577074976789573384e+02 -1.223855266245907842e+03 -3.463179941614107804e+01 0.000000000000000000e+00 0.000000000000000000e+00 3.553610770309489908e-02
-6.667192776021594227e+02 -1.403510111110654179e+03 -3.534775767987209605e+01 0.000000000000000000e+00 0.000000000000000000e+00 1.539198544001862956e-02
-4.851348362486378960e+02 -1.232095453541734059e+03 -3.075078305952687430e+01 0.000000000000000000e+00 0.000000000000000000e+00 5.134540395424735948e-02
-4.824090271673768484e+02 -1.723760446964620769e+03 -4.011389402324990527e+01 0.000000000000000000e+00 0.000000000000000000e+00 2.254414749902622361e-02
-1.851742362685156422e+02 -1.720495321421666176e+03 -3.845342748146212841e+01 0.000000000000000000e+00 0.000000000000000000e+00 3.308690523497404001e-02
-1.787877164327559285e+02 -1.228330826625024656e+03 -2.905627617628240245e+01 0.000000000000000000e+00 0.000000000000000000e+00 4.772436185795214669e-02
1.998474780316106036e+00 -1.477384112719205859e+03 -3.315732413829687886e+01 0.000000000000000000e+00 0.000000000000000000e+00 -2.901897234212214016e-02
1.910559500328879778e+02 -1.215741932837709101e+03 -2.889373005874462308e+01 0.000000000000000000e+00 0.000000000000000000e+00 -2.907265291370819682e-02
1.842940660822930568e+02 -1.715666198264581908e+03 -3.834375939672743527e+01 0.000000000000000000e+00 0.000000000000000000e+00 3.191179349023798295e-03
4.926911098393688917e+02 -1.717894442347420863e+03 -4.006393417686520309e+01 0.000000000000000000e+00 0.000000000000000000e+00 1.394804052517883974e-02
4.868860113422194900e+02 -1.216650526259342769e+03 -3.051992318892683187e+01 0.000000000000000000e+00 0.000000000000000000e+00 7.346676584057121318e-02
6.734289060800705329e+02 -1.482907444816949919e+03 -3.689911047674628719e+01 0.000000000000000000e+00 0.000000000000000000e+00 -7.072099165412737420e-03
8.675506651435015328e+02 -1.720081609991641017e+03 -4.418278123298122750e+01 0.000000000000000000e+00 0.000000000000000000e+00 3.333314651931829076e-02
8.700598716406866515e+02 -1.224008506284160831e+03 -3.480507035336823662e+01 0.000000000000000000e+00 0.000000000000000000e+00 6.436508279584529646e-03
1.149298260637439398e+03 -1.222134038890231295e+03 -3.928097580733182781e+01 0.000000000000000000e+00 0.000000000000000000e+00 9.117093430859313230e-04
1.172189780455354139e+03 -1.718261924403236662e+03 -4.908357009830966433e+01 0.000000000000000000e+00 0.000000000000000000e+00 -4.986883563825728061e-02
1.340660648257843377e+03 -1.386730311644855192e+03 -4.583673823149079851e+01 0.000000000000000000e+00 0.000000000000000000e+00 -2.061572146189405430e-03
1.525619245135775145e+03 -1.213843961543242131e+03 -4.715313341652759505e+01 0.000000000000000000e+00 0.000000000000000000e+00 -4.034024782792045016e-02
1.536102033569816740e+03 -1.721805447567820920e+03 -5.695438772001946148e+01 0.000000000000000000e+00 0.000000000000000000e+00 1.485917454013474526e-02
1.831647981978228700e+03 -1.721631801245393035e+03 -6.476530457726390466e+01 0.000000000000000000e+00 0.000000000000000000e+00 -1.238209154051617134e-02
1.827692213654587249e+03 -1.215987138865755696e+03 -5.518546822512988115e+01 0.000000000000000000e+00 0.000000000000000000e+00 -3.615267663346344307e-02
2.022613696897069303e+03 -1.478615417962320407e+03 -6.558205974910599423e+01 0.000000000000000000e+00 0.000000000000000000e+00 -5.982127080629595639e-02
2.194887429490253908e+03 -1.208899907080310641e+03 -6.664304763129567277e+01 0.000000000000000000e+00 0.000000000000000000e+00 -2.281196495570725347e-02
2.201416236034852773e+03 -1.706474250599707375e+03 -7.604310572035799964e+01 0.000000000000000000e+00 0.000000000000000000e+00 -5.982281180499171569e-02
1.527013839358887708e+03 -9.780310915547469222e+02 -4.386136191424762387e+01 0.000000000000000000e+00 0.000000000000000000e+00 2.044711493340400921e-02
1.536111214372535869e+03 -9.766021477576138068e+02 -4.406440320511480024e+01 0.000000000000000000e+00 0.000000000000000000e+00 4.505137694266636572e-02
1.176015025957208081e+03 -9.562004999448807894e+02 -3.603964418921294310e+01 0.000000000000000000e+00 0.000000000000000000e+00 -2.854681418710924845e-03
1.351364780612089589e+03 -7.193097746124510650e+02 -3.700808368057317921e+01 0.000000000000000000e+00 0.000000000000000000e+00 6.608024681142410373e-03
1.163320218630534555e+03 -4.646455707697123785e+02 -3.128470465561250080e+01 0.000000000000000000e+00 0.000000000000000000e+00 3.505529304537091662e-02
1.531010730115954630e+03 -4.616264375870232470e+02 -3.914979285456892910e+01 0.000000000000000000e+00 0.000000000000000000e+00 -1.656003368024983047e-02
2.210388965144220492e+03 -2.151523098953335591e+02 -5.804907557814505026e+01 0.000000000000000000e+00 0.000000000000000000e+00 2.967267854215549505e-02
1.835621499352534784e+03 -2.179500407797480932e+02 -4.616552725788308464e+01 0.000000000000000000e+00 0.000000000000000000e+00 7.492099874073687715e-02
2.028705758762917867e+03 3.320284423366468474e+01 -5.167867985873481018e+01 0.000000000000000000e+00 0.000000000000000000e+00 2.414345399989770158e-02
1.844073580216826940e+03 1.982289348743437642e+02 -4.627203986857109896e+01 0.000000000000000000e+00 0.000000000000000000e+00 2.565579307993459679e-02
2.186811212259821332e+03 2.144461684581634131e+02 -5.711891636406043915e+01 0.000000000000000000e+00 0.000000000000000000e+00 9.565985170254975856e-03
1.546310726671095381e+03 -2.175879949978013030e+02 -3.843370131323918315e+01 0.000000000000000000e+00 0.000000000000000000e+00 5.586640884267524143e-02
1.165274925032155352e+03 -2.131788931278580606e+02 -3.020919192996980485e+01 0.000000000000000000e+00 0.000000000000000000e+00 4.688810111641572576e-03
1.355370639778069062e+03 2.323256669283668074e+01 -3.370995358751302717e+01 0.000000000000000000e+00 0.000000000000000000e+00 3.487251311740635629e-02
1.183119709474614410e+03 2.794210546967685218e+02 -3.070392319241430812e+01 0.000000000000000000e+00 0.000000000000000000e+00 5.061741076231385250e-02
1.531745462425065170e+03 2.875121595752234498e+02 -3.822515896249949918e+01 0.000000000000000000e+00 0.000000000000000000e+00 2.155282291742821599e-02
1.545183858781472281e+03 5.262920153761039046e+02 -3.973881478895012265e+01 0.000000000000000000e+00 0.000000000000000000e+00 3.623533464151762473e-02
1.167853014719134990e+03 5.282304629827992812e+02 -3.166877796210274454e+01 0.000000000000000000e+00 0.000000000000000000e+00 2.538122811063558970e-02
1.352171111888182850e+03 7.774024498902676896e+02 -3.735840447222700789e+01 0.000000000000000000e+00 0.000000000000000000e+00 6.266222640967100688e-03
1.529771719128731320e+03 1.037716618740919785e+03 -4.429407322885204223e+01 0.000000000000000000e+00 0.000000000000000000e+00 3.874845895418843611e-02
1.162973304517559427e+03 1.033677074326787988e+03 -3.649812537850901606e+01 0.000000000000000000e+00 0.000000000000000000e+00 1.761241601282392821e-02
1.168640481961358319e+03 1.262271222188694992e+03 -3.985965510220623287e+01 0.000000000000000000e+00 0.000000000000000000e+00 5.577862224534158031e-02
1.525209191232957437e+03 1.298425702540160728e+03 -4.793138311979195976e+01 0.000000000000000000e+00 0.000000000000000000e+00 5.734812766108632331e-02
1.349177167337371657e+03 1.537021340493545722e+03 -4.815045937196717318e+01 0.000000000000000000e+00 0.000000000000000000e+00 3.563433282008787728e-02
1.138389545804743648e+03 1.780982498981884419e+03 -4.904947137600358076e+01 0.000000000000000000e+00 0.000000000000000000e+00 -2.659039798121654030e-02
1.531596400193107002e+03 1.782876686450851139e+03 -5.721190996312741106e+01 0.000000000000000000e+00 0.000000000000000000e+00 -1.214474157659140019e-02
1.529230771380247916e+03 2.040338753997805725e+03 -6.313475757138148481e+01 0.000000000000000000e+00 0.000000000000000000e+00 6.385504689004761758e-02
1.159321980522196327e+03 2.036168704809287647e+03 -5.538096349116450767e+01 0.000000000000000000e+00 0.000000000000000000e+00 2.051958202734027736e-02
1.344684845875870906e+03 2.265442768775062177e+03 -6.493682758517273612e+01 0.000000000000000000e+00 0.000000000000000000e+00 -2.084649532507398817e-02
1.161767023837748638e+03 2.430906608561426310e+03 -6.612752524079866134e+01 0.000000000000000000e+00 0.000000000000000000e+00 2.784879222153335832e-02
1.544134685060738093e+03 2.458277207857484882e+03 -7.481667053357567454e+01 0.000000000000000000e+00 0.000000000000000000e+00 6.033083626455493231e-02
1.820973470960329905e+03 2.536534570038013499e+03 -8.420759998217815223e+01 0.000000000000000000e+00 0.000000000000000000e+00 4.515501833037660617e-02
2.161640965570212302e+03 2.562788955508745403e+03 -9.520579752269433982e+01 0.000000000000000000e+00 0.000000000000000000e+00 3.671367483092069506e-02
2.014932389281557107e+03 2.304223683865228850e+03 -8.313396555684066414e+01 0.000000000000000000e+00 0.000000000000000000e+00 4.711635072233377741e-02
2.185445802560686843e+03 2.045684644374871368e+03 -8.185704338537098579e+01 0.000000000000000000e+00 0.000000000000000000e+00 2.908408471216716862e-02
1.817014657281109294e+03 2.033517048840682492e+03 -7.033949381939481782e+01 0.000000000000000000e+00 0.000000000000000000e+00 2.445175990533243748e-02
2.184773732132233818e+03 1.792968367504819980e+03 -7.604197024014106887e+01 0.000000000000000000e+00 0.000000000000000000e+00 -2.188181681546552682e-02
1.816340238008551296e+03 1.778614813733817300e+03 -6.445750912268270838e+01 0.000000000000000000e+00 0.000000000000000000e+00 -1.450443179847127340e-02
2.016680386411671407e+03 1.556005854365470896e+03 -6.586994354983811206e+01 0.000000000000000000e+00 0.000000000000000000e+00 -2.265680659827751242e-02
2.200873643485434513e+03 1.292612623543929203e+03 -6.731789014890878775e+01 0.000000000000000000e+00 0.000000000000000000e+00 5.984859117631913250e-03
1.818624105728765244e+03 1.278055905058066401e+03 -5.523256396299453286e+01 0.000000000000000000e+00 0.000000000000000000e+00 -5.051068858101359638e-03
1.843093363011790416e+03 1.037886586886920668e+03 -5.253766093588353669e+01 0.000000000000000000e+00 0.000000000000000000e+00 1.986330078601383775e-03
2.177440746672698879e+03 1.048308234102443748e+03 -6.308514460280032665e+01 0.000000000000000000e+00 0.000000000000000000e+00 1.422108454362813745e-02
2.022696679473593804e+03 7.965969371443701448e+02 -5.524672553908166606e+01 0.000000000000000000e+00 0.000000000000000000e+00 7.365740797375508464e-03
2.184860585960961998e+03 5.423163143681678093e+02 -5.850403352171321103e+01 0.000000000000000000e+00 0.000000000000000000e+00 3.694916753235588658e-02
1.830095954404992426e+03 5.477974985852175678e+02 -4.743059324785217257e+01 0.000000000000000000e+00 0.000000000000000000e+00 4.582391902174975939e-02
2.194290417385002911e+03 -9.800085216891538948e+02 -6.342652551718798293e+01 0.000000000000000000e+00 0.000000000000000000e+00 -4.837091379894076226e-02
1.836555578304740038e+03 -9.793377596887597747e+02 -5.210944355027572783e+01 0.000000000000000000e+00 0.000000000000000000e+00 -2.172514300085026662e-04
2.013116763544788228e+03 -7.214988507056508524e+02 -5.463209824380138713e+01 0.000000000000000000e+00 0.000000000000000000e+00 -1.094010000706902019e-02
2.200771651345160990e+03 -5.443235561342854680e+02 -5.937241088103722575e+01 0.000000000000000000e+00 0.000000000000000000e+00 3.184039115469516901e-02
1.822876938141835581e+03 -5.566016498277235769e+02 -4.752340701906508968e+01 0.000000000000000000e+00 0.000000000000000000e+00 -3.379071703114533420e-02
1.830604829340456035e+03 -5.715563418804269986e+02 -4.785575995489854506e+01 0.000000000000000000e+00 0.000000000000000000e+00 2.265030741235563028e-02
5.010951939884722037e+02 2.530414791655461158e+03 -6.071005065227379305e+01 0.000000000000000000e+00 0.000000000000000000e+00 -1.219031525671709915e-02
8.495797359792494490e+02 2.544794455188347911e+03 -6.475398090602222112e+01 0.000000000000000000e+00 0.000000000000000000e+00 -6.440350537003780573e-02
6.812206116429996428e+02 2.285246687415825818e+03 -5.516481923119343378e+01 0.000000000000000000e+00 0.000000000000000000e+00 4.141773072620935636e-02
8.778124158492778406e+02 2.054093817660135755e+03 -5.140126562058193116e+01 0.000000000000000000e+00 0.000000000000000000e+00 1.084783444289172394e-02
4.836792119355002910e+02 2.032596999075280564e+03 -4.670803340025274508e+01 0.000000000000000000e+00 0.000000000000000000e+00 -5.001616658898910828e-02
5.004968521615479062e+02 1.791122864484712863e+03 -4.114456502184573594e+01 0.000000000000000000e+00 0.000000000000000000e+00 -2.814041206435291542e-02
8.538537512541305432e+02 1.773635181418549109e+03 -4.448593469582732496e+01 0.000000000000000000e+00 0.000000000000000000e+00 -3.551888228984267926e-02
6.832431913722248282e+02 1.620401722034842805e+03 -3.922726419596394720e+01 0.000000000000000000e+00 0.000000000000000000e+00 4.014424316143561100e-02
8.560740932264299090e+02 1.304432762193913732e+03 -3.557017704436925953e+01 0.000000000000000000e+00 0.000000000000000000e+00 2.357821064703102820e-02
4.611719034587025021e+02 1.272196424734517223e+03 -3.096197089337407249e+01 0.000000000000000000e+00 0.000000000000000000e+00 -1.610729385479459097e-02
5.035282077186257084e+02 1.058572705559531187e+03 -2.816204855353642955e+01 0.000000000000000000e+00 0.000000000000000000e+00 1.748743250763240553e-02
8.812551178963283292e+02 1.053590519261088048e+03 -3.222416724698621238e+01 0.000000000000000000e+00 0.000000000000000000e+00 -9.636375205381852993e-03
8.634757203253700482e+02 1.023867997242228512e+03 -3.159340689483229170e+01 0.000000000000000000e+00 0.000000000000000000e+00 -5.383625664713065362e-03
6.893503993931582272e+02 7.997787021596676595e+02 -2.689084737319587148e+01 0.000000000000000000e+00 0.000000000000000000e+00 1.298593740981246469e-02
8.776481446666144848e+02 5.497452726526609013e+02 -2.710734099925170426e+01 0.000000000000000000e+00 0.000000000000000000e+00 4.825752522993553839e-03
4.788918192102892704e+02 5.311002332988801982e+02 -2.267818803521136317e+01 0.000000000000000000e+00 0.000000000000000000e+00 8.622003963409952121e-05
5.366127165546705555e+02 2.783527186523177193e+02 -2.184744500692768554e+01 0.000000000000000000e+00 0.000000000000000000e+00 3.802965506274347263e-04
8.879370382186607458e+02 2.856773351637623932e+02 -2.586505451206861039e+01 0.000000000000000000e+00 0.000000000000000000e+00 -2.019838955622432763e-02
6.741959283329979371e+02 1.188532913459152240e+02 -2.277793435553720514e+01 0.000000000000000000e+00 0.000000000000000000e+00 3.495543848679005805e-03
8.780439093129260755e+02 -1.350743181266345232e+02 -2.534437393683424489e+01 0.000000000000000000e+00 0.000000000000000000e+00 5.285495031954567935e-02
4.853602801580790924e+02 -1.415630172861716005e+02 -2.106919762114293349e+01 0.000000000000000000e+00 0.000000000000000000e+00 1.358177200664556494e-02
4.757938116414859451e+02 -2.589170699221893983e+02 -2.129923013468127380e+01 0.000000000000000000e+00 0.000000000000000000e+00 -1.329643018618398287e-02
5.102030281964396181e+02 -4.499816720676685691e+02 -2.244634833903944227e+01 0.000000000000000000e+00 0.000000000000000000e+00 1.537458072563779865e-02
8.740691963053880045e+02 -4.633061219163316764e+02 -2.656501394283377948e+01 0.000000000000000000e+00 0.000000000000000000e+00 1.244783722535203196e-02
6.974318006140771331e+02 -6.213187617035284802e+02 -2.544806481449100488e+01 0.000000000000000000e+00 0.000000000000000000e+00 -3.368303318996623830e-03
8.902078910216112035e+02 -8.857341081236800164e+02 -3.047872310795412432e+01 0.000000000000000000e+00 0.000000000000000000e+00 2.323013398285311837e-02
5.190590333781073014e+02 -8.871269942993483255e+02 -2.629724098841551694e+01 0.000000000000000000e+00 0.000000000000000000e+00 3.135071164003733202e-02
1.840552097735929351e+02 -9.956344771346222160e+02 -2.572384853619180589e+01 0.000000000000000000e+00 0.000000000000000000e+00 7.457754379480263651e-03
-1.852689364560320371e+02 -9.903970542264643200e+02 -2.566017403100115502e+01 0.000000000000000000e+00 0.000000000000000000e+00 -2.688468669973431702e-02
1.018180522549758571e+01 -7.633091753716209951e+02 -2.280949830750616769e+01 0.000000000000000000e+00 0.000000000000000000e+00 -3.855133322211656832e-02
1.827396342120797215e+02 -5.770814528095257856e+02 -2.146491186331181211e+01 0.000000000000000000e+00 0.000000000000000000e+00 -2.486228469027906840e-02
-1.727862361451347226e+02 -5.829143871132114327e+02 -2.148012165432457010e+01 0.000000000000000000e+00 0.000000000000000000e+00 -4.451270628482006941e-02
-4.754876430954099078e+02 -4.769572149250993789e+02 -2.233293668434059853e+01 0.000000000000000000e+00 0.000000000000000000e+00 -1.881083919710491159e-02
-8.412450447042522228e+02 -4.815845087761268815e+02 -2.622580010263469319e+01 0.000000000000000000e+00 0.000000000000000000e+00 3.760060659563180252e-02
-6.797301929809360672e+02 -7.488663051958503729e+02 -2.638218226646408127e+01 0.000000000000000000e+00 0.000000000000000000e+00 2.102630567053154209e-02
-4.840591875214337847e+02 -9.885248432439939279e+02 -2.724483470897544990e+01 0.000000000000000000e+00 0.000000000000000000e+00 6.403627651619459016e-02
-8.475248136787039357e+02 -9.987773200493049899e+02 -3.126115143869772339e+01 0.000000000000000000e+00 0.000000000000000000e+00 4.539826705670435558e-03
-1.151607929632432388e+03 -9.953919270148435317e+02 -3.607995647156013774e+01 0.000000000000000000e+00 0.000000000000000000e+00 -6.482505028863272400e-03
-1.526407233482001402e+03 -1.010788933845705856e+03 -4.426636237478732028e+01 0.000000000000000000e+00 0.000000000000000000e+00 -9.325397808218838236e-03
-1.346294676545497850e+03 -7.637882305225373329e+02 -3.732577217697710381e+01 0.000000000000000000e+00 0.000000000000000000e+00 7.666216261303304691e-02
-1.512530860424976481e+03 -4.991039364318352796e+02 -3.893794605783129725e+01 0.000000000000000000e+00 0.000000000000000000e+00 -2.031925560612535264e-02
-1.174074138097091691e+03 -5.079684677468586642e+02 -3.175877578570329618e+01 0.000000000000000000e+00 0.000000000000000000e+00 -2.379091934367494332e-02
-1.809082253226370767e+03 -4.761616571322557547e+02 -4.658690520017924541e+01 0.000000000000000000e+00 0.000000000000000000e+00 -3.064195014819404150e-02
-2.177128229019394439e+03 -4.866887889039551283e+02 -5.817568297218670637e+01 0.000000000000000000e+00 0.000000000000000000e+00 2.232265966548396818e-02
-1.997914780013247764e+03 -7.409026345037581223e+02 -5.433649209151141690e+01 0.000000000000000000e+00 0.000000000000000000e+00 -3.408670600199315004e-02
-2.181435100458483703e+03 -9.875444510630143213e+02 -6.308225062433898245e+01 0.000000000000000000e+00 0.000000000000000000e+00 -5.473157141361895128e-02
-1.833651228748539097e+03 -1.005357356634985308e+03 -5.235724462991728956e+01 0.000000000000000000e+00 0.000000000000000000e+00 -4.645127921563130258e-03
-2.173351259102175391e+03 -2.696532041879249277e+02 -5.696095371542936192e+01 0.000000000000000000e+00 0.000000000000000000e+00 1.353916259198157945e-01
-2.193124492415069653e+03 1.403573150507501168e+02 -5.719109555969408376e+01 0.000000000000000000e+00 0.000000000000000000e+00 -1.900762575246517372e-03
-2.026873716419539051e+03 -2.697152594389506675e+01 -5.163273643976970106e+01 0.000000000000000000e+00 0.000000000000000000e+00 -2.338154641558531921e-02
-1.812860997518853992e+03 2.437055713911432235e+02 -4.549219958580961531e+01 0.000000000000000000e+00 0.000000000000000000e+00 -1.807371824767756152e-03
-1.838321885631500436e+03 -2.404227995227645067e+02 -4.631326559241708196e+01 0.000000000000000000e+00 0.000000000000000000e+00 -4.461493681539252520e-02
-1.539731483332390326e+03 -2.653366844083383285e+02 -3.842630593388044957e+01 0.000000000000000000e+00 0.000000000000000000e+00 1.476284643580072498e-03
-1.526105546287675452e+03 2.581773299192564082e+02 -3.799229960903782910e+01 0.000000000000000000e+00 0.000000000000000000e+00 1.560734283447118287e-02
-1.354995241577925526e+03 -2.163151397337146165e+01 -3.370675352083822673e+01 0.000000000000000000e+00 0.000000000000000000e+00 -4.064849807855352992e-02
-1.145807545292215536e+03 2.761724188802947424e+02 -3.000278847820666783e+01 0.000000000000000000e+00 0.000000000000000000e+00 8.676448752918730634e-03
-1.141380310151401773e+03 -2.400613042477844203e+02 -2.984986249938025082e+01 0.000000000000000000e+00 0.000000000000000000e+00 -5.751291337254826885e-04
-8.527734528286938485e+02 -2.613756780276376617e+02 -2.532160824861342974e+01 0.000000000000000000e+00 0.000000000000000000e+00 -1.180179762613775551e-02
-8.442494009413970844e+02 1.216939833672057745e+02 -2.484442961887306467e+01 0.000000000000000000e+00 0.000000000000000000e+00 1.200736233452559532e-02
-4.602252281299919900e+02 -2.617039954998722919e+02 -2.119163279092318319e+01 0.000000000000000000e+00 0.000000000000000000e+00 -4.042155746519426884e-02
-6.456162593534561438e+02 -2.613569720662112417e+01 -2.239459534675942365e+01 0.000000000000000000e+00 0.000000000000000000e+00 -5.898873081325817225e-02
-4.637621658111765441e+02 1.326198999622566816e+02 -2.088473702577841351e+01 0.000000000000000000e+00 0.000000000000000000e+00 -2.800177687586469233e-02
-1.898677923509808352e+02 -2.391030849742707005e+02 -1.970722956219952593e+01 0.000000000000000000e+00 0.000000000000000000e+00 -2.812411692636018756e-02
-1.934919646547881200e+02 1.870573763762616295e+02 -1.957387743377824663e+01 0.000000000000000000e+00 0.000000000000000000e+00 -5.769450809276577274e-02
1.008136793064879910e+01 -1.720374983405286784e+01 -1.905271478740401747e+01 0.000000000000000000e+00 0.000000000000000000e+00 -6.683042058089228021e-02
1.749256856860269522e+02 -2.432132177746013610e+02 -1.967620204609140444e+01 0.000000000000000000e+00 0.000000000000000000e+00 9.498704410479064109e-03
1.958624095474284843e+02 1.940692082237527245e+02 -1.959834560555110272e+01 0.000000000000000000e+00 0.000000000000000000e+00 -7.292580623697020314e-02
-2.224180571810488345e+03 5.118564203442744542e+02 -5.965981193050696163e+01 0.000000000000000000e+00 0.000000000000000000e+00 6.696212418425062651e-02
-1.842716642218557809e+03 5.230819116759787448e+02 -4.763319156815266098e+01 0.000000000000000000e+00 0.000000000000000000e+00 4.683035548440983575e-02
-2.027801038432477526e+03 7.796444981384995572e+02 -5.524587761555265075e+01 0.000000000000000000e+00 0.000000000000000000e+00 7.769556913912367691e-02
-1.847283467069643621e+03 9.427693381448956416e+02 -5.150922132186813940e+01 0.000000000000000000e+00 0.000000000000000000e+00 4.781784681599532405e-02
-2.217750467758800824e+03 9.489901691649937447e+02 -6.325970161893785360e+01 0.000000000000000000e+00 0.000000000000000000e+00 2.367873431861511335e-02
-2.222348047060044337e+03 1.252128143767094116e+03 -6.742858251695039939e+01 0.000000000000000000e+00 0.000000000000000000e+00 4.456763136326458152e-02
-1.864075548983506451e+03 1.257146124226072970e+03 -5.620676489529765263e+01 0.000000000000000000e+00 0.000000000000000000e+00 6.162692584901208193e-02
-2.042941357229613232e+03 1.515228336640751877e+03 -6.593323361610325151e+01 0.000000000000000000e+00 0.000000000000000000e+00 6.846535879674320313e-04
-2.222208530112404787e+03 1.765610589812971739e+03 -7.671640605668719104e+01 0.000000000000000000e+00 0.000000000000000000e+00 8.798599042535215631e-02
-1.864991979240962564e+03 1.779859871487567489e+03 -6.585898879828798158e+01 0.000000000000000000e+00 0.000000000000000000e+00 2.809239275993036244e-02
-1.866383318295997924e+03 2.001049370300137525e+03 -7.094005873051251854e+01 0.000000000000000000e+00 0.000000000000000000e+00 2.768182392908613565e-02
-2.217538732481611987e+03 2.015542420686627338e+03 -8.219876897163079832e+01 0.000000000000000000e+00 0.000000000000000000e+00 4.842950310170124339e-02
-2.050032936419338057e+03 2.269131599581249247e+03 -8.325743842607042211e+01 0.000000000000000000e+00 0.000000000000000000e+00 6.128987523584328301e-02
-2.206671006604053218e+03 2.494459630515723347e+03 -9.464154999700980397e+01 0.000000000000000000e+00 0.000000000000000000e+00 6.752404416386070807e-02
-1.846067261425199149e+03 2.510719942640570025e+03 -8.412682991033145186e+01 0.000000000000000000e+00 0.000000000000000000e+00 3.072343432714319533e-02
-1.555279492633097107e+03 2.515504322622284690e+03 -7.678469126080776164e+01 0.000000000000000000e+00 0.000000000000000000e+00 3.799921139074058374e-02
-1.181049980964438419e+03 2.522937511848738723e+03 -6.922275078777623492e+01 0.000000000000000000e+00 0.000000000000000000e+00 1.223197042820345359e-02
-1.377655969073754477e+03 2.355304147502660726e+03 -6.813077232372674530e+01 0.000000000000000000e+00 0.000000000000000000e+00 2.186206658072364917e-02
-1.185996490375815256e+03 2.040992377356033558e+03 -5.598323644131912147e+01 0.000000000000000000e+00 0.000000000000000000e+00 -6.929577722978308429e-03
-1.541954262152097726e+03 2.017071586416539049e+03 -6.286271197177842396e+01 0.000000000000000000e+00 0.000000000000000000e+00 4.122726181447688987e-02
-1.550541599399417919e+03 1.802975220466256360e+03 -5.810097796650884305e+01 0.000000000000000000e+00 0.000000000000000000e+00 5.865932186186029185e-02
-1.198908141785694170e+03 1.792003808373673564e+03 -5.038752802065799585e+01 0.000000000000000000e+00 0.000000000000000000e+00 1.398839189123890492e-02
-1.380359893963059903e+03 1.523622371416181522e+03 -4.856015009279042971e+01 0.000000000000000000e+00 0.000000000000000000e+00 5.146038388964058186e-02
-1.192095790068112592e+03 1.288292107320313335e+03 -4.070411116142153674e+01 0.000000000000000000e+00 0.000000000000000000e+00 1.836099584356531977e-02
-1.543065942600833978e+03 1.291418652341458710e+03 -4.824657033178760912e+01 0.000000000000000000e+00 0.000000000000000000e+00 5.178106710899754717e-02
-1.561289323709015662e+03 1.028953205225700003e+03 -4.494430280498096408e+01 0.000000000000000000e+00 0.000000000000000000e+00 7.074069805145910550e-02
-1.196576410715630345e+03 1.029051822316317612e+03 -3.706199919100228612e+01 0.000000000000000000e+00 0.000000000000000000e+00 9.738900488414969914e-02
-1.377411656669431750e+03 7.801014102527863088e+02 -3.792668282968669757e+01 0.000000000000000000e+00 0.000000000000000000e+00 -1.203046479251668188e-02
-1.178660050904956961e+03 5.238719316156488048e+02 -3.184096011684743033e+01 0.000000000000000000e+00 0.000000000000000000e+00 7.173507126474021334e-02
-1.534445783715872039e+03 5.343200625949659752e+02 -3.953074021091958912e+01 0.000000000000000000e+00 0.000000000000000000e+00 4.971974086140562576e-02
-5.044233333955111220e+02 5.224459184104742917e+02 -2.282034205122378623e+01 0.000000000000000000e+00 0.000000000000000000e+00 -3.143185767401845965e-02
-8.829632323192905687e+02 5.261653685876046893e+02 -2.702209447309335033e+01 0.000000000000000000e+00 0.000000000000000000e+00 -8.375472365495895133e-02
-6.940591735900987942e+02 7.823590292988865258e+02 -2.676890859279500035e+01 0.000000000000000000e+00 0.000000000000000000e+00 -7.253097307637901281e-02
-5.077212290038138462e+02 1.017406463437676507e+03 -2.765837508630871611e+01 0.000000000000000000e+00 0.000000000000000000e+00 -4.013355570423016161e-02
-8.631014601524117325e+02 1.026800407104138685e+03 -3.162593457024852839e+01 0.000000000000000000e+00 0.000000000000000000e+00 -6.773187387769752377e-02
-8.803523507137082333e+02 1.265511353635553860e+03 -3.527832397421513377e+01 0.000000000000000000e+00 0.000000000000000000e+00 -2.451403608036173409e-02
-5.397264575559782998e+02 1.281523152980553277e+03 -3.172993825824033109e+01 0.000000000000000000e+00 0.000000000000000000e+00 -1.428992707467813261e-02
-6.974898966453926050e+02 1.511699915194745245e+03 -3.726866411381738686e+01 0.000000000000000000e+00 0.000000000000000000e+00 -4.136548156665043052e-02
-4.844541571785568408e+02 1.780031265669701042e+03 -4.077643894037419159e+01 0.000000000000000000e+00 0.000000000000000000e+00 -4.451338759817247137e-02
-8.750182439881873506e+02 1.790693444898822236e+03 -4.514511623091560466e+01 0.000000000000000000e+00 0.000000000000000000e+00 -4.222664278753285316e-02
-8.836225481674085813e+02 2.032392443087321681e+03 -5.093743589860220311e+01 0.000000000000000000e+00 0.000000000000000000e+00 -6.271015038237948147e-02
-5.459114310140851103e+02 2.024876954284567546e+03 -4.701228166140307962e+01 0.000000000000000000e+00 0.000000000000000000e+00 -4.929941662944514746e-02
-6.674936702949045184e+02 2.271866819558903899e+03 -5.465031888167893470e+01 0.000000000000000000e+00 0.000000000000000000e+00 -4.900788016517054757e-02
-8.627809586739682572e+02 2.530572229008386785e+03 -6.449023946427604415e+01 0.000000000000000000e+00 0.000000000000000000e+00 -6.535573481744449964e-02
-5.459630124427051214e+02 2.534827916357134200e+03 -6.120554550406748717e+01 0.000000000000000000e+00 0.000000000000000000e+00 -4.399095434273192495e-02
1.456330731829291949e+02 2.539695040992832674e+03 -5.923346674206322859e+01 0.000000000000000000e+00 0.000000000000000000e+00 -5.994452012019024778e-02
-1.958894742176673844e+02 2.525613039953238967e+03 -5.893179488932288734e+01 0.000000000000000000e+00 0.000000000000000000e+00 -5.062276837542611929e-02
-3.736465426086795105e+01 2.363917135951197452e+03 -5.383303454070999550e+01 0.000000000000000000e+00 0.000000000000000000e+00 -3.040647376380434252e-02
1.608682412828358110e+02 2.024852458849074992e+03 -4.490048400541571993e+01 0.000000000000000000e+00 0.000000000000000000e+00 -7.925863688510759175e-02
-1.954949871975677809e+02 2.030672410965469680e+03 -4.514157563643276205e+01 0.000000000000000000e+00 0.000000000000000000e+00 -5.331512168367424920e-02
1.524422429045786771e+02 1.782083589234013743e+03 -3.917232052469688597e+01 0.000000000000000000e+00 0.000000000000000000e+00 -4.545749366548079706e-02
-1.899689891048396078e+02 1.783703671485696304e+03 -3.930837609616422412e+01 0.000000000000000000e+00 0.000000000000000000e+00 -5.046405747874160852e-02
-2.424069961293954023e+01 1.536971037109361532e+03 -3.394033973262119019e+01 0.000000000000000000e+00 0.000000000000000000e+00 -9.109994636162355164e-02
1.596469173472480350e+02 1.277862618898439450e+03 -2.957777774670489990e+01 0.000000000000000000e+00 0.000000000000000000e+00 -7.728844943057566752e-02
-1.995923331794319608e+02 1.278242611390029651e+03 -2.969695634955857599e+01 0.000000000000000000e+00 0.000000000000000000e+00 -3.697906524513072668e-02
-1.996956895176295177e+02 1.051020785550157143e+03 -2.637240265899639979e+01 0.000000000000000000e+00 0.000000000000000000e+00 -3.252023622677668868e-02
1.511472978305646677e+02 1.031806344379970596e+03 -2.598550467813340958e+01 0.000000000000000000e+00 0.000000000000000000e+00 -1.535602721133955129e-03
-1.930149456079043802e+01 7.870500562800760918e+02 -2.299508037873880184e+01 0.000000000000000000e+00 0.000000000000000000e+00 -7.397016907390963070e-02
1.538778749071025516e+02 5.354537744303330555e+02 -2.106872179903528419e+01 0.000000000000000000e+00 0.000000000000000000e+00 -1.941249320161730907e-02
-2.037974770357321290e+02 5.373915465353392165e+02 -2.122430116367591779e+01 0.000000000000000000e+00 0.000000000000000000e+00 -6.678776406524278286e-02
