# x y z x_res y_res z_res
2.509796438532944649e+03 -2.438957243099817333e+03 -6.784690986153795222e+01 0.000000000000000000e+00 0.000000000000000000e+00 -3.022699035629727859e-02
2.877599660295296417e+03 -2.432273892630551018e+03 -8.242670518116146638e+01 0.000000000000000000e+00 0.000000000000000000e+00 -1.060319809589316264e-02
2.693948249516415217e+03 -2.184341868728023655e+03 -6.788159865122267433e+01 0.000000000000000000e+00 0.000000000000000000e+00 6.451049870790370733e-02
2.511989512155078046e+03 -2.024258777124811559e+03 -5.658187313998404733e+01 0.000000000000000000e+00 0.000000000000000000e+00 -1.023921200280639709e-01
2.869327716831425732e+03 -2.010964989001271306e+03 -7.077491226116578105e+01 0.000000000000000000e+00 0.000000000000000000e+00 -1.586179785242336493e-02
2.506244613858267712e+03 -1.691395165881559478e+03 -4.868411121328261970e+01 0.000000000000000000e+00 0.000000000000000000e+00 5.070450790385905293e-02
2.876189649728928543e+03 -1.681769814930299844e+03 -6.363044526397446532e+01 0.000000000000000000e+00 0.000000000000000000e+00 2.461426840952185557e-03
2.687148504151014095e+03 -1.442220520874766407e+03 -5.100074805793262556e+01 0.000000000000000000e+00 0.000000000000000000e+00 4.611343025727876466e-02
2.505056834971845547e+03 -1.276623734954630208e+03 -4.091723682363657844e+01 0.000000000000000000e+00 0.000000000000000000e+00 2.852478318050799544e-02
2.870296535026700440e+03 -1.263511193085490504e+03 -5.574199304172623926e+01 0.000000000000000000e+00 0.000000000000000000e+00 1.730830764561375190e-02
2.872092086845482754e+03 -9.323851395761940921e+02 -5.125879655713658423e+01 0.000000000000000000e+00 0.000000000000000000e+00 -9.455131550431872256e-03
2.501824504606564915e+03 -9.338174658969379607e+02 -3.599029937536680279e+01 0.000000000000000000e+00 0.000000000000000000e+00 4.331392626247065891e-02
2.677420447814497493e+03 -6.933352397486090695e+02 -4.050559290444638094e+01 0.000000000000000000e+00 0.000000000000000000e+00 1.859273353672818985e-02
2.505442971617694639e+03 -5.218139438679530713e+02 -3.227631518806344246e+01 0.000000000000000000e+00 0.000000000000000000e+00 3.659896727314304599e-02
2.875422547758822930e+03 -5.166614432913892188e+02 -4.755960092953475993e+01 0.000000000000000000e+00 0.000000000000000000e+00 6.098161979577554348e-02
2.874902882702664556e+03 -1.806472015542763074e+02 -4.596990924723087346e+01 0.000000000000000000e+00 0.000000000000000000e+00 4.349320283786539676e-02
2.499479801908475565e+03 -1.889335347393118809e+02 -3.046761433215555215e+01 0.000000000000000000e+00 0.000000000000000000e+00 3.340568835811907888e-02
2.676769192225815004e+03 6.162145370878288730e+01 -3.726407982350783499e+01 0.000000000000000000e+00 0.000000000000000000e+00 5.785183646163005733e-02
2.497036359573029131e+03 2.279253872720432810e+02 -3.033313139088550869e+01 0.000000000000000000e+00 0.000000000000000000e+00 8.374840749280210161e-02
2.861796520020224762e+03 2.373149611977293603e+02 -4.537149719504842693e+01 0.000000000000000000e+00 0.000000000000000000e+00 4.295375992462879822e-03
2.861110568834872538e+03 5.573098331740121694e+02 -4.676065091737754642e+01 0.000000000000000000e+00 0.000000000000000000e+00 3.612330084000348052e-02
2.508287898183617017e+03 5.604940685684035770e+02 -3.227016574164723295e+01 0.000000000000000000e+00 0.000000000000000000e+00 4.175689350891786944e-02
2.680573892562461879e+03 8.128708260688920291e+02 -4.115962039010453566e+01 0.000000000000000000e+00 0.000000000000000000e+00 7.483489308199864354e-03
2.496731445308481398e+03 9.707093710426264579e+02 -3.553675914107616052e+01 0.000000000000000000e+00 0.000000000000000000e+00 7.016575804836122643e-02
2.864195911584918122e+03 9.853988108937446668e+02 -5.072454087042963522e+01 0.000000000000000000e+00 0.000000000000000000e+00 4.901514345732493894e-02
2.863328626463248838e+03 1.308756595907892461e+03 -5.502789181864052637e+01 0.000000000000000000e+00 0.000000000000000000e+00 3.373301854450971859e-02
2.489500491475301715e+03 1.309416403972601074e+03 -3.985391077600074539e+01 0.000000000000000000e+00 0.000000000000000000e+00 -7.123219824791249266e-03
2.665288292633018045e+03 1.554184980434692761e+03 -5.088969729233981809e+01 0.000000000000000000e+00 0.000000000000000000e+00 3.388346283944088100e-02
2.853952891867498238e+03 1.723980817285527337e+03 -6.199964228905241725e+01 0.000000000000000000e+00 0.000000000000000000e+00 3.160369128187312526e-02
2.494399766164684024e+03 1.723688301558432840e+03 -4.750451423379951166e+01 0.000000000000000000e+00 0.000000000000000000e+00 5.725588565127281981e-02
2.858857730178471684e+03 2.065975216568243013e+03 -6.977718092549179119e+01 0.000000000000000000e+00 0.000000000000000000e+00 8.180019534000848580e-02
2.489744675167922196e+03 2.060370239895508348e+03 -5.486655559987231356e+01 0.000000000000000000e+00 0.000000000000000000e+00 5.715439753480211493e-02
2.663775290503475389e+03 2.303913962128118783e+03 -6.782172415181476310e+01 0.000000000000000000e+00 0.000000000000000000e+00 1.058545215878723411e-01
2.484579524287876666e+03 2.468512665622301029e+03 -6.554289701859498507e+01 0.000000000000000000e+00 0.000000000000000000e+00 1.731570487062583652e-02
2.851833616842201081e+03 2.486083275117975063e+03 -8.058423819802635535e+01 0.000000000000000000e+00 0.000000000000000000e+00 1.348325223870006084e-02
2.174889227189421945e+03 3.280801207648096806e+03 -8.206757069272003946e+01 0.000000000000000000e+00 0.000000000000000000e+00 -2.446438503599779324e-02
2.179008271391602193e+03 2.815542014892969291e+03 -6.567274328497825309e+01 0.000000000000000000e+00 0.000000000000000000e+00 -3.982534733314935238e-02
1.992139080927975101e+03 3.052978702702017472e+03 -6.803962374795185042e+01 0.000000000000000000e+00 0.000000000000000000e+00 -4.825316374225963045e-02
1.802950398964601391e+03 3.285718227831903278e+03 -7.134148801826039232e+01 0.000000000000000000e+00 0.000000000000000000e+00 -4.598729834901860158e-02
1.809253100690729980e+03 2.811060544345950348e+03 -5.450561216320180336e+01 0.000000000000000000e+00 0.000000000000000000e+00 -1.034809082256060719e-02
1.511503107463438482e+03 3.285401052280789827e+03 -6.416154358260507706e+01 0.000000000000000000e+00 0.000000000000000000e+00 -7.223401237830273658e-02
1.506818234153236517e+03 2.868236383833902437e+03 -4.889649206330437892e+01 0.000000000000000000e+00 0.000000000000000000e+00 -1.956461708536494370e-02
1.319831736515929606e+03 3.061822928162378048e+03 -5.173631157992603846e+01 0.000000000000000000e+00 0.000000000000000000e+00 -6.259433435592143269e-02
1.119520718877461604e+03 3.283429099062347632e+03 -5.639592460607288160e+01 0.000000000000000000e+00 0.000000000000000000e+00 -2.455510812343675298e-02
1.134610698579704831e+03 2.870373629449790315e+03 -4.155462408705652422e+01 0.000000000000000000e+00 0.000000000000000000e+00 -6.144942796402119711e-02
8.412136167829635269e+02 3.277854486266162894e+03 -5.209538310208719736e+01 0.000000000000000000e+00 0.000000000000000000e+00 -3.590982946822407484e-02
8.439239155151583418e+02 2.873449816143503995e+03 -3.730698200245848284e+01 0.000000000000000000e+00 0.000000000000000000e+00 -3.723830576538489368e-02
6.501074657512991735e+02 3.049540674875491277e+03 -4.135699115675944171e+01 0.000000000000000000e+00 0.000000000000000000e+00 -5.882370819032445297e-02
4.680415921404575101e+02 3.206874789067274378e+03 -4.569216314312991756e+01 0.000000000000000000e+00 0.000000000000000000e+00 -5.254226292348107563e-02
4.590968245284696536e+02 2.858609162642107549e+03 -3.299050492368675691e+01 0.000000000000000000e+00 0.000000000000000000e+00 -3.653672547923747516e-02
1.603543435017151637e+02 3.283561536151852579e+03 -4.719910467719439850e+01 0.000000000000000000e+00 0.000000000000000000e+00 -7.596471343865118797e-02
1.629165210443222804e+02 2.859818554655629214e+03 -3.163139309471596050e+01 0.000000000000000000e+00 0.000000000000000000e+00 -3.947195961126226393e-02
-1.890399757354256138e+01 3.048987026873623563e+03 -3.814401813152555576e+01 0.000000000000000000e+00 0.000000000000000000e+00 -7.632748495704788638e-02
-2.109080403095099143e+02 3.274405881040682289e+03 -4.698315569040082096e+01 0.000000000000000000e+00 0.000000000000000000e+00 -4.794323902983421704e-02
-2.017343329933528651e+02 2.860299861524217249e+03 -3.175563020599337349e+01 0.000000000000000000e+00 0.000000000000000000e+00 -3.651566621720903072e-02
-2.044125598848497134e+02 3.273639800305374592e+03 -4.693303894137203969e+01 0.000000000000000000e+00 0.000000000000000000e+00 -4.649791813304915422e-02
-2.155911725131854553e+02 2.882868615891113677e+03 -3.257958573737921881e+01 0.000000000000000000e+00 0.000000000000000000e+00 -5.446092953938830306e-02
-5.020873472709783982e+02 3.287813373743031661e+03 -4.906587525545127448e+01 0.000000000000000000e+00 0.000000000000000000e+00 -3.776614199848893350e-02
-5.004404590893659588e+02 2.866992906172843504e+03 -3.358055802603354323e+01 0.000000000000000000e+00 0.000000000000000000e+00 -1.487300998824991893e-02
-5.083016805720317279e+02 3.210607567614035361e+03 -4.613058060355740508e+01 0.000000000000000000e+00 0.000000000000000000e+00 -5.911346229184744061e-02
-6.977719291676710327e+02 3.052073176908965706e+03 -4.193445833608347328e+01 0.000000000000000000e+00 0.000000000000000000e+00 -4.442243413581792311e-02
-8.708063926103716312e+02 3.219898207592500057e+03 -5.024266520517629431e+01 0.000000000000000000e+00 0.000000000000000000e+00 -4.714698194004540710e-02
-8.807763182890138296e+02 2.882698351755851945e+03 -3.810756425727852559e+01 0.000000000000000000e+00 0.000000000000000000e+00 -1.418980892995591603e-02
-1.161248442568635710e+03 3.271004088844716080e+03 -5.662632540290745453e+01 0.000000000000000000e+00 0.000000000000000000e+00 -3.716157255453822472e-02
-1.371353000604132149e+03 3.113760432118757763e+03 -5.467451023837892876e+01 0.000000000000000000e+00 0.000000000000000000e+00 -2.513558898888845761e-02
-1.182457365072937591e+03 3.265776523580588218e+03 -5.679604832714578322e+01 0.000000000000000000e+00 0.000000000000000000e+00 -6.667204118096492493e-02
-1.183441158792395754e+03 2.874425011411188279e+03 -4.254899178996940634e+01 0.000000000000000000e+00 0.000000000000000000e+00 -3.114501558511051371e-02
-1.369067342401199539e+03 3.035287136265716072e+03 -5.177091478216200926e+01 0.000000000000000000e+00 0.000000000000000000e+00 -3.854775819773692547e-02
-1.551042509141597066e+03 2.868050682266819422e+03 -4.990738480784506237e+01 0.000000000000000000e+00 0.000000000000000000e+00 -3.212535381173609039e-02
-1.545088254198485174e+03 3.271537540199187333e+03 -6.439132382229738027e+01 0.000000000000000000e+00 0.000000000000000000e+00 -2.906934879214873035e-02
-1.848562742682304588e+03 3.264967588990523836e+03 -7.178065706806872015e+01 0.000000000000000000e+00 0.000000000000000000e+00 -3.428644806788838650e-02
-1.847052908572253500e+03 2.845564685917241150e+03 -5.669453077880508118e+01 0.000000000000000000e+00 0.000000000000000000e+00 -2.361201646102273344e-02
-2.026186004040327362e+03 3.019396418202297809e+03 -6.786199868923887379e+01 0.000000000000000000e+00 0.000000000000000000e+00 -5.023361637299217364e-03
-2.193480460290085830e+03 3.244390281665930615e+03 -8.128811734858058458e+01 0.000000000000000000e+00 0.000000000000000000e+00 -6.005404052775986656e-02
-2.215653628867420593e+03 2.855319847124173521e+03 -6.819156053376781301e+01 0.000000000000000000e+00 0.000000000000000000e+00 -2.766725478726073106e-02
-2.515572426847479164e+03 2.504124099551639574e+03 -6.773375074139134711e+01 0.000000000000000000e+00 0.000000000000000000e+00 5.555947975425112872e-02
-2.876940936233425418e+03 2.509707380042309524e+03 -8.232707227006227413e+01 0.000000000000000000e+00 0.000000000000000000e+00 1.560778870313583866e-02
-2.698339677845934148e+03 2.269409656494294723e+03 -6.828023310552711678e+01 0.000000000000000000e+00 0.000000000000000000e+00 8.817743753766649206e-03
-2.509240272562159134e+03 2.024717090127408255e+03 -5.474027160845714945e+01 0.000000000000000000e+00 0.000000000000000000e+00 2.672865692015591321e-02
-2.872297121622346367e+03 2.024192461339166357e+03 -6.935498292437324608e+01 0.000000000000000000e+00 0.000000000000000000e+00 -1.885719483712477995e-02
-2.886252236912414446e+03 1.770570061655887912e+03 -6.433986099043697493e+01 0.000000000000000000e+00 0.000000000000000000e+00 -1.238663248010141160e-02
-2.533555794882280225e+03 1.788635421359077100e+03 -5.034493540026719671e+01 0.000000000000000000e+00 0.000000000000000000e+00 1.910603221666207219e-02
-2.692452974178775548e+03 1.527149049659595903e+03 -5.149853006628015351e+01 0.000000000000000000e+00 0.000000000000000000e+00 5.021403945218594345e-02
-2.509593767950966594e+03 1.282468844269365036e+03 -4.020485306381419122e+01 0.000000000000000000e+00 0.000000000000000000e+00 4.289484542554333757e-02
-2.878755706585490771e+03 1.285570779605562166e+03 -5.534409937273261448e+01 0.000000000000000000e+00 0.000000000000000000e+00 8.251705736755354792e-02
-2.885738099497191342e+03 1.038749051324146649e+03 -5.229341339787070808e+01 0.000000000000000000e+00 0.000000000000000000e+00 1.642575741436758108e-02
-2.508750926722445456e+03 1.031798953677040799e+03 -3.672433048240937126e+01 0.000000000000000000e+00 0.000000000000000000e+00 6.828233839931385774e-02
-2.676826258479864919e+03 8.446711147940295632e+02 -4.131560743514526735e+01 0.000000000000000000e+00 0.000000000000000000e+00 1.011096377376077271e-01
-2.872364187823701741e+03 5.360778290868886415e+02 -4.711958494772132156e+01 0.000000000000000000e+00 0.000000000000000000e+00 8.941286078595567233e-03
-2.513456976654846130e+03 5.333257008304394731e+02 -3.229662192435586832e+01 0.000000000000000000e+00 0.000000000000000000e+00 8.074255824673315374e-02
-2.862924223729561163e+03 2.588339614529399455e+02 -4.547723411311466180e+01 0.000000000000000000e+00 0.000000000000000000e+00 4.175287380201098131e-02
-2.505181024249174243e+03 2.608092510207720238e+02 -3.073594169008104515e+01 0.000000000000000000e+00 0.000000000000000000e+00 6.906586009214876754e-02
-2.691680215631307874e+03 7.655419818776664442e+01 -3.788674677918026390e+01 0.000000000000000000e+00 0.000000000000000000e+00 6.248466276927189256e-02
-2.504881625591518969e+03 -2.133218459003417706e+02 -3.074584115888042390e+01 0.000000000000000000e+00 0.000000000000000000e+00 1.468603884113406366e-02
-2.863579783702296936e+03 -2.308028601391351344e+02 -4.561923733052852015e+01 0.000000000000000000e+00 0.000000000000000000e+00 -3.234932114771993383e-02
-2.480594376268097221e+03 -4.728073272170050814e+02 -3.099795542950732141e+01 0.000000000000000000e+00 0.000000000000000000e+00 1.008557099394380430e-02
-2.854890825953330477e+03 -4.884707208311319278e+02 -4.647529339887853439e+01 0.000000000000000000e+00 0.000000000000000000e+00 5.267008670145401084e-02
-2.688651529584457876e+03 -6.414973628185211965e+02 -4.052426274676193430e+01 0.000000000000000000e+00 0.000000000000000000e+00 1.101320697654273317e-02
-2.492121435683756317e+03 -9.598112593139488808e+02 -3.592908343868838017e+01 0.000000000000000000e+00 0.000000000000000000e+00 -9.393607415063343069e-03
-2.863206179975292343e+03 -9.721492347241816105e+02 -5.134790152794951013e+01 0.000000000000000000e+00 0.000000000000000000e+00 -1.081396359465003343e-02
-2.499165857931678147e+03 -1.195140923840594269e+03 -3.941790616422740356e+01 0.000000000000000000e+00 0.000000000000000000e+00 2.558134125008848514e-02
-2.863588760817916864e+03 -1.231945690429041633e+03 -5.495762168452680640e+01 0.000000000000000000e+00 0.000000000000000000e+00 -2.326095621470614105e-02
-2.673421981297642105e+03 -1.454398989282588900e+03 -5.065864924849897477e+01 0.000000000000000000e+00 0.000000000000000000e+00 2.139198286631938117e-02
-2.484669912383995324e+03 -1.715052712497804350e+03 -4.836158774629656421e+01 0.000000000000000000e+00 0.000000000000000000e+00 1.729350201487989125e-02
-2.849323892198994599e+03 -1.715007227682574921e+03 -6.316360459991287257e+01 0.000000000000000000e+00 0.000000000000000000e+00 6.177953158771742892e-02
-2.478406069194651081e+03 -1.979161813814109792e+03 -5.418869799213179306e+01 0.000000000000000000e+00 0.000000000000000000e+00 6.292471217761885782e-02
-2.837339682587968582e+03 -1.985243279912054049e+03 -6.877858146568956954e+01 0.000000000000000000e+00 0.000000000000000000e+00 2.392083879814776992e-02
-2.669613587622369778e+03 -2.193657153886584183e+03 -6.714861012951622854e+01 0.000000000000000000e+00 0.000000000000000000e+00 -5.511833809727306743e-02
-2.480960549248571169e+03 -2.446754959866544596e+03 -6.699636811906360379e+01 0.000000000000000000e+00 0.000000000000000000e+00 -4.995822178273101599e-02
-2.858682761529335949e+03 -2.459092590767743786e+03 -8.240885038091036563e+01 0.000000000000000000e+00 0.000000000000000000e+00 -7.054417255677947196e-02
-2.182282578094681412e+03 -2.732069234525851698e+03 -6.550587338473445698e+01 0.000000000000000000e+00 0.000000000000000000e+00 -3.374650330684403343e-02
-1.798831297085626147e+03 -2.728913084978034021e+03 -5.381965539953395705e+01 0.000000000000000000e+00 0.000000000000000000e+00 3.663373265374048060e-02
-1.993028786903567379e+03 -2.885658769568287880e+03 -6.480267645341183425e+01 0.000000000000000000e+00 0.000000000000000000e+00 1.344622732695199829e-02
-2.185714866299972982e+03 -3.210446514823102007e+03 -8.272139183119416828e+01 0.000000000000000000e+00 0.000000000000000000e+00 -1.068569868811550805e-01
-1.808287256438993836e+03 -3.209778139735137756e+03 -7.149892996669974821e+01 0.000000000000000000e+00 0.000000000000000000e+00 2.557004316150823797e-02
-1.521884381446374618e+03 -3.206662154090382955e+03 -6.421317884321453562e+01 0.000000000000000000e+00 0.000000000000000000e+00 -8.039764734338916696e-02
-1.511321950174277617e+03 -2.711160636623173559e+03 -4.592371239134148198e+01 0.000000000000000000e+00 0.000000000000000000e+00 2.683439717849012141e-02
-1.337942933972388118e+03 -2.947211920482664027e+03 -5.041516055249158512e+01 0.000000000000000000e+00 0.000000000000000000e+00 -4.082048944610505714e-02
-1.143547669920613544e+03 -2.722611620028241759e+03 -3.876474849347074780e+01 0.000000000000000000e+00 0.000000000000000000e+00 -2.024443449032276021e-02
-1.140761973518041259e+03 -3.205296045456492266e+03 -5.646829230227811536e+01 0.000000000000000000e+00 0.000000000000000000e+00 4.307870057417062526e-02
-8.493697871976701208e+02 -3.205430696575790535e+03 -5.204712401030740665e+01 0.000000000000000000e+00 0.000000000000000000e+00 -4.563109425171063549e-02
-8.435462910583630674e+02 -2.701853067305211880e+03 -3.341906520536232961e+01 0.000000000000000000e+00 0.000000000000000000e+00 -1.879618579962993863e-03
-6.685532152578440446e+02 -2.951411317564131423e+03 -4.021599176260162523e+01 0.000000000000000000e+00 0.000000000000000000e+00 -6.518101278206955840e-02
-4.653945452533369576e+02 -2.708255873617304132e+03 -2.976846389104664681e+01 0.000000000000000000e+00 0.000000000000000000e+00 -1.055378235887260985e-02
-4.801293971620335128e+02 -3.199272716496379417e+03 -4.803796564216966658e+01 0.000000000000000000e+00 0.000000000000000000e+00 -1.619131742353374648e-02
-1.652353514670640777e+02 -2.717326227408904742e+03 -2.859629728117439029e+01 0.000000000000000000e+00 0.000000000000000000e+00 -4.825013534260946813e-02
-1.694346989844073050e+02 -3.204394345954818164e+03 -4.668878502735768166e+01 0.000000000000000000e+00 0.000000000000000000e+00 -5.479413112995246138e-02
1.109973467062819630e+01 -2.946822332007568548e+03 -3.657607228995490800e+01 0.000000000000000000e+00 0.000000000000000000e+00 -4.598896419744846753e-02
2.021146808006516267e+02 -2.717713006593032333e+03 -2.871581736685109831e+01 0.000000000000000000e+00 0.000000000000000000e+00 -4.587124891685334660e-03
2.062067572528592905e+02 -3.202020747083724928e+03 -4.670073451099655415e+01 0.000000000000000000e+00 0.000000000000000000e+00 -9.072575991108067228e-02
5.012469065231795184e+02 -3.200418693111528682e+03 -4.824271944160454240e+01 0.000000000000000000e+00 0.000000000000000000e+00 1.553332908841298377e-04
4.889894099761732491e+02 -2.692995975256579186e+03 -2.942389215950421288e+01 0.000000000000000000e+00 0.000000000000000000e+00 5.545964929417834810e-03
6.749588561768064210e+02 -2.964523519509783455e+03 -4.076766824413152079e+01 0.000000000000000000e+00 0.000000000000000000e+00 -9.897611996216681973e-02
8.704233205551856827e+02 -2.707055586550138287e+03 -3.395556273874227315e+01 0.000000000000000000e+00 0.000000000000000000e+00 9.209152400217135437e-03
8.685817643365646745e+02 -3.200192336254649945e+03 -5.209262953682106456e+01 0.000000000000000000e+00 0.000000000000000000e+00 -4.809738606948599227e-02
1.163200258337097694e+03 -3.202132562222505385e+03 -5.673740179503384695e+01 0.000000000000000000e+00 0.000000000000000000e+00 4.621402997882739783e-02
1.160591512620371986e+03 -2.712616160239465898e+03 -3.872906294000603111e+01 0.000000000000000000e+00 0.000000000000000000e+00 -9.707758251845177710e-02
1.345968453220014680e+03 -2.949665706144192427e+03 -5.066976155752571742e+01 0.000000000000000000e+00 0.000000000000000000e+00 -8.948440681663782925e-03
1.537872826233546675e+03 -2.708084129788027894e+03 -4.644327124526927264e+01 0.000000000000000000e+00 0.000000000000000000e+00 -9.431755122662366375e-03
1.547613318164211705e+03 -3.192757716285971128e+03 -6.426771450654952389e+01 0.000000000000000000e+00 0.000000000000000000e+00 -4.087168174812916277e-02
1.840269550589116079e+03 -3.192370935432960323e+03 -7.169978046528592586e+01 0.000000000000000000e+00 0.000000000000000000e+00 5.402854521889821626e-04
1.830015107758682689e+03 -2.701187613358248200e+03 -5.375475861725095683e+01 0.000000000000000000e+00 0.000000000000000000e+00 4.470314303873124118e-03
2.014471229571406866e+03 -2.942516988547189612e+03 -6.746417257622863417e+01 0.000000000000000000e+00 0.000000000000000000e+00 1.722739685565954915e-02
2.204496212770126021e+03 -2.692366237781220207e+03 -6.492838912357272818e+01 0.000000000000000000e+00 0.000000000000000000e+00 -2.553981917688474823e-02
2.210960986630073421e+03 -3.187403063538816241e+03 -8.266427369307129425e+01 0.000000000000000000e+00 0.000000000000000000e+00 1.311923837828032902e-02
2.203036972411779516e+03 -2.435949576492595952e+03 -5.682229857450001731e+01 0.000000000000000000e+00 0.000000000000000000e+00 -4.633981822002652962e-02
2.024828101283079377e+03 -2.191950408899833747e+03 -4.404833217111313104e+01 0.000000000000000000e+00 0.000000000000000000e+00 -3.658517021540319547e-02
1.838108106389356635e+03 -2.453540372534055223e+03 -4.606962965209407201e+01 0.000000000000000000e+00 0.000000000000000000e+00 -2.514334381266536411e-02
2.207855808613946920e+03 -1.963740203064544176e+03 -4.409276912603064602e+01 0.000000000000000000e+00 0.000000000000000000e+00 6.037522616225032834e-02
1.836627335869577792e+03 -1.973349191451046636e+03 -3.270061105460064255e+01 0.000000000000000000e+00 0.000000000000000000e+00 -2.489293856400820459e-02
1.536419609930847173e+03 -2.459240518004064143e+03 -3.837855461650803335e+01 0.000000000000000000e+00 0.000000000000000000e+00 -4.042544516172341673e-02
1.348837365744702993e+03 -2.217631857720067273e+03 -2.703368218454406247e+01 0.000000000000000000e+00 0.000000000000000000e+00 -2.743907974817716422e-03
1.161681858279839162e+03 -2.449750602846747825e+03 -3.020986193816814946e+01 0.000000000000000000e+00 0.000000000000000000e+00 1.637525950681961717e-02
1.543113472514277873e+03 -1.970597296187775328e+03 -2.487688691967708365e+01 0.000000000000000000e+00 0.000000000000000000e+00 -7.352111304582109597e-02
1.167545621306902603e+03 -1.977729931385966211e+03 -1.703907080638086313e+01 0.000000000000000000e+00 0.000000000000000000e+00 7.198789503766533926e-02
8.731437812936889031e+02 -2.465866561725013980e+03 -2.610987451763480038e+01 0.000000000000000000e+00 0.000000000000000000e+00 -3.752891074342556976e-02
6.803940197202349509e+02 -2.224754683146101797e+03 -1.654914255864363426e+01 0.000000000000000000e+00 0.000000000000000000e+00 -1.847327888835792464e-03
4.950654685339247294e+02 -2.466030044244741475e+03 -2.204441553305819212e+01 0.000000000000000000e+00 0.000000000000000000e+00 5.663967446960072039e-02
8.683915469341801554e+02 -1.974731456454630461e+03 -1.213860354983397727e+01 0.000000000000000000e+00 0.000000000000000000e+00 1.224020642654366497e-02
5.015312572535564186e+02 -1.983463037018538444e+03 -8.363519507538427433e+00 0.000000000000000000e+00 0.000000000000000000e+00 -5.845458802583181068e-02
1.972031266800512128e+02 -2.460034708119801508e+03 -2.022911031071358323e+01 0.000000000000000000e+00 0.000000000000000000e+00 4.739903744760809445e-02
7.728979436796157287e+00 -2.228343855662523765e+03 -1.298048127912413108e+01 0.000000000000000000e+00 0.000000000000000000e+00 -3.223356327287874024e-02
-1.695017623073297273e+02 -2.466160400589029905e+03 -2.034115897365531822e+01 0.000000000000000000e+00 0.000000000000000000e+00 2.768373770994259075e-02
2.061854725064397087e+02 -1.989415971811506097e+03 -6.849207747570527971e+00 0.000000000000000000e+00 0.000000000000000000e+00 8.960213784002135640e-02
-1.665529300868376765e+02 -1.982253401831298788e+03 -6.548365477932982515e+00 0.000000000000000000e+00 0.000000000000000000e+00 1.235564560593758188e-01
-4.763200474589655187e+02 -2.456524300693492478e+03 -2.160303973525923027e+01 0.000000000000000000e+00 0.000000000000000000e+00 -6.415621909954438706e-02
-6.676276005756154746e+02 -2.225222902563405569e+03 -1.642619503570626804e+01 0.000000000000000000e+00 0.000000000000000000e+00 1.790537618211729409e-02
-8.444007832716539497e+02 -2.458947547516688701e+03 -2.550595336664499513e+01 0.000000000000000000e+00 0.000000000000000000e+00 1.782713255039425349e-03
-4.703611711332865184e+02 -1.978682217610613407e+03 -8.000424938160744404e+00 0.000000000000000000e+00 0.000000000000000000e+00 -4.308624576105657411e-02
-8.411444609116148285e+02 -1.974990224296956740e+03 -1.177529120816424424e+01 0.000000000000000000e+00 0.000000000000000000e+00 -6.288695296476376484e-02
-1.144293039121343099e+03 -2.460750938739219237e+03 -3.023753085100304716e+01 0.000000000000000000e+00 0.000000000000000000e+00 2.146086767368515780e-02
-1.329469312814351269e+03 -2.223827145261767328e+03 -2.680140046831657585e+01 0.000000000000000000e+00 0.000000000000000000e+00 4.713797990905987945e-03
-1.513185199608116136e+03 -2.464374643619210019e+03 -3.798736035131238253e+01 0.000000000000000000e+00 0.000000000000000000e+00 3.968892841270843519e-02
-1.136602523093198670e+03 -1.975536754831286089e+03 -1.642000441797286214e+01 0.000000000000000000e+00 0.000000000000000000e+00 2.349287884069894972e-02
-1.513979197641946485e+03 -1.984949928481105189e+03 -2.453845367256009524e+01 0.000000000000000000e+00 0.000000000000000000e+00 4.480405271267073886e-02
-1.813351236049987165e+03 -2.465257955065528222e+03 -4.573267424927007596e+01 0.000000000000000000e+00 0.000000000000000000e+00 -1.170155520734823540e-01
-2.004224887984495581e+03 -2.219153999345513512e+03 -4.415773211171185153e+01 0.000000000000000000e+00 0.000000000000000000e+00 -3.888885038278999673e-03
-2.180071986999950241e+03 -2.466369341949797217e+03 -5.697473831936045485e+01 0.000000000000000000e+00 0.000000000000000000e+00 -9.223502654776893905e-03
-1.805086662239843918e+03 -1.978635193357664775e+03 -3.193753572599489132e+01 0.000000000000000000e+00 0.000000000000000000e+00 -3.085011306865226288e-03
-2.177206611828758469e+03 -1.988458560919953698e+03 -4.366801393485691563e+01 0.000000000000000000e+00 0.000000000000000000e+00 2.226844494308011235e-02
-2.181796692265475485e+03 -1.733168099145594397e+03 -3.786300898779285262e+01 0.000000000000000000e+00 0.000000000000000000e+00 -1.850442850094680125e-02
-1.819060284181549378e+03 -1.732745924325546866e+03 -2.655568605320391740e+01 0.000000000000000000e+00 0.000000000000000000e+00 -1.466805142974791920e-02
-2.004726423821299250e+03 -1.480215629966168081e+03 -2.695596644390917263e+01 0.000000000000000000e+00 0.000000000000000000e+00 4.323884533360100590e-02
-2.194610605061172464e+03 -1.243057640126270826e+03 -2.907328799943342190e+01 0.000000000000000000e+00 0.000000000000000000e+00 3.378724829632417936e-02
-1.813111194641515340e+03 -1.243788250572148627e+03 -1.711055888542403380e+01 0.000000000000000000e+00 0.000000000000000000e+00 2.085704277476452262e-03
-1.528905682569783721e+03 -1.234506156187485885e+03 -9.461723921162466411e+00 0.000000000000000000e+00 0.000000000000000000e+00 -1.843347954891072504e-02
-1.524860957492091302e+03 -1.719618467476616843e+03 -1.854034965977879068e+01 0.000000000000000000e+00 0.000000000000000000e+00 3.309116602975592514e-02
-1.342010905047728329e+03 -1.471639035435342521e+03 -9.328135334216611341e+00 0.000000000000000000e+00 0.000000000000000000e+00 -1.728644290847825005e-02
-1.149483720899487253e+03 -1.228369717038689487e+03 -1.285689033306237405e+00 0.000000000000000000e+00 0.000000000000000000e+00 6.988124080399771287e-02
-1.154188708169084521e+03 -1.746144516876348916e+03 -1.127465794625504714e+01 0.000000000000000000e+00 0.000000000000000000e+00 -1.216260386977552344e-02
-8.566960393927545283e+02 -1.738638538922896032e+03 -6.349667638998706565e+00 0.000000000000000000e+00 0.000000000000000000e+00 2.206471731762249533e-02
-8.574485265876113544e+02 -1.223331089698602000e+03 3.477944247822714274e+00 0.000000000000000000e+00 0.000000000000000000e+00 5.425328932061113107e-02
-6.670256751287230372e+02 -1.402971207757273532e+03 2.756621525876767009e+00 0.000000000000000000e+00 0.000000000000000000e+00 -1.680047834055642397e-02
-4.853174443360853161e+02 -1.232112125758897491e+03 7.346030127069607119e+00 0.000000000000000000e+00 0.000000000000000000e+00 2.465169610188411298e-02
-4.827799393600421354e+02 -1.723142806374300790e+03 -2.005678199463599043e+00 0.000000000000000000e+00 0.000000000000000000e+00 -2.943465203618345072e-02
-1.854924860036536245e+02 -1.719993754865567325e+03 -3.456327725473258283e-01 0.000000000000000000e+00 0.000000000000000000e+00 -3.453673877033480721e-02
-1.795904740208951011e+02 -1.229642029065214956e+03 9.019319617104253339e+00 0.000000000000000000e+00 0.000000000000000000e+00 -6.235265954439661584e-02
1.914452920710660200e+00 -1.477011584080850980e+03 4.948057757538618873e+00 0.000000000000000000e+00 0.000000000000000000e+00 -1.600982567593511874e-02
1.905461389738660500e+02 -1.215539953603115237e+03 9.209791659696385580e+00 0.000000000000000000e+00 0.000000000000000000e+00 -7.038017150782138742e-02
1.834027768941546981e+02 -1.714978098327603220e+03 -2.282830722093009967e-01 0.000000000000000000e+00 0.000000000000000000e+00 8.458696837422507997e-03
4.920636241697565652e+02 -1.717537940860499930e+03 -1.953738140454731820e+00 0.000000000000000000e+00 0.000000000000000000e+00 2.970074725865856635e-02
4.866878150624446562e+02 -1.216425638061024983e+03 7.583695420514617425e+00 0.000000000000000000e+00 0.000000000000000000e+00 1.538145041628702359e-02
6.729646361275630397e+02 -1.482641803459123821e+03 1.208673929056388374e+00 0.000000000000000000e+00 0.000000000000000000e+00 -1.026707153796735383e-02
8.671481541979989061e+02 -1.719748200492710794e+03 -6.073104535234648438e+00 0.000000000000000000e+00 0.000000000000000000e+00 6.823491282660398838e-02
8.696053096480882232e+02 -1.223839211559248042e+03 3.301813695672329629e+00 0.000000000000000000e+00 0.000000000000000000e+00 3.399943173398156659e-02
1.148770024513456747e+03 -1.222044803922872006e+03 -1.172693395210213652e+00 0.000000000000000000e+00 0.000000000000000000e+00 2.407580186254065779e-02
1.171704075103851437e+03 -1.717992580461429270e+03 -1.097260474328981061e+01 0.000000000000000000e+00 0.000000000000000000e+00 -3.581065323445287163e-02
1.340009945672056347e+03 -1.386682480255427663e+03 -7.725748960558586731e+00 0.000000000000000000e+00 0.000000000000000000e+00 -4.992749415200492535e-02
1.524928748815393874e+03 -1.213906630999976642e+03 -9.041423390416042594e+00 0.000000000000000000e+00 0.000000000000000000e+00 -2.198752501132616999e-02
1.535832482672396736e+03 -1.721650358149500562e+03 -1.884963388399658157e+01 0.000000000000000000e+00 0.000000000000000000e+00 -7.565550097615414415e-02
1.830900793819595265e+03 -1.721519357459746061e+03 -2.664777038603952164e+01 0.000000000000000000e+00 0.000000000000000000e+00 -8.068505496534683630e-02
1.827010259496785238e+03 -1.216071029987681413e+03 -1.707236830032738339e+01 0.000000000000000000e+00 0.000000000000000000e+00 -5.060851487948525573e-02
2.021718130895040304e+03 -1.478662477309155292e+03 -2.746126959552072933e+01 0.000000000000000000e+00 0.000000000000000000e+00 -1.809818708804655785e-02
2.193991288261116551e+03 -1.209061552334776025e+03 -2.852180322253027001e+01 0.000000000000000000e+00 0.000000000000000000e+00 1.365297763489436988e-02
2.200330579898615269e+03 -1.706484538826885910e+03 -3.791432402027117377e+01 0.000000000000000000e+00 0.000000000000000000e+00 -4.609999598927316811e-02
1.526272996967981271e+03 -9.781162257948404886e+02 -5.748096325794605832e+00 0.000000000000000000e+00 0.000000000000000000e+00 -1.088356946664248426e-02
1.535404588679586368e+03 -9.765826071703861544e+02 -5.950579499959733454e+00 0.000000000000000000e+00 0.000000000000000000e+00 1.031241580600728014e-01
1.175862485807167559e+03 -9.561125995908482764e+02 2.061878397880278158e+00 0.000000000000000000e+00 0.000000000000000000e+00 3.912119855073115104e-02
1.350888742245882440e+03 -7.194164863918540505e+02 1.098515874646921020e+00 0.000000000000000000e+00 0.000000000000000000e+00 6.836934936039540389e-02
1.162983177496229246e+03 -4.646324430012888342e+02 6.819800653115239086e+00 0.000000000000000000e+00 0.000000000000000000e+00 -2.723758538901144277e-02
1.530490135747626027e+03 -4.617451768754488626e+02 -1.040890149641377604e+00 0.000000000000000000e+00 0.000000000000000000e+00 -2.128762186175237048e-02
2.209788890819343578e+03 -2.156484587277198557e+02 -1.993572518717997255e+01 0.000000000000000000e+00 0.000000000000000000e+00 -6.254187649933129478e-03
1.834932290902200293e+03 -2.180788289731196983e+02 -8.050083023071824329e+00 0.000000000000000000e+00 0.000000000000000000e+00 2.332068050000302151e-02
2.028189342958336965e+03 3.294414132631693803e+01 -1.356714553256237110e+01 0.000000000000000000e+00 0.000000000000000000e+00 1.715874753296731114e-02
1.843696187256621442e+03 1.976881425625858242e+02 -8.163965889035793566e+00 0.000000000000000000e+00 0.000000000000000000e+00 2.496297773543432186e-02
2.186213907051419937e+03 2.137187200166243315e+02 -1.900252173610828521e+01 0.000000000000000000e+00 0.000000000000000000e+00 3.418792739521592239e-02
1.545790911340244975e+03 -2.180302498399111073e+02 -3.251952877888193427e-01 0.000000000000000000e+00 0.000000000000000000e+00 3.874380529616061608e-02
1.165109640337725068e+03 -2.133236450456768125e+02 7.891776131181742926e+00 0.000000000000000000e+00 0.000000000000000000e+00 3.249054114784044600e-02
1.354981618860370872e+03 2.291007644600158244e+01 4.396246131190126860e+00 0.000000000000000000e+00 0.000000000000000000e+00 2.235753882447788499e-02
1.182827061576525693e+03 2.788732237519499222e+02 7.401717307731447093e+00 0.000000000000000000e+00 0.000000000000000000e+00 -3.576750631986946871e-02
1.531383800507248679e+03 2.870997876559304132e+02 -1.178510800678012060e-01 0.000000000000000000e+00 0.000000000000000000e+00 5.790423141478839852e-02
1.544771516001257169e+03 5.265279893629565322e+02 -1.633352831403790617e+00 0.000000000000000000e+00 0.000000000000000000e+00 6.246745425902133775e-02
1.167694247147156602e+03 5.280638521140389230e+02 6.433413814997884117e+00 0.000000000000000000e+00 0.000000000000000000e+00 1.984921594917565812e-02
1.351905598496881339e+03 7.769721943397180439e+02 7.487821589035803527e-01 0.000000000000000000e+00 0.000000000000000000e+00 3.245946495014351285e-02
1.529550943912886169e+03 1.037053625555848384e+03 -6.183844856764860509e+00 0.000000000000000000e+00 0.000000000000000000e+00 6.943069247369137997e-02
1.162842067413500899e+03 1.033202918981183075e+03 1.607981123962407111e+00 0.000000000000000000e+00 0.000000000000000000e+00 1.049018096036391512e-02
1.168626330761831923e+03 1.261625073656139875e+03 -1.752066094911874927e+00 0.000000000000000000e+00 0.000000000000000000e+00 1.360450504993337972e-02
1.524383522960339405e+03 1.298045738593484657e+03 -9.809638782328789830e+00 0.000000000000000000e+00 0.000000000000000000e+00 5.385393335519950142e-02
1.349184693777888697e+03 1.536166519328156028e+03 -1.003830284111796445e+01 0.000000000000000000e+00 0.000000000000000000e+00 -8.824666426317406831e-03
1.138480689143600330e+03 1.780046601229129692e+03 -1.093443507902218670e+01 0.000000000000000000e+00 0.000000000000000000e+00 4.212185449333105680e-03
1.531024057020307509e+03 1.782896423904671792e+03 -1.910377285496091915e+01 0.000000000000000000e+00 0.000000000000000000e+00 1.806437653242554120e-02
1.529304861134520024e+03 2.039942611761185162e+03 -2.503231788680271563e+01 0.000000000000000000e+00 0.000000000000000000e+00 5.562528190309734555e-02
1.159478992115589108e+03 2.035554919481020534e+03 -1.727306494179101648e+01 0.000000000000000000e+00 0.000000000000000000e+00 1.559359748629773890e-02
1.344817290441778823e+03 2.264636095921918695e+03 -2.682315655180072511e+01 0.000000000000000000e+00 0.000000000000000000e+00 -2.369470855904509676e-02
1.161974254417234761e+03 2.429994460373391576e+03 -2.801017109878060651e+01 0.000000000000000000e+00 0.000000000000000000e+00 2.701507662581903446e-02
1.544249245103443627e+03 2.457337067797857344e+03 -3.669854834929456189e+01 0.000000000000000000e+00 0.000000000000000000e+00 6.437699800974172604e-02
1.821009457522424555e+03 2.535313264002173128e+03 -4.607982907521039806e+01 0.000000000000000000e+00 0.000000000000000000e+00 6.385239409749488004e-02
2.161630682922524556e+03 2.561450067463161758e+03 -5.707454429239843563e+01 0.000000000000000000e+00 0.000000000000000000e+00 3.573802410223692050e-02
2.014922461849407000e+03 2.303331361232973450e+03 -4.501733070359304634e+01 0.000000000000000000e+00 0.000000000000000000e+00 2.694127434988047298e-02
2.185297986035485792e+03 2.044828612535091679e+03 -4.373947447650794373e+01 0.000000000000000000e+00 0.000000000000000000e+00 2.295551643914706119e-02
1.816969928276029123e+03 2.032689338612102347e+03 -3.222460814239580884e+01 0.000000000000000000e+00 0.000000000000000000e+00 3.602792226590167957e-02
2.184533955753002829e+03 1.792027008082580778e+03 -3.792138109385362554e+01 0.000000000000000000e+00 0.000000000000000000e+00 -1.235144625850637112e-02
1.816201619693814564e+03 1.777622887041664853e+03 -2.633828410888225235e+01 0.000000000000000000e+00 0.000000000000000000e+00 6.480248486045780965e-03
2.016482363829491987e+03 1.555162597754781700e+03 -2.775430556548700878e+01 0.000000000000000000e+00 0.000000000000000000e+00 -2.639598432491396807e-02
2.200534523416440607e+03 1.291802650181046829e+03 -2.920053859672636065e+01 0.000000000000000000e+00 0.000000000000000000e+00 -1.122234023483770216e-02
1.818601537980829789e+03 1.278147790207269736e+03 -1.713834840384901526e+01 0.000000000000000000e+00 0.000000000000000000e+00 5.400111515888283975e-02
1.842903660333406833e+03 1.037328556677412962e+03 -1.442988852635310693e+01 0.000000000000000000e+00 0.000000000000000000e+00 2.681178443174658810e-02
2.177017348771049456e+03 1.047547821488249156e+03 -2.496756110483818603e+01 0.000000000000000000e+00 0.000000000000000000e+00 -1.190746174597379081e-02
2.022467217254882598e+03 7.963062932341867963e+02 -1.714194344246300972e+01 0.000000000000000000e+00 0.000000000000000000e+00 6.403073486836774464e-03
2.184429579986701356e+03 5.417631528871806950e+02 -2.039164770134160776e+01 0.000000000000000000e+00 0.000000000000000000e+00 1.822234429884517226e-02
1.829706004482334265e+03 5.468561295812352228e+02 -9.317347479830896617e+00 0.000000000000000000e+00 0.000000000000000000e+00 9.906786311741910822e-03
2.193597534745243138e+03 -9.802299589690375115e+02 -2.531211213648980518e+01 0.000000000000000000e+00 0.000000000000000000e+00 2.063943688169089796e-02
1.835672468101011418e+03 -9.794905420741575881e+02 -1.399066199804990163e+01 0.000000000000000000e+00 0.000000000000000000e+00 7.921280657093632271e-03
2.012481248073688221e+03 -7.216807866380205496e+02 -1.651901724888058354e+01 0.000000000000000000e+00 0.000000000000000000e+00 3.339935770192425935e-04
2.199789742618683704e+03 -5.446452816574095550e+02 -2.124698345753861162e+01 0.000000000000000000e+00 0.000000000000000000e+00 3.801687914592122297e-02
1.822269982913069953e+03 -5.568259315860148035e+02 -9.411856643475662310e+00 0.000000000000000000e+00 0.000000000000000000e+00 -1.892098055563096182e-02
1.829917980536439018e+03 -5.718133181250167354e+02 -9.742164883961915933e+00 0.000000000000000000e+00 0.000000000000000000e+00 -4.628408985350773719e-03
5.015156418566770640e+02 2.529620001383125782e+03 -2.259383459201912103e+01 0.000000000000000000e+00 0.000000000000000000e+00 -6.161396354634973704e-03
8.498283597208464926e+02 2.543792036275782721e+03 -2.663185474884019399e+01 0.000000000000000000e+00 0.000000000000000000e+00 -8.901768046208147211e-02
6.815590079414757838e+02 2.284482918462616908e+03 -1.705143621802624310e+01 0.000000000000000000e+00 0.000000000000000000e+00 -9.289783427472997346e-03
8.781206097398428483e+02 2.053515470071793516e+03 -1.329488003960726417e+01 0.000000000000000000e+00 0.000000000000000000e+00 5.973126709257314815e-03
4.840238211692064851e+02 2.031704206355217593e+03 -8.591643263764819238e+00 0.000000000000000000e+00 0.000000000000000000e+00 -2.125147109154923442e-02
5.010373369972730870e+02 1.790914518737401522e+03 -3.046854395511491731e+00 0.000000000000000000e+00 0.000000000000000000e+00 -1.768491571529651196e-02
8.540016476226090845e+02 1.772957581497633100e+03 -6.376253598003437162e+00 0.000000000000000000e+00 0.000000000000000000e+00 -2.883880080654677158e-02
6.834654406083329832e+02 1.619793176104142958e+03 -1.119919028652557103e+00 0.000000000000000000e+00 0.000000000000000000e+00 -3.624925757192798415e-02
8.561493396654290109e+02 1.303821055062139976e+03 2.536612572307820557e+00 0.000000000000000000e+00 0.000000000000000000e+00 9.361988361849427065e-03
4.613807913365193372e+02 1.271698784625413509e+03 7.142957966190371266e+00 0.000000000000000000e+00 0.000000000000000000e+00 2.028227289069484129e-02
5.036155796807925640e+02 1.058292105908062240e+03 9.939835151501373645e+00 0.000000000000000000e+00 0.000000000000000000e+00 1.016187179668719409e-01
8.812645678130947999e+02 1.053008304517025181e+03 5.881617341476161442e+00 0.000000000000000000e+00 0.000000000000000000e+00 -1.198704272652051372e-02
8.634821877234003296e+02 1.023418889342046555e+03 6.510586764859482400e+00 0.000000000000000000e+00 0.000000000000000000e+00 4.660274011420284523e-02
6.892681265967804620e+02 7.993076695870875028e+02 1.121374127270393117e+01 0.000000000000000000e+00 0.000000000000000000e+00 3.368386893062691456e-02
8.775799234952800134e+02 5.498038760010500710e+02 1.099205051569162173e+01 0.000000000000000000e+00 0.000000000000000000e+00 1.544719391587179302e-03
4.789204916191514485e+02 5.310916171605388172e+02 1.542115757487058403e+01 0.000000000000000000e+00 0.000000000000000000e+00 3.853745934942054419e-02
5.364701133383164233e+02 2.781211747718802485e+02 1.625418585614888656e+01 0.000000000000000000e+00 0.000000000000000000e+00 4.986879621639062066e-02
8.877562884897671438e+02 2.853277797248005641e+02 1.223773794235485113e+01 0.000000000000000000e+00 0.000000000000000000e+00 -1.261915853266515342e-03
6.739880804909586232e+02 1.186257296151978267e+02 1.532407954405934092e+01 0.000000000000000000e+00 0.000000000000000000e+00 3.387210358873460336e-02
8.778374281349455259e+02 -1.350089183014152923e+02 1.275768314565312878e+01 0.000000000000000000e+00 0.000000000000000000e+00 -2.634926475211329944e-02
4.851939215268521934e+02 -1.415710697945295919e+02 1.703177749959439069e+01 0.000000000000000000e+00 0.000000000000000000e+00 -2.369510417741693686e-02
4.754614402358374718e+02 -2.589453960496372815e+02 1.680288145644422215e+01 0.000000000000000000e+00 0.000000000000000000e+00 -2.365407213840242662e-02
5.098807443283189400e+02 -4.502254206007372090e+02 1.565439374734784295e+01 0.000000000000000000e+00 0.000000000000000000e+00 -3.995447675129071285e-02
8.737090929838002467e+02 -4.633398539362140696e+02 1.153871395370051900e+01 0.000000000000000000e+00 0.000000000000000000e+00 3.980927471693718189e-02
6.971845060265264920e+02 -6.213433191929610757e+02 1.265359922768005774e+01 0.000000000000000000e+00 0.000000000000000000e+00 -5.631478073500062465e-03
8.897639306767914604e+02 -8.858446843382228053e+02 7.624741668788509230e+00 0.000000000000000000e+00 0.000000000000000000e+00 -2.332214247016040076e-02
5.187254971611040446e+02 -8.869911539739854334e+02 1.180614180772080957e+01 0.000000000000000000e+00 0.000000000000000000e+00 1.158923999530969695e-02
1.838479526427191502e+02 -9.954465216096367612e+02 1.237835712496485741e+01 0.000000000000000000e+00 0.000000000000000000e+00 -4.177962142150093428e-02
-1.854217560470982846e+02 -9.900831174068481459e+02 1.244257071263007752e+01 0.000000000000000000e+00 0.000000000000000000e+00 -1.473031891947407246e-02
9.659213884126844007e+00 -7.631319922521601029e+02 1.529187157643371009e+01 0.000000000000000000e+00 0.000000000000000000e+00 -2.482683379160022241e-02
1.826919271119133157e+02 -5.769515646983873012e+02 1.663589155147969478e+01 0.000000000000000000e+00 0.000000000000000000e+00 3.180178781544995559e-02
-1.727464081305899981e+02 -5.826878059673742882e+02 1.662138873457737986e+01 0.000000000000000000e+00 0.000000000000000000e+00 -6.455007154393399560e-02
-4.756218490369586789e+02 -4.767433113487315950e+02 1.576689581849504407e+01 0.000000000000000000e+00 0.000000000000000000e+00 2.849349766596986910e-02
-8.411401824005954495e+02 -4.812704253332317421e+02 1.187651533842714180e+01 0.000000000000000000e+00 0.000000000000000000e+00 -1.237970047910330607e-02
-6.790128485693328457e+02 -7.485417542873780121e+02 1.172777017128252197e+01 0.000000000000000000e+00 0.000000000000000000e+00 -6.158315031498773351e-02
-4.836629514211719538e+02 -9.882265085827376652e+02 1.086099602590441648e+01 0.000000000000000000e+00 0.000000000000000000e+00 3.899507877962804514e-02
-8.474224989892593385e+02 -9.982743644428861671e+02 6.845050958970007926e+00 0.000000000000000000e+00 0.000000000000000000e+00 -1.275635126784813167e-02
-1.151543646070032764e+03 -9.948399999911573559e+02 2.025899908718358233e+00 0.000000000000000000e+00 0.000000000000000000e+00 1.004135397231209481e-02
-1.526289613745825363e+03 -1.010144172382356601e+03 -6.158777166191175212e+00 0.000000000000000000e+00 0.000000000000000000e+00 4.084687205777370878e-02
-1.346129529639689736e+03 -7.632781564974541197e+02 7.801185987534715593e-01 0.000000000000000000e+00 0.000000000000000000e+00 -7.471881976819361171e-04
-1.512393980108376581e+03 -4.986441417226403132e+02 -8.346651291476980816e-01 0.000000000000000000e+00 0.000000000000000000e+00 6.661394556672917133e-05
-1.173661001271817895e+03 -5.075894591197975387e+02 6.349566211723075781e+00 0.000000000000000000e+00 0.000000000000000000e+00 1.873962020105324200e-02
-1.808961900031415325e+03 -4.756594297017976487e+02 -8.484498566822662013e+00 0.000000000000000000e+00 0.000000000000000000e+00 -7.514640744968659192e-03
-2.176590359425526003e+03 -4.860893807566685041e+02 -2.005944547483237983e+01 0.000000000000000000e+00 0.000000000000000000e+00 2.088610869609652809e-02
-1.997611612018547248e+03 -7.402535945525446550e+02 -1.622603377788673740e+01 0.000000000000000000e+00 0.000000000000000000e+00 -9.989593709459398951e-03
-2.180650982073541400e+03 -9.867248253368832138e+02 -2.495167625965738623e+01 0.000000000000000000e+00 0.000000000000000000e+00 2.862882088088269938e-04
-1.833445935888492158e+03 -1.004668641189579830e+03 -1.424729808261919928e+01 0.000000000000000000e+00 0.000000000000000000e+00 1.398333559036402107e-02
-2.172757549430155905e+03 -2.690356932428530854e+02 -1.884425796590537061e+01 0.000000000000000000e+00 0.000000000000000000e+00 5.765297836580174362e-02
-2.192362881601861773e+03 1.407650920245436055e+02 -1.907138336510565324e+01 0.000000000000000000e+00 0.000000000000000000e+00 1.315734738246732149e-02
-2.026548955609196582e+03 -2.653471442259799318e+01 -1.352708849889518206e+01 0.000000000000000000e+00 0.000000000000000000e+00 -2.957651233052160933e-02
-1.812071343990397736e+03 2.438114199202389614e+02 -7.373975924223341138e+00 0.000000000000000000e+00 0.000000000000000000e+00 -1.170525775472341934e-02
-1.837940777933473782e+03 -2.399093131291143663e+02 -8.204694612224557204e+00 0.000000000000000000e+00 0.000000000000000000e+00 -8.932870467646125689e-03
-1.539082565081204848e+03 -2.649007522896291107e+02 -3.118734764402155690e-01 0.000000000000000000e+00 0.000000000000000000e+00 4.543035048822829935e-02
-1.525365307978860073e+03 2.584720453920399450e+02 1.217831197771133134e-01 0.000000000000000000e+00 0.000000000000000000e+00 -2.140448553007701094e-02
-1.354349885931673953e+03 -2.125454817872335767e+01 4.405050751920382979e+00 0.000000000000000000e+00 0.000000000000000000e+00 -7.539212808041462210e-02
-1.145441269134212689e+03 2.762782202129481561e+02 8.101874863943727689e+00 0.000000000000000000e+00 0.000000000000000000e+00 9.602905453892418564e-03
-1.140896859021822138e+03 -2.396779537060829171e+02 8.258506933481484680e+00 0.000000000000000000e+00 0.000000000000000000e+00 -1.540715853986540651e-02
-8.527788604579963021e+02 -2.610966493146676157e+02 1.277831904315091016e+01 0.000000000000000000e+00 0.000000000000000000e+00 -8.553031126110610671e-03
-8.439789210719353605e+02 1.218857207622153567e+02 1.325804843062799776e+01 0.000000000000000000e+00 0.000000000000000000e+00 -7.242390352818262045e-03
-4.602254570451260633e+02 -2.615348069556751511e+02 1.690862228736335027e+01 0.000000000000000000e+00 0.000000000000000000e+00 -9.099756144731685481e-03
-6.452975897476034106e+02 -2.598298846549426955e+01 1.570824280397851425e+01 0.000000000000000000e+00 0.000000000000000000e+00 -1.810201928429933105e-02
-4.634206491865436419e+02 1.324698644523372195e+02 1.721777360864017226e+01 0.000000000000000000e+00 0.000000000000000000e+00 -2.428166715225188454e-02
-1.896468091446207609e+02 -2.388929299551232361e+02 1.839400180409414887e+01 0.000000000000000000e+00 0.000000000000000000e+00 -3.996984955559312880e-02
-1.934473964923799088e+02 1.870510025118078943e+02 1.852620297669730931e+01 0.000000000000000000e+00 0.000000000000000000e+00 -2.725254753998029855e-02
9.988793455351899553e+00 -1.712037185821328578e+01 1.904731813439775223e+01 0.000000000000000000e+00 0.000000000000000000e+00 -4.516831203303439679e-02
1.747254004673691270e+02 -2.431952741244299432e+02 1.842433259854922056e+01 0.000000000000000000e+00 0.000000000000000000e+00 4.292345968597288675e-03
1.958116354742552971e+02 1.939610189751267058e+02 1.850200583612337368e+01 0.000000000000000000e+00 0.000000000000000000e+00 -4.815900406588369265e-02
-2.223426463006288031e+03 5.120929230199228641e+02 -2.154119730955708789e+01 0.000000000000000000e+00 0.000000000000000000e+00 5.473664709049685939e-02
-1.842296436374595032e+03 5.239541190969038098e+02 -9.530811316143232403e+00 0.000000000000000000e+00 0.000000000000000000e+00 4.760271494690826444e-02
-2.027069737044676913e+03 7.797061106511907838e+02 -1.712864201285917432e+01 0.000000000000000000e+00 0.000000000000000000e+00 5.148910297484121656e-02
-1.846587605407370120e+03 9.429039251062399671e+02 -1.339537390479434364e+01 0.000000000000000000e+00 0.000000000000000000e+00 2.839439427884471456e-02
-2.217205060200190928e+03 9.495689180929479107e+02 -2.515395015956251257e+01 0.000000000000000000e+00 0.000000000000000000e+00 6.801401905802606507e-02
-2.221431887709808507e+03 1.252244430437690653e+03 -2.930578695307999126e+01 0.000000000000000000e+00 0.000000000000000000e+00 8.886928142490901905e-02
-1.863436097504068357e+03 1.257378178898560463e+03 -1.809699093347713372e+01 0.000000000000000000e+00 0.000000000000000000e+00 7.198951092983563171e-02
-2.042003691509687769e+03 1.515055527128258063e+03 -2.780700972451791486e+01 0.000000000000000000e+00 0.000000000000000000e+00 2.466802596527273295e-02
-2.221379124830030378e+03 1.765683717513401916e+03 -3.859758054303390651e+01 0.000000000000000000e+00 0.000000000000000000e+00 6.596548943193880632e-02
-1.864265027550149625e+03 1.779927392488678151e+03 -2.774581661761927265e+01 0.000000000000000000e+00 0.000000000000000000e+00 1.689389727757273363e-02
-1.865425005970275379e+03 2.000985120235448903e+03 -3.281792180911699575e+01 0.000000000000000000e+00 0.000000000000000000e+00 6.745322000095654857e-02
-2.216586265638554778e+03 2.015604905240549897e+03 -4.407652319750350500e+01 0.000000000000000000e+00 0.000000000000000000e+00 5.455892404440021437e-02
-2.048962901021940525e+03 2.268836226221275410e+03 -4.512447702094824820e+01 0.000000000000000000e+00 0.000000000000000000e+00 2.815768291117137778e-02
-2.205456549331914175e+03 2.494152947830688845e+03 -5.650187532062336260e+01 0.000000000000000000e+00 0.000000000000000000e+00 6.487221012067578840e-02
-1.845288369697754888e+03 2.510823288292531743e+03 -4.601632878469776244e+01 0.000000000000000000e+00 0.000000000000000000e+00 4.865427005087497037e-02
-1.554381170058389898e+03 2.515325936805529182e+03 -3.866525422934660128e+01 0.000000000000000000e+00 0.000000000000000000e+00 6.282923384915761744e-03
-1.180165407040898117e+03 2.522499977224782015e+03 -3.109963498467840637e+01 0.000000000000000000e+00 0.000000000000000000e+00 2.252960349132493434e-02
-1.376778503416478088e+03 2.354986751960108450e+03 -3.000937720687855403e+01 0.000000000000000000e+00 0.000000000000000000e+00 -1.085282125717412782e-02
-1.185340849637035490e+03 2.041038284453634560e+03 -1.787701245555618712e+01 0.000000000000000000e+00 0.000000000000000000e+00 1.599799479815189329e-02
-1.541073712758166721e+03 2.016548372328869618e+03 -2.473467358526702853e+01 0.000000000000000000e+00 0.000000000000000000e+00 3.977965878741329675e-02
-1.549749873946963135e+03 1.802518389320006918e+03 -1.997709896874098945e+01 0.000000000000000000e+00 0.000000000000000000e+00 1.606946414891297081e-02
-1.198215982520036505e+03 1.791928305641750057e+03 -1.227700304450073077e+01 0.000000000000000000e+00 0.000000000000000000e+00 4.204634209150981405e-02
-1.379676342561452884e+03 1.523635972153455668e+03 -1.044963117669971453e+01 0.000000000000000000e+00 0.000000000000000000e+00 2.608694329317984284e-04
-1.191533838491040797e+03 1.288292421819312040e+03 -2.596519476227900469e+00 0.000000000000000000e+00 0.000000000000000000e+00 3.483861703837121127e-02
-1.542418328928292567e+03 1.291513955586862494e+03 -1.013649698226498330e+01 0.000000000000000000e+00 0.000000000000000000e+00 4.776540083951985594e-02
-1.560622274588207574e+03 1.028949986430535546e+03 -6.831606629302559242e+00 0.000000000000000000e+00 0.000000000000000000e+00 7.253821385814873679e-02
-1.196010276319274226e+03 1.029039517918908587e+03 1.046331250689057413e+00 0.000000000000000000e+00 0.000000000000000000e+00 5.342399501671479811e-02
-1.377207125109637900e+03 7.804020604061680615e+02 1.721471803903433795e-01 0.000000000000000000e+00 0.000000000000000000e+00 -7.171180135294719094e-04
-1.178255261036794991e+03 5.239868401878172790e+02 6.263974900753781938e+00 0.000000000000000000e+00 0.000000000000000000e+00 8.927347320460299329e-03
-1.533883841958961057e+03 5.345597439493989214e+02 -1.421748166511591194e+00 0.000000000000000000e+00 0.000000000000000000e+00 1.699465402764133160e-02
-5.041789706230171646e+02 5.224763568479230571e+02 1.528090287192877739e+01 0.000000000000000000e+00 0.000000000000000000e+00 -6.268195519518116043e-02
-8.825491824359049815e+02 5.265015733519127252e+02 1.108033957580369133e+01 0.000000000000000000e+00 0.000000000000000000e+00 -9.729486475613668972e-03
-6.936683241756501275e+02 7.819813539551309987e+02 1.133807193653088774e+01 0.000000000000000000e+00 0.000000000000000000e+00 -4.773679261463925627e-02
-5.073429339400665299e+02 1.017348054885910074e+03 1.044431451742448935e+01 0.000000000000000000e+00 0.000000000000000000e+00 -3.858113321992995282e-02
-8.626576797000603847e+02 1.026720517915753362e+03 6.479457395879785864e+00 0.000000000000000000e+00 0.000000000000000000e+00 -6.136162628935792895e-03
-8.798659442110932787e+02 1.265573169771647827e+03 2.825317702979724288e+00 0.000000000000000000e+00 0.000000000000000000e+00 8.584207490670792140e-03
-5.392999446736577056e+02 1.281384623268426139e+03 6.374319589249775930e+00 0.000000000000000000e+00 0.000000000000000000e+00 -1.448085046188296587e-02
-7.002468848120540770e+02 1.511057031562933616e+03 8.109569786138379754e-01 0.000000000000000000e+00 0.000000000000000000e+00 1.312663167958305621e-03
-4.839498200660052589e+02 1.779769929391861979e+03 -2.669514352636323196e+00 0.000000000000000000e+00 0.000000000000000000e+00 -2.255554168297280171e-02
-8.744520823955025435e+02 1.790736130571135163e+03 -7.041608270370772971e+00 0.000000000000000000e+00 0.000000000000000000e+00 2.240295195341701628e-02
-8.829022461436812819e+02 2.031860393627517624e+03 -1.281827274549753071e+01 0.000000000000000000e+00 0.000000000000000000e+00 -4.743501545022610344e-02
-5.454447362533996966e+02 2.024781250272033731e+03 -8.909329111850396998e+00 0.000000000000000000e+00 0.000000000000000000e+00 -3.453727543060125527e-02
-6.668495284999864907e+02 2.271682355058837402e+03 -1.654287211941158375e+01 0.000000000000000000e+00 0.000000000000000000e+00 -6.936255452048101233e-02
-8.619512874380490075e+02 2.530042753079554586e+03 -2.636855666283550548e+01 0.000000000000000000e+00 0.000000000000000000e+00 -4.744786627129471412e-02
-5.454722966916881433e+02 2.534207748796162832e+03 -2.308739543030674568e+01 0.000000000000000000e+00 0.000000000000000000e+00 -2.727185652728181253e-02
1.461561401374787579e+02 2.538896612811939121e+03 -2.111475494178124990e+01 0.000000000000000000e+00 0.000000000000000000e+00 -6.042834191237744790e-02
-1.952629752244568522e+02 2.524699555055854944e+03 -2.080659955148660245e+01 0.000000000000000000e+00 0.000000000000000000e+00 -5.201569549197060383e-02
-3.680775358816279663e+01 2.363249708564750108e+03 -1.571757756678844586e+01 0.000000000000000000e+00 0.000000000000000000e+00 -1.838770184829385812e-02
1.595728074323248791e+02 2.025072908182712581e+03 -6.805842426862795946e+00 0.000000000000000000e+00 0.000000000000000000e+00 -3.939175770608471794e-02
-1.949907986565255840e+02 2.030196368621365309e+03 -7.031259873685964834e+00 0.000000000000000000e+00 0.000000000000000000e+00 -6.022495736108979258e-02
1.527421638893637521e+02 1.781732390732255226e+03 -1.067690427431340794e+00 0.000000000000000000e+00 0.000000000000000000e+00 -4.407259092542048506e-02
-1.894792052361025583e+02 1.783211325062686683e+03 -1.198475110135486688e+00 0.000000000000000000e+00 0.000000000000000000e+00 -2.811608954882061084e-02
-2.388006301037689738e+01 1.536583964394436862e+03 4.165425184948684745e+00 0.000000000000000000e+00 0.000000000000000000e+00 -6.139642044380977381e-02
1.597553497677651535e+02 1.277456144000442464e+03 8.527187611651319443e+00 0.000000000000000000e+00 0.000000000000000000e+00 -3.759236965050227752e-02
-1.992567791279401206e+02 1.277738046091361639e+03 8.410891957984635070e+00 0.000000000000000000e+00 0.000000000000000000e+00 -5.462381147287231897e-02
-1.994370520947856562e+02 1.050681374679893452e+03 1.173201436057841462e+01 0.000000000000000000e+00 0.000000000000000000e+00 -6.825481578403014282e-02
1.508390540274317289e+02 1.031751306482513428e+03 1.211510519461646851e+01 0.000000000000000000e+00 0.000000000000000000e+00 -4.862172271350928554e-02
-1.907173261007006815e+01 7.866678941309803577e+02 1.510832128744331548e+01 0.000000000000000000e+00 0.000000000000000000e+00 -3.697971918418296866e-02
1.545918670926541552e+02 5.359498719709338275e+02 1.702588953735034849e+01 0.000000000000000000e+00 0.000000000000000000e+00 -6.393411270239113264e-02
-2.036231291422245420e+02 5.372167591397533215e+02 1.687718600668985403e+01 0.000000000000000000e+00 0.000000000000000000e+00 -7.302046128373973488e-02
