# x y z x_res y_res z_res
2.509303434582536738e+03 -2.438949055130292436e+03 -6.782806308407100460e+01 0.000000000000000000e+00 0.000000000000000000e+00 -6.689722117116048139e-02
2.877204053273502723e+03 -2.432372194539451812e+03 -8.241272838421782865e+01 0.000000000000000000e+00 0.000000000000000000e+00 5.910168075317301373e-03
2.693723861389847116e+03 -2.184570045855505214e+03 -6.787858727782790424e+01 0.000000000000000000e+00 0.000000000000000000e+00 -3.035176632573666211e-02
2.511823602382190984e+03 -2.024365008635294316e+03 -5.657818850736372696e+01 0.000000000000000000e+00 0.000000000000000000e+00 -5.864267064488615233e-03
2.869121151531956457e+03 -2.011024973211060797e+03 -7.076749560156341090e+01 0.000000000000000000e+00 0.000000000000000000e+00 2.307947993402592601e-02
2.506070998656372467e+03 -1.691735097548089925e+03 -4.868461742472403841e+01 0.000000000000000000e+00 0.000000000000000000e+00 6.401638055356784207e-02
2.875990965704477276e+03 -1.681964503868430256e+03 -6.362584645403895678e+01 0.000000000000000000e+00 0.000000000000000000e+00 -4.589780994376013723e-02
2.686879937897324453e+03 -1.442775828113889247e+03 -5.099972307437293750e+01 0.000000000000000000e+00 0.000000000000000000e+00 -3.778512019103175135e-02
2.504957223227578197e+03 -1.276618566458708528e+03 -4.091330581500322694e+01 0.000000000000000000e+00 0.000000000000000000e+00 1.109764187201278673e-02
2.870182855974853737e+03 -1.263776431176103870e+03 -5.574121291954232049e+01 0.000000000000000000e+00 0.000000000000000000e+00 -7.034871955339383476e-02
2.871939284207754099e+03 -9.327477579071951368e+02 -5.125637124665398403e+01 0.000000000000000000e+00 0.000000000000000000e+00 -8.743931009634309248e-02
2.501267874995529837e+03 -9.344154646949587004e+02 -3.597588113915891483e+01 0.000000000000000000e+00 0.000000000000000000e+00 4.729370307217095615e-04
2.677125257945469457e+03 -6.934610642507898319e+02 -4.049454886270950738e+01 0.000000000000000000e+00 0.000000000000000000e+00 4.086651967071475156e-03
2.505162535288816343e+03 -5.221100412575933660e+02 -3.226744881857113967e+01 0.000000000000000000e+00 0.000000000000000000e+00 -4.012733215873254267e-03
2.875607288496304136e+03 -5.172680621769970912e+02 -4.757179939158547199e+01 0.000000000000000000e+00 0.000000000000000000e+00 -1.966803986488230294e-02
2.874889709763586779e+03 -1.807343063613629113e+02 -4.596955750658532480e+01 0.000000000000000000e+00 0.000000000000000000e+00 1.526185389257506131e-02
2.499306981844557868e+03 -1.893979073480209934e+02 -3.046216920875583156e+01 0.000000000000000000e+00 0.000000000000000000e+00 6.273168085171931807e-02
2.676894180468682862e+03 6.133045656114243371e+01 -3.726911410266727387e+01 0.000000000000000000e+00 0.000000000000000000e+00 7.127032404309829872e-02
2.497273727437558136e+03 2.275431723132421098e+02 -3.034134505566584394e+01 0.000000000000000000e+00 0.000000000000000000e+00 8.462959455134821951e-02
2.861965058954384858e+03 2.371892245661498464e+02 -4.537855052056592342e+01 0.000000000000000000e+00 0.000000000000000000e+00 9.799805580016140993e-02
2.861214498021710369e+03 5.570956166446301268e+02 -4.676381645897699713e+01 0.000000000000000000e+00 0.000000000000000000e+00 8.132155933670759396e-02
2.508326213585007736e+03 5.603052285924341049e+02 -3.227040904651492781e+01 0.000000000000000000e+00 0.000000000000000000e+00 4.978455109460355743e-02
2.680875796645922037e+03 8.123809548924123192e+02 -4.116731850205347598e+01 0.000000000000000000e+00 0.000000000000000000e+00 7.315603460557440485e-02
2.496897584598461890e+03 9.704715755016402454e+02 -3.554037824483089736e+01 0.000000000000000000e+00 0.000000000000000000e+00 7.238552617389615307e-02
2.864388004398473186e+03 9.850940303471775223e+02 -5.072937648799037902e+01 0.000000000000000000e+00 0.000000000000000000e+00 3.218744937669271167e-02
2.863629721427583718e+03 1.308582969460884897e+03 -5.503824253209302242e+01 0.000000000000000000e+00 0.000000000000000000e+00 1.047647579433004239e-01
2.489683952036390565e+03 1.309016757876596785e+03 -3.985465442643712919e+01 0.000000000000000000e+00 0.000000000000000000e+00 4.127227397642485585e-02
2.665359877831424910e+03 1.554265402655946446e+03 -5.089405797789470398e+01 0.000000000000000000e+00 0.000000000000000000e+00 1.659605162446098348e-02
2.854235027723625990e+03 1.723753845087396485e+03 -6.200713564562168756e+01 0.000000000000000000e+00 0.000000000000000000e+00 2.981903233772698059e-02
2.494510650725921096e+03 1.723245553256409494e+03 -4.749965451151624052e+01 0.000000000000000000e+00 0.000000000000000000e+00 6.103275289876819443e-02
2.859073989887162952e+03 2.065763279062187394e+03 -6.978128473419012323e+01 0.000000000000000000e+00 0.000000000000000000e+00 6.505515475450351914e-02
2.489881125910961600e+03 2.060238194360410034e+03 -5.486845607677692982e+01 0.000000000000000000e+00 0.000000000000000000e+00 5.820042530658753321e-02
2.663708717427130978e+03 2.303718868995143566e+03 -6.781382984289385263e+01 0.000000000000000000e+00 0.000000000000000000e+00 9.339359639363919996e-02
2.484845717895942016e+03 2.468299266152987002e+03 -6.554658773511123115e+01 0.000000000000000000e+00 0.000000000000000000e+00 1.795195872063004572e-02
2.851983814034702846e+03 2.485856371713861790e+03 -8.058403014118871965e+01 0.000000000000000000e+00 0.000000000000000000e+00 2.633682948983562255e-02
2.175169505842688068e+03 3.280492865825267472e+03 -8.206481359468240555e+01 0.000000000000000000e+00 0.000000000000000000e+00 -2.858514540106682489e-02
2.179252974196461764e+03 2.815361679499520960e+03 -6.567472986888328990e+01 0.000000000000000000e+00 0.000000000000000000e+00 -2.741045641130313015e-02
1.992260145601988370e+03 3.053122667369999817e+03 -6.804835089287774963e+01 0.000000000000000000e+00 0.000000000000000000e+00 -5.703927980195544478e-02
1.803328513693619016e+03 3.285609038222465642e+03 -7.134739220541726468e+01 0.000000000000000000e+00 0.000000000000000000e+00 -4.310725779262725155e-02
1.809611988017524936e+03 2.810894109299314550e+03 -5.450981857129050923e+01 0.000000000000000000e+00 0.000000000000000000e+00 -1.406784098003299732e-02
1.511693442391244389e+03 3.285313198427734278e+03 -6.416243385189983428e+01 0.000000000000000000e+00 0.000000000000000000e+00 -7.097114384278313537e-02
1.506954460033893838e+03 2.868160207430569244e+03 -4.889698562226441680e+01 0.000000000000000000e+00 0.000000000000000000e+00 -2.181701887777620641e-02
1.320262250576096449e+03 3.061658883986538058e+03 -5.173888698760420368e+01 0.000000000000000000e+00 0.000000000000000000e+00 -6.786301460938659602e-02
1.119967607350689605e+03 3.283268925006698282e+03 -5.639719328925563957e+01 0.000000000000000000e+00 0.000000000000000000e+00 -3.246374129408025055e-02
1.134398142568331650e+03 2.870295501140652505e+03 -4.154829885965857272e+01 0.000000000000000000e+00 0.000000000000000000e+00 -8.178290253790976294e-02
8.421181678489475644e+02 3.277003314290181606e+03 -5.207373970058559109e+01 0.000000000000000000e+00 0.000000000000000000e+00 -5.219115413348163202e-02
8.442373981242659511e+02 2.873387295602872655e+03 -3.730883949610026207e+01 0.000000000000000000e+00 0.000000000000000000e+00 -5.135030098395532150e-02
6.510280206124746201e+02 3.049146780895490792e+03 -4.135168765256686640e+01 0.000000000000000000e+00 0.000000000000000000e+00 -6.480642468791586452e-02
4.680448124347703924e+02 3.206363186231402324e+03 -4.567265275347861575e+01 0.000000000000000000e+00 0.000000000000000000e+00 -4.181121693740408318e-02
4.592131599315366657e+02 2.858474629048958832e+03 -3.298669126836424681e+01 0.000000000000000000e+00 0.000000000000000000e+00 -2.562303614833894017e-02
1.610045145460446463e+02 3.282993912495010136e+03 -4.717851195314146651e+01 0.000000000000000000e+00 0.000000000000000000e+00 -7.434512604412191195e-02
1.632903653531601265e+02 2.859636918912752662e+03 -3.162606645266413352e+01 0.000000000000000000e+00 0.000000000000000000e+00 -5.054972639618426911e-02
-1.815215220540380514e+01 3.048669050729829905e+03 -3.813219621709657758e+01 0.000000000000000000e+00 0.000000000000000000e+00 -6.615600941560728643e-02
-2.102590070562074800e+02 3.274392210191192135e+03 -4.698056803275535742e+01 0.000000000000000000e+00 0.000000000000000000e+00 -5.173612744974320776e-02
-2.015779924565552506e+02 2.860292234235847445e+03 -3.175488797665150642e+01 0.000000000000000000e+00 0.000000000000000000e+00 -4.934636476216880396e-02
-2.042374512028225126e+02 3.273626383687091220e+03 -4.693197847495147101e+01 0.000000000000000000e+00 0.000000000000000000e+00 -4.378435235094713107e-02
-2.158482137031153911e+02 2.883030944318695674e+03 -3.258605909124069200e+01 0.000000000000000000e+00 0.000000000000000000e+00 -5.679954054723879153e-02
-5.019392429307987982e+02 3.287532517653376090e+03 -4.905379304584965894e+01 0.000000000000000000e+00 0.000000000000000000e+00 -3.727297976220711462e-02
-5.004073546932574459e+02 2.867187607632506570e+03 -3.358701744825540914e+01 0.000000000000000000e+00 0.000000000000000000e+00 -2.893469526691205829e-02
-5.082891542074979725e+02 3.210673514187243654e+03 -4.613300493184422635e+01 0.000000000000000000e+00 0.000000000000000000e+00 -4.558180841760872681e-02
-6.978959014317496212e+02 3.051932734290005556e+03 -4.193064586262899240e+01 0.000000000000000000e+00 0.000000000000000000e+00 -5.695589064700357085e-02
-8.703592884227191462e+02 3.220135086074645187e+03 -5.024587321686774999e+01 0.000000000000000000e+00 0.000000000000000000e+00 -1.944577576470862823e-02
-8.804374017729791149e+02 2.882738964630058945e+03 -3.810444518203060227e+01 0.000000000000000000e+00 0.000000000000000000e+00 -2.533506306735944236e-02
-1.161577310243053262e+03 3.271610303781135372e+03 -5.665545327541324383e+01 0.000000000000000000e+00 0.000000000000000000e+00 -6.305771373431667826e-02
-1.371233715524797390e+03 3.113941310033481841e+03 -5.467872173911102607e+01 0.000000000000000000e+00 0.000000000000000000e+00 -2.446725822900930325e-02
-1.182328311716584267e+03 3.265874327358291339e+03 -5.679753920414505330e+01 0.000000000000000000e+00 0.000000000000000000e+00 -6.884072524243833868e-02
-1.183905984431876959e+03 2.874131424413197237e+03 -4.254723025280298287e+01 0.000000000000000000e+00 0.000000000000000000e+00 -8.947310769649163831e-03
-1.368868870474914502e+03 3.035302856541317396e+03 -5.176740226990683880e+01 0.000000000000000000e+00 0.000000000000000000e+00 -2.377907907568044266e-02
-1.551179718394193287e+03 2.868120231217420042e+03 -4.991295340001579461e+01 0.000000000000000000e+00 0.000000000000000000e+00 -4.710167335743165040e-02
-1.544977443718589029e+03 3.271471017271464916e+03 -6.438622226589285447e+01 0.000000000000000000e+00 0.000000000000000000e+00 -2.319612006357374412e-02
-1.848252041628340066e+03 3.265045435684027325e+03 -7.177512350684058617e+01 0.000000000000000000e+00 0.000000000000000000e+00 -1.494133387156182380e-02
-1.846782326274087154e+03 2.845624617635580762e+03 -5.668906076329199095e+01 0.000000000000000000e+00 0.000000000000000000e+00 -2.072955117819219595e-02
-2.026109891248707299e+03 3.019502068704241537e+03 -6.786344258190237611e+01 0.000000000000000000e+00 0.000000000000000000e+00 -1.754157158421776330e-02
-2.193218587160184597e+03 3.244529226349047804e+03 -8.128489335470004562e+01 0.000000000000000000e+00 0.000000000000000000e+00 -5.871593244854977911e-02
-2.215869063203297628e+03 2.855259946945701358e+03 -6.819665319205319065e+01 0.000000000000000000e+00 0.000000000000000000e+00 -2.637045994410414096e-02
-2.515398860426725150e+03 2.504153538823024064e+03 -6.772811361904555838e+01 0.000000000000000000e+00 0.000000000000000000e+00 9.015323038707379055e-02
-2.877710979337854951e+03 2.509417136533207213e+03 -8.235130083612251894e+01 0.000000000000000000e+00 0.000000000000000000e+00 -1.835773987494349058e-03
-2.698127608821745980e+03 2.269623987578342621e+03 -6.827739230512656832e+01 0.000000000000000000e+00 0.000000000000000000e+00 4.065491088255157592e-03
-2.509356646739025109e+03 2.024697877199474533e+03 -5.474420726565284667e+01 0.000000000000000000e+00 0.000000000000000000e+00 9.647751736594045724e-03
-2.872281780899877958e+03 2.024287093287221296e+03 -6.935655886734186026e+01 0.000000000000000000e+00 0.000000000000000000e+00 1.565855187206466326e-02
-2.886137203423902520e+03 1.770664792643275177e+03 -6.433685236161664989e+01 0.000000000000000000e+00 0.000000000000000000e+00 2.851210997462771957e-02
-2.533537528145042415e+03 1.788577182200613379e+03 -5.034300338180945289e+01 0.000000000000000000e+00 0.000000000000000000e+00 4.147422850154214302e-02
-2.692588985827386750e+03 1.527057170864624595e+03 -5.150241159957428749e+01 0.000000000000000000e+00 0.000000000000000000e+00 3.388383551579465802e-02
-2.509474149939814652e+03 1.282452644170897429e+03 -4.020002596019624264e+01 0.000000000000000000e+00 0.000000000000000000e+00 2.867535239130347691e-02
-2.879002909671448379e+03 1.285422084040270192e+03 -5.535260123079158490e+01 0.000000000000000000e+00 0.000000000000000000e+00 6.224701409052357803e-02
-2.885805752124371793e+03 1.038868105022763984e+03 -5.229781341018855301e+01 0.000000000000000000e+00 0.000000000000000000e+00 -1.336520045114752975e-03
-2.508739946609247454e+03 1.031838419994837068e+03 -3.672439237493605901e+01 0.000000000000000000e+00 0.000000000000000000e+00 9.304461178734868554e-02
-2.676756159322944768e+03 8.445905985784709173e+02 -4.131194182844582485e+01 0.000000000000000000e+00 0.000000000000000000e+00 9.980737329472333386e-02
-2.873072907577364276e+03 5.357344452754937265e+02 -4.714849949520093730e+01 0.000000000000000000e+00 0.000000000000000000e+00 1.751242904997241112e-02
-2.513650706633119171e+03 5.332034301312226034e+02 -3.230336330114366206e+01 0.000000000000000000e+00 0.000000000000000000e+00 7.507282961840644475e-02
-2.862312611985807962e+03 2.589870581198679815e+02 -4.545092063915117819e+01 0.000000000000000000e+00 0.000000000000000000e+00 1.019957390866466085e-01
-2.504988895361413597e+03 2.608963063055925886e+02 -3.072875843792601458e+01 0.000000000000000000e+00 0.000000000000000000e+00 3.752772442537022357e-02
-2.691856728170547740e+03 7.653505393518419453e+01 -3.789404070834134330e+01 0.000000000000000000e+00 0.000000000000000000e+00 4.317012526110630688e-02
-2.504860021814324682e+03 -2.134108126140762636e+02 -3.074526826311695515e+01 0.000000000000000000e+00 0.000000000000000000e+00 2.042967177600019113e-02
-2.863609740725790743e+03 -2.306449265017562311e+02 -4.562004100713642174e+01 0.000000000000000000e+00 0.000000000000000000e+00 2.693409619745068539e-02
-2.480871961894402375e+03 -4.728427120601922979e+02 -3.100884842324760626e+01 0.000000000000000000e+00 0.000000000000000000e+00 5.413220258279949348e-02
-2.854873544769137879e+03 -4.884811033192985974e+02 -4.647460462577090823e+01 0.000000000000000000e+00 0.000000000000000000e+00 1.035987575932892923e-01
-2.688748196516561620e+03 -6.413426447473875669e+02 -4.052698355338558400e+01 0.000000000000000000e+00 0.000000000000000000e+00 -1.120974752056014268e-02
-2.491814217092017316e+03 -9.592861007110955143e+02 -3.591082168236802374e+01 0.000000000000000000e+00 0.000000000000000000e+00 -1.383778973750793284e-02
-2.863384964975782623e+03 -9.718975569339404501e+02 -5.135262775549844605e+01 0.000000000000000000e+00 0.000000000000000000e+00 6.747083193417324765e-03
-2.499024860692546099e+03 -1.194484994598280082e+03 -3.940255636000407691e+01 0.000000000000000000e+00 0.000000000000000000e+00 1.064120257658629498e-02
-2.863898676267264364e+03 -1.232023004503827224e+03 -5.497231920118257875e+01 0.000000000000000000e+00 0.000000000000000000e+00 9.793550784443993962e-03
-2.672857315104693043e+03 -1.453965916096695992e+03 -5.062770460028368547e+01 0.000000000000000000e+00 0.000000000000000000e+00 1.518079582441345110e-02
-2.484938451027198880e+03 -1.715123946661832861e+03 -4.837334298121548670e+01 0.000000000000000000e+00 0.000000000000000000e+00 3.023475175737644349e-02
-2.849260077313485908e+03 -1.714809520496462937e+03 -6.315668323176653587e+01 0.000000000000000000e+00 0.000000000000000000e+00 -6.017480462659818841e-03
-2.478293904540909352e+03 -1.978401140381385403e+03 -5.416581443983116628e+01 0.000000000000000000e+00 0.000000000000000000e+00 -4.030190899641183933e-03
-2.837548145205634228e+03 -1.984996101245806358e+03 -6.878147914498747184e+01 0.000000000000000000e+00 0.000000000000000000e+00 -1.129688308144238817e-02
-2.669730543733518971e+03 -2.193086935713949060e+03 -6.713804628103787309e+01 0.000000000000000000e+00 0.000000000000000000e+00 -6.056132676165759676e-02
-2.481080181013794117e+03 -2.446444873883550827e+03 -6.699159347142933996e+01 0.000000000000000000e+00 0.000000000000000000e+00 -8.850393505579745579e-02
-2.858981055966004078e+03 -2.458816515507274289e+03 -8.241334331182868311e+01 0.000000000000000000e+00 0.000000000000000000e+00 -2.274666873478281559e-02
-2.182682377044434361e+03 -2.730588440769701720e+03 -6.546976303072040082e+01 0.000000000000000000e+00 0.000000000000000000e+00 -3.937666562914898805e-02
-1.799075368574248614e+03 -2.728609372614733275e+03 -5.381613401921259765e+01 0.000000000000000000e+00 0.000000000000000000e+00 -4.330418094019705677e-02
-1.993067035542910617e+03 -2.885168702061014301e+03 -6.478660455864766732e+01 0.000000000000000000e+00 0.000000000000000000e+00 8.889948063625752184e-03
-2.186012034745182063e+03 -3.210009660616751717e+03 -8.271431226348312293e+01 0.000000000000000000e+00 0.000000000000000000e+00 -2.175319401162312261e-02
-1.808366590433764031e+03 -3.209770725971802676e+03 -7.150078896996494393e+01 0.000000000000000000e+00 0.000000000000000000e+00 -1.245543764430863121e-01
-1.522275607401644038e+03 -3.206429124939891153e+03 -6.421307317656822988e+01 0.000000000000000000e+00 0.000000000000000000e+00 7.428971782843518668e-04
-1.511420126273406368e+03 -2.710861811976461922e+03 -4.591591781958265983e+01 0.000000000000000000e+00 0.000000000000000000e+00 -4.708836602790711368e-02
-1.338155879605642895e+03 -2.946931478911154954e+03 -5.040930136477469148e+01 0.000000000000000000e+00 0.000000000000000000e+00 -1.060867611255389420e-02
-1.143518279187792132e+03 -2.722112511139802791e+03 -3.874719988435862916e+01 0.000000000000000000e+00 0.000000000000000000e+00 -3.753629924757007075e-02
-1.140817549176778130e+03 -3.204670660935981687e+03 -5.644464547964020085e+01 0.000000000000000000e+00 0.000000000000000000e+00 -1.596594322695921164e-02
-8.497409639846345044e+02 -3.205453567764907348e+03 -5.205285499355237988e+01 0.000000000000000000e+00 0.000000000000000000e+00 -4.131404691735696133e-02
-8.438005465213741445e+02 -2.702013635804558362e+03 -3.342787713501078883e+01 0.000000000000000000e+00 0.000000000000000000e+00 2.569660817486862925e-02
-6.687204159547790141e+02 -2.951191287334831031e+03 -4.020960245334234173e+01 0.000000000000000000e+00 0.000000000000000000e+00 -2.840265479633785617e-03
-4.654911048349061957e+02 -2.707967232512258761e+03 -2.975928826233432645e+01 0.000000000000000000e+00 0.000000000000000000e+00 -7.206540547397111141e-03
-4.802232689835680617e+02 -3.199039342983219740e+03 -4.802940260972032149e+01 0.000000000000000000e+00 0.000000000000000000e+00 -3.653799643103639028e-02
-1.655408525170493022e+02 -2.716514325184689824e+03 -2.856917933658678521e+01 0.000000000000000000e+00 0.000000000000000000e+00 -4.358494572062454608e-02
-1.697625953312963247e+02 -3.204109425121678669e+03 -4.667830608055813713e+01 0.000000000000000000e+00 0.000000000000000000e+00 3.610961404236689987e-02
1.083320831832179110e+01 -2.946622377821120153e+03 -3.656862969636348737e+01 0.000000000000000000e+00 0.000000000000000000e+00 -2.838164915819163525e-02
2.019854890305047093e+02 -2.717897820829031389e+03 -2.872176259418521127e+01 0.000000000000000000e+00 0.000000000000000000e+00 -4.810489630497372104e-02
2.060936883227657574e+02 -3.201766180379370780e+03 -4.669025545892128548e+01 0.000000000000000000e+00 0.000000000000000000e+00 -1.051212535286651928e-01
5.008655405288592988e+02 -3.200008026411970150e+03 -4.822349257407667267e+01 0.000000000000000000e+00 0.000000000000000000e+00 -2.760366634448985224e-02
4.886881924442293439e+02 -2.692616693525152186e+03 -2.940867228274247935e+01 0.000000000000000000e+00 0.000000000000000000e+00 -2.950310772956044048e-02
6.745880657877568183e+02 -2.964238767487168388e+03 -4.075323962000305755e+01 0.000000000000000000e+00 0.000000000000000000e+00 -5.016488036005739559e-02
8.700274505470287068e+02 -2.706728994489330944e+03 -3.393906008544573183e+01 0.000000000000000000e+00 0.000000000000000000e+00 4.104017014371663663e-02
8.682092975603040941e+02 -3.199845666360917676e+03 -5.207398837045774087e+01 0.000000000000000000e+00 0.000000000000000000e+00 8.818685106760426606e-03
1.162929558437125934e+03 -3.201967210371332385e+03 -5.672610956673181448e+01 0.000000000000000000e+00 0.000000000000000000e+00 -1.564216239665228159e-02
1.160421838143795640e+03 -2.712834997107074742e+03 -3.873344665035753565e+01 0.000000000000000000e+00 0.000000000000000000e+00 -4.920944521883541256e-02
1.345633058771821652e+03 -2.949490767028084974e+03 -5.065646014606867453e+01 0.000000000000000000e+00 0.000000000000000000e+00 6.465814656813506645e-03
1.537563327367968441e+03 -2.708315915443414724e+03 -4.644375188435505208e+01 0.000000000000000000e+00 0.000000000000000000e+00 1.483441896534998250e-02
1.546983478588875414e+03 -3.192817184272023951e+03 -6.425531971111789176e+01 0.000000000000000000e+00 0.000000000000000000e+00 -8.578497494147541147e-02
1.839842113651302498e+03 -3.192751166893744994e+03 -7.170265213573755148e+01 0.000000000000000000e+00 0.000000000000000000e+00 1.000465699358414895e-01
1.830080281436713904e+03 -2.701706855700626420e+03 -5.377389141029695452e+01 0.000000000000000000e+00 0.000000000000000000e+00 -1.064445179683559672e-02
2.014113149330617489e+03 -2.942936629807876216e+03 -6.746831443221012137e+01 0.000000000000000000e+00 0.000000000000000000e+00 -7.037154070732754008e-02
2.204985610461550550e+03 -2.693615645720041357e+03 -6.498567972670656445e+01 0.000000000000000000e+00 0.000000000000000000e+00 -7.984923453058456744e-02
2.210580448487216927e+03 -3.187728786027292244e+03 -8.266419991569006243e+01 0.000000000000000000e+00 0.000000000000000000e+00 -4.040502332253481654e-02
2.202640263308687281e+03 -2.436201193448771392e+03 -5.681654996240516908e+01 0.000000000000000000e+00 0.000000000000000000e+00 -4.098252841423288828e-03
2.024414340961036032e+03 -2.192127413336768768e+03 -4.404026422290750986e+01 0.000000000000000000e+00 0.000000000000000000e+00 3.838714015553534864e-02
1.837441808210523959e+03 -2.453297449571495235e+03 -4.604336116136001067e+01 0.000000000000000000e+00 0.000000000000000000e+00 -4.085558246462994703e-02
2.208170642890983800e+03 -1.963842819977373665e+03 -4.410599795087811970e+01 0.000000000000000000e+00 0.000000000000000000e+00 -3.816747767088202181e-02
1.836578881647921435e+03 -1.973338643997817826e+03 -3.269896209186809699e+01 0.000000000000000000e+00 0.000000000000000000e+00 2.036330791028717613e-03
1.535974184955566670e+03 -2.460674872757282174e+03 -3.841219470962757754e+01 0.000000000000000000e+00 0.000000000000000000e+00 -1.474741668506140968e-02
1.348345911376867662e+03 -2.217509568124295583e+03 -2.701985491798858163e+01 0.000000000000000000e+00 0.000000000000000000e+00 8.767115609748543648e-02
1.161474640412269309e+03 -2.449805661776735178e+03 -3.020780129602851716e+01 0.000000000000000000e+00 0.000000000000000000e+00 6.178760835188867873e-02
1.543082125441689868e+03 -1.970680439639580072e+03 -2.487820867436826333e+01 0.000000000000000000e+00 0.000000000000000000e+00 -2.325224690500604652e-02
1.167411694223060522e+03 -1.977863810397793031e+03 -1.703998137571985794e+01 0.000000000000000000e+00 0.000000000000000000e+00 1.200185446345862772e-01
8.733394037658511024e+02 -2.465961812932405792e+03 -2.611553619766337775e+01 0.000000000000000000e+00 0.000000000000000000e+00 9.186548999827337525e-02
6.803145232483847167e+02 -2.224666770397031087e+03 -1.654578676064086906e+01 0.000000000000000000e+00 0.000000000000000000e+00 4.347411535555423256e-02
4.946152308505938322e+02 -2.465868116415517761e+03 -2.203582091862441317e+01 0.000000000000000000e+00 0.000000000000000000e+00 5.872725571489212371e-03
8.685803319354860150e+02 -1.974764682100767459e+03 -1.214204785560468380e+01 0.000000000000000000e+00 0.000000000000000000e+00 5.064313531916653233e-02
5.017707208416773028e+02 -1.983444746541333188e+03 -8.364967329561000753e+00 0.000000000000000000e+00 0.000000000000000000e+00 8.761518697646408782e-04
1.970775577743706890e+02 -2.460128817823632289e+03 -2.023166978984673747e+01 0.000000000000000000e+00 0.000000000000000000e+00 3.896728070831656510e-02
7.628318976640089843e+00 -2.228291335880694533e+03 -1.297896941040875873e+01 0.000000000000000000e+00 0.000000000000000000e+00 -2.023943572144304426e-02
-1.699444218052412623e+02 -2.465661484663346073e+03 -2.032666790044250149e+01 0.000000000000000000e+00 0.000000000000000000e+00 -1.216927885381835495e-02
2.060037275698743144e+02 -1.989170622643978049e+03 -6.842331960007225433e+00 0.000000000000000000e+00 0.000000000000000000e+00 -1.845485427875104278e-03
-1.665509013688443929e+02 -1.982092400966965442e+03 -6.544254294427648944e+00 0.000000000000000000e+00 0.000000000000000000e+00 -1.213859981920251130e-03
-4.764218368353136839e+02 -2.456462862841044625e+03 -2.160188349067142610e+01 0.000000000000000000e+00 0.000000000000000000e+00 2.646372202919877736e-02
-6.681906482328676020e+02 -2.225509355916337881e+03 -1.644029758120689877e+01 0.000000000000000000e+00 0.000000000000000000e+00 -1.757051809840248779e-02
-8.448270401954504223e+02 -2.458959650365383368e+03 -2.551198891267709001e+01 0.000000000000000000e+00 0.000000000000000000e+00 2.268073976704698680e-02
-4.705280270706385295e+02 -1.978699512512312140e+03 -8.002115854372629400e+00 0.000000000000000000e+00 0.000000000000000000e+00 -3.716513606152815896e-02
-8.419039888175200304e+02 -1.972956266256751860e+03 -1.173396899471583765e+01 0.000000000000000000e+00 0.000000000000000000e+00 7.644119361088996811e-03
-1.144401259327879870e+03 -2.460602906368492313e+03 -3.023486531192667215e+01 0.000000000000000000e+00 0.000000000000000000e+00 6.528195103767941987e-02
-1.329686731853738365e+03 -2.223915127205982571e+03 -2.680841359910669652e+01 0.000000000000000000e+00 0.000000000000000000e+00 4.165430149921434122e-03
-1.513409414255830143e+03 -2.464396189246723225e+03 -3.799329278268206167e+01 0.000000000000000000e+00 0.000000000000000000e+00 -9.312832956950956032e-03
-1.137005903240859880e+03 -1.975521509965969926e+03 -1.642687239675443323e+01 0.000000000000000000e+00 0.000000000000000000e+00 -5.669244620536773027e-02
-1.514118284042230243e+03 -1.984733328716442202e+03 -2.453629837033161820e+01 0.000000000000000000e+00 0.000000000000000000e+00 9.246332085674779933e-02
-1.813472826975409362e+03 -2.465312362922340526e+03 -4.573773987216523551e+01 0.000000000000000000e+00 0.000000000000000000e+00 3.500258926389676617e-02
-2.004271611777285671e+03 -2.218983091963117658e+03 -4.415444040040343054e+01 0.000000000000000000e+00 0.000000000000000000e+00 -3.510189809716734999e-03
-2.179933212445526806e+03 -2.466165552327355726e+03 -5.696394634251484490e+01 0.000000000000000000e+00 0.000000000000000000e+00 2.716000114943994959e-02
-1.805282008336314675e+03 -1.978602456996288311e+03 -3.194221486990179670e+01 0.000000000000000000e+00 0.000000000000000000e+00 -4.548452036313932467e-02
-2.176966334979504609e+03 -1.988289118145254406e+03 -4.365573796442524213e+01 0.000000000000000000e+00 0.000000000000000000e+00 -9.947536274567880810e-02
-2.181690677278101703e+03 -1.733044049349393617e+03 -3.785672090009285284e+01 0.000000000000000000e+00 0.000000000000000000e+00 8.985443986304630926e-03
-1.819392662636323848e+03 -1.732664209644657149e+03 -2.656335311860379633e+01 0.000000000000000000e+00 0.000000000000000000e+00 8.584532980333037244e-02
-2.004900432114375235e+03 -1.480091533543339892e+03 -2.695908451966186092e+01 0.000000000000000000e+00 0.000000000000000000e+00 -3.244355250390285050e-02
-2.195221292604898281e+03 -1.242434054025024579e+03 -2.908431837508050677e+01 0.000000000000000000e+00 0.000000000000000000e+00 -2.814591408359490288e-03
-1.812963353878547878e+03 -1.243545117651746523e+03 -1.710246779692538865e+01 0.000000000000000000e+00 0.000000000000000000e+00 -1.003834265986824903e-02
-1.528904520475294476e+03 -1.234396042269125246e+03 -9.459949231433842698e+00 0.000000000000000000e+00 0.000000000000000000e+00 2.681316660985899603e-02
-1.525352882526194890e+03 -1.719730124909946881e+03 -1.855462800619061525e+01 0.000000000000000000e+00 0.000000000000000000e+00 4.771551447506894306e-02
-1.342298001545105308e+03 -1.471575658524423716e+03 -9.333053201275983923e+00 0.000000000000000000e+00 0.000000000000000000e+00 4.021390803471192044e-02
-1.149507289558736602e+03 -1.228334202773449533e+03 -1.285558797278628873e+00 0.000000000000000000e+00 0.000000000000000000e+00 4.146721347486348463e-02
-1.154129384945391848e+03 -1.746064716364322294e+03 -1.127178458767189895e+01 0.000000000000000000e+00 0.000000000000000000e+00 -2.084237994651161330e-02
-8.566373969397044448e+02 -1.738631066256688200e+03 -6.348699866947232096e+00 0.000000000000000000e+00 0.000000000000000000e+00 5.057957903922272180e-04
-8.576786291072668291e+02 -1.223306919080054968e+03 3.475166087941238047e+00 0.000000000000000000e+00 0.000000000000000000e+00 -3.567702418916240958e-04
-6.671614902732617338e+02 -1.402949493876311408e+03 2.755563039577864970e+00 0.000000000000000000e+00 0.000000000000000000e+00 -1.217522165280797708e-01
-4.853467355838427579e+02 -1.231595150117290359e+03 7.354037632474341279e+00 0.000000000000000000e+00 0.000000000000000000e+00 -4.734300497123200557e-03
-4.829581821152238490e+02 -1.723128700477955135e+03 -2.006741577551913736e+00 0.000000000000000000e+00 0.000000000000000000e+00 8.314444753740701799e-02
-1.856328347658045459e+02 -1.720006354374511147e+03 -3.463296382952414376e-01 0.000000000000000000e+00 0.000000000000000000e+00 1.382673854083193987e-02
-1.791605837676061697e+02 -1.227962766216199725e+03 9.047260212940519963e+00 0.000000000000000000e+00 0.000000000000000000e+00 3.168909059836444442e-02
1.728546129461458802e+00 -1.477054062156293639e+03 4.947251934515275451e+00 0.000000000000000000e+00 0.000000000000000000e+00 4.267230998553017685e-02
1.909596944718629459e+02 -1.215334187284832296e+03 9.211758689304364367e+00 0.000000000000000000e+00 0.000000000000000000e+00 -4.462249291628594960e-02
1.839633972054882349e+02 -1.715368416078344126e+03 -2.385729326125591854e-01 0.000000000000000000e+00 0.000000000000000000e+00 -9.658121585623646865e-02
4.922095647483523635e+02 -1.718033682909454456e+03 -1.965867155307975622e+00 0.000000000000000000e+00 0.000000000000000000e+00 4.353950445434406902e-03
4.862797342809664087e+02 -1.216458458471402537e+03 7.586368677168804808e+00 0.000000000000000000e+00 0.000000000000000000e+00 5.375835124763561623e-02
6.728772384948874787e+02 -1.482651532308989545e+03 1.209429538849846608e+00 0.000000000000000000e+00 0.000000000000000000e+00 4.149861449421621273e-02
8.668331083940906865e+02 -1.719881892824189208e+03 -6.071708337690179036e+00 0.000000000000000000e+00 0.000000000000000000e+00 6.493829418655039376e-02
8.694654732815716898e+02 -1.223954702001208034e+03 3.301935196646667237e+00 0.000000000000000000e+00 0.000000000000000000e+00 -3.650186142841960191e-03
1.148614289586663745e+03 -1.222176323132189964e+03 -1.171911795324358962e+00 0.000000000000000000e+00 0.000000000000000000e+00 -5.264288551495255319e-02
1.171491591137764090e+03 -1.718205269678742525e+03 -1.097334034456475038e+01 0.000000000000000000e+00 0.000000000000000000e+00 -2.111749499308857025e-02
1.339869430446076649e+03 -1.386776575176448659e+03 -7.724435366517681700e+00 0.000000000000000000e+00 0.000000000000000000e+00 -3.778245366985544251e-02
1.524966413478400909e+03 -1.213989142226974309e+03 -9.043621074337210075e+00 0.000000000000000000e+00 0.000000000000000000e+00 1.940419323813102892e-02
1.535091953273591116e+03 -1.721800087950092802e+03 -1.883500243072462155e+01 0.000000000000000000e+00 0.000000000000000000e+00 -3.644320047430227305e-02
1.830727839975841562e+03 -1.721775285666633863e+03 -2.664840753937181717e+01 0.000000000000000000e+00 0.000000000000000000e+00 -6.431940684322512425e-03
1.826939524389030566e+03 -1.216187102827089120e+03 -1.707214135239356523e+01 0.000000000000000000e+00 0.000000000000000000e+00 -8.774845756438764965e-02
2.021466118157175060e+03 -1.478759192667740081e+03 -2.745512770120473078e+01 0.000000000000000000e+00 0.000000000000000000e+00 -3.998780234060461680e-02
2.193695800283126118e+03 -1.209131179808433899e+03 -2.851277012287639678e+01 0.000000000000000000e+00 0.000000000000000000e+00 -7.228499087998585537e-02
2.200189559761814053e+03 -1.706599065317106579e+03 -3.791197911392632136e+01 0.000000000000000000e+00 0.000000000000000000e+00 -2.121080047071188801e-02
1.526415135715347105e+03 -9.782055240634629172e+02 -5.752664703302560412e+00 0.000000000000000000e+00 0.000000000000000000e+00 -3.906164770517150941e-02
1.535395829943357739e+03 -9.765496061023256971e+02 -5.949950800646547577e+00 0.000000000000000000e+00 0.000000000000000000e+00 1.298111251069897776e-01
1.175370492780078166e+03 -9.562522950782899898e+02 2.069387504093931796e+00 0.000000000000000000e+00 0.000000000000000000e+00 9.363188022774693309e-03
1.350828251276149558e+03 -7.195040716109169807e+02 1.099001900615633076e+00 0.000000000000000000e+00 0.000000000000000000e+00 5.909133931804433360e-02
1.162911926040331082e+03 -4.647523895036314343e+02 6.820399632069921836e+00 0.000000000000000000e+00 0.000000000000000000e+00 4.191878839829854542e-03
1.530431402075218784e+03 -4.619742926797920859e+02 -1.040843274606636726e+00 0.000000000000000000e+00 0.000000000000000000e+00 -7.178731172790264736e-02
2.209775177432693908e+03 -2.157626756159505135e+02 -1.993559163854189009e+01 0.000000000000000000e+00 0.000000000000000000e+00 4.249113615255595278e-03
1.835094348517792696e+03 -2.186437326123461844e+02 -8.056441246736369521e+00 0.000000000000000000e+00 0.000000000000000000e+00 4.939031785611547321e-02
2.028273820533613389e+03 3.244164391956208959e+01 -1.356974645202145524e+01 0.000000000000000000e+00 0.000000000000000000e+00 7.018207077698690455e-02
1.843505095220121575e+03 1.975503544349350307e+02 -8.158116627455573422e+00 0.000000000000000000e+00 0.000000000000000000e+00 -2.921054769377207094e-03
2.186281449161928322e+03 2.138037320955145049e+02 -1.900502635869369428e+01 0.000000000000000000e+00 0.000000000000000000e+00 1.397350556809939803e-02
1.545855715786439305e+03 -2.179838227588499251e+02 -3.266476833641895894e-01 0.000000000000000000e+00 0.000000000000000000e+00 1.124091454571285453e-02
1.164849912076086866e+03 -2.135737708316790133e+02 7.895897046578134848e+00 0.000000000000000000e+00 0.000000000000000000e+00 -2.003789511608289331e-03
1.355091664711269459e+03 2.284132951479574913e+01 4.393890464011491304e+00 0.000000000000000000e+00 0.000000000000000000e+00 1.190493853577834216e-02
1.182883941061177438e+03 2.788573662040557224e+02 7.400703629179501419e+00 0.000000000000000000e+00 0.000000000000000000e+00 -4.243249427551276654e-03
1.531412167509909978e+03 2.870021366606515585e+02 -1.181980128388424589e-01 0.000000000000000000e+00 0.000000000000000000e+00 4.034491453304056563e-02
1.544945337094262186e+03 5.256414167177517811e+02 -1.631852485182175627e+00 0.000000000000000000e+00 0.000000000000000000e+00 3.256165006998301692e-02
1.167279874123338232e+03 5.268087144160122079e+02 6.449330740692831299e+00 0.000000000000000000e+00 0.000000000000000000e+00 1.427630166450377658e-02
1.352070616756242543e+03 7.768945165044312944e+02 7.460177570339610043e-01 0.000000000000000000e+00 0.000000000000000000e+00 -8.696826524769107891e-03
1.529716228608082702e+03 1.037187810509893552e+03 -6.189514225564327177e+00 0.000000000000000000e+00 0.000000000000000000e+00 5.509418071290284047e-02
1.162959506620696402e+03 1.033159811454657302e+03 1.606387614961725774e+00 0.000000000000000000e+00 0.000000000000000000e+00 2.040685654664287085e-02
1.168745028653049303e+03 1.261588583871981655e+03 -1.753668345593496269e+00 0.000000000000000000e+00 0.000000000000000000e+00 4.889340242889517185e-02
1.525410846853502790e+03 1.297559850218315660e+03 -9.826294207679634241e+00 0.000000000000000000e+00 0.000000000000000000e+00 4.317303088565083158e-02
1.349105047495393592e+03 1.535860068646070886e+03 -1.003084820465426574e+01 0.000000000000000000e+00 0.000000000000000000e+00 -6.550694947843993532e-03
1.138600038874527172e+03 1.780269789111502632e+03 -1.094142038561875196e+01 0.000000000000000000e+00 0.000000000000000000e+00 -2.797685640885916314e-02
1.531708909607732949e+03 1.781878835518010646e+03 -1.909786439784802781e+01 0.000000000000000000e+00 0.000000000000000000e+00 -2.722642699288968515e-02
1.529370191809158086e+03 2.039206413849614592e+03 -2.501565746088584064e+01 0.000000000000000000e+00 0.000000000000000000e+00 6.766106965431362141e-02
1.159603598049661969e+03 2.035251082864513364e+03 -1.726774837204953172e+01 0.000000000000000000e+00 0.000000000000000000e+00 1.592312930883821309e-02
1.344981554114483743e+03 2.264382346951964337e+03 -2.681958772552136594e+01 0.000000000000000000e+00 0.000000000000000000e+00 2.156358018901016749e-03
1.162150294656772303e+03 2.430029247892586682e+03 -2.801431933643782912e+01 0.000000000000000000e+00 0.000000000000000000e+00 3.802826879181253616e-02
1.544472360793608686e+03 2.457076302177222260e+03 -3.669609823534165116e+01 0.000000000000000000e+00 0.000000000000000000e+00 5.920850847873282419e-02
1.821131633924101152e+03 2.535510759175342628e+03 -4.608915030572092775e+01 0.000000000000000000e+00 0.000000000000000000e+00 5.396942613861455129e-02
2.161309767403991373e+03 2.561531641938120174e+03 -5.706661188343528579e+01 0.000000000000000000e+00 0.000000000000000000e+00 4.018674211489781101e-02
2.015069324110876323e+03 2.302695978263498546e+03 -4.500437592104927376e+01 0.000000000000000000e+00 0.000000000000000000e+00 2.038041477285901237e-02
2.185677129234446511e+03 2.043432903678094590e+03 -4.371803388175024452e+01 0.000000000000000000e+00 0.000000000000000000e+00 2.987780817474572359e-02
1.817291133455295267e+03 2.032579498340397549e+03 -3.223083776334613049e+01 0.000000000000000000e+00 0.000000000000000000e+00 4.064735065094282618e-02
2.184693955594028012e+03 1.791933190823338691e+03 -3.792469611451573996e+01 0.000000000000000000e+00 0.000000000000000000e+00 -1.207517377415001647e-02
1.816344622781504313e+03 1.777693753115536310e+03 -2.634379788679786571e+01 0.000000000000000000e+00 0.000000000000000000e+00 -4.578708082441096394e-03
2.016584982791915309e+03 1.555007134442121696e+03 -2.775456678967897872e+01 0.000000000000000000e+00 0.000000000000000000e+00 1.152157802536990516e-02
2.200726336316171455e+03 1.291851892287985720e+03 -2.920779368372161144e+01 0.000000000000000000e+00 0.000000000000000000e+00 -1.737976229988902332e-02
1.818426210114180549e+03 1.276905874253309094e+03 -1.711407167523583084e+01 0.000000000000000000e+00 0.000000000000000000e+00 6.000766127445089637e-02
1.842791908122300811e+03 1.037121360529200274e+03 -1.442406371526625009e+01 0.000000000000000000e+00 0.000000000000000000e+00 1.386231116284619702e-02
2.177183120834189594e+03 1.047485214912156835e+03 -2.497234418367297337e+01 0.000000000000000000e+00 0.000000000000000000e+00 8.038995150002392620e-03
2.022163800285633670e+03 7.956444507528085524e+02 -1.712602718121151213e+01 0.000000000000000000e+00 0.000000000000000000e+00 3.336582102131302463e-02
2.184453198557820997e+03 5.417105504511728213e+02 -2.039211041399103408e+01 0.000000000000000000e+00 0.000000000000000000e+00 -2.097203589345753016e-02
1.829738056725544993e+03 5.470911438640507640e+02 -9.319825177595948418e+00 0.000000000000000000e+00 0.000000000000000000e+00 4.276423606661339250e-02
2.193403584480678546e+03 -9.803865910709857872e+02 -2.530743464006196675e+01 0.000000000000000000e+00 0.000000000000000000e+00 3.421825684956303348e-03
1.835876055650298667e+03 -9.795923000977129504e+02 -1.399783407466525986e+01 0.000000000000000000e+00 0.000000000000000000e+00 -1.391039154946227541e-02
2.012495561970944891e+03 -7.218573411282513916e+02 -1.652111590251801232e+01 0.000000000000000000e+00 0.000000000000000000e+00 4.257592700543000319e-02
2.200193370746822893e+03 -5.447944776358751824e+02 -2.126192043074491167e+01 0.000000000000000000e+00 0.000000000000000000e+00 1.649975752929933037e-02
1.823889171850871207e+03 -5.569110361767282029e+02 -9.459047886952102857e+00 0.000000000000000000e+00 0.000000000000000000e+00 -4.944475156537819771e-02
1.829929499771871406e+03 -5.719282370430723859e+02 -9.743351635756798856e+00 0.000000000000000000e+00 0.000000000000000000e+00 7.398739679484478415e-02
5.017060147595423700e+02 2.529683410380804162e+03 -2.259724472576452925e+01 0.000000000000000000e+00 0.000000000000000000e+00 5.381859038383396410e-03
8.501492647704006913e+02 2.544063441179316214e+03 -2.664437550936193233e+01 0.000000000000000000e+00 0.000000000000000000e+00 -1.709256955620119811e-02
6.817196151793010586e+02 2.284629601714519140e+03 -1.705721002810130926e+01 0.000000000000000000e+00 0.000000000000000000e+00 -1.010226748908849004e-02
8.781365611073209720e+02 2.053468402568666079e+03 -1.329391323621134902e+01 0.000000000000000000e+00 0.000000000000000000e+00 2.659858166583362049e-02
4.841436896813693807e+02 2.032098535325294051e+03 -8.602395074241261597e+00 0.000000000000000000e+00 0.000000000000000000e+00 -2.595605960766889098e-02
5.007646207595577152e+02 1.790481701468052051e+03 -3.035139322839064846e+00 0.000000000000000000e+00 0.000000000000000000e+00 4.158920783872588345e-03
8.541246505862471849e+02 1.772869226086214439e+03 -6.375956855888158969e+00 0.000000000000000000e+00 0.000000000000000000e+00 -3.376604626648926910e-02
6.835193131747479356e+02 1.620117030829218720e+03 -1.126998165271867691e+00 0.000000000000000000e+00 0.000000000000000000e+00 -2.016066642200442516e-02
8.563148559660825185e+02 1.303040933056228823e+03 2.547050048622505614e+00 0.000000000000000000e+00 0.000000000000000000e+00 1.658664991146352463e-02
4.614004085620705382e+02 1.271730738971481514e+03 7.142306686376681313e+00 0.000000000000000000e+00 0.000000000000000000e+00 -1.613238176292242088e-02
5.036692527121981016e+02 1.058208817781516700e+03 9.940515647860484805e+00 0.000000000000000000e+00 0.000000000000000000e+00 2.221763105122143145e-02
8.813522001937262758e+02 1.053120539524541755e+03 5.878921717926086643e+00 0.000000000000000000e+00 0.000000000000000000e+00 2.229934869897576277e-02
8.635680291774476700e+02 1.023430294277017992e+03 6.509271258957586070e+00 0.000000000000000000e+00 0.000000000000000000e+00 3.492830542719360665e-02
6.893495462518212662e+02 7.993311893485565633e+02 1.121261473502069350e+01 0.000000000000000000e+00 0.000000000000000000e+00 3.608941615297567296e-02
8.775270748236855525e+02 5.491071390601341591e+02 1.099760333318481287e+01 0.000000000000000000e+00 0.000000000000000000e+00 6.316067992174723145e-02
4.788904323481976917e+02 5.307594479520041659e+02 1.542362400867095573e+01 0.000000000000000000e+00 0.000000000000000000e+00 1.133527524442357048e-02
5.365567977386015173e+02 2.783928307163561726e+02 1.625248342079438757e+01 0.000000000000000000e+00 0.000000000000000000e+00 1.630824220007198733e-02
8.877883998977312103e+02 2.854897232128668065e+02 1.223670409515114876e+01 0.000000000000000000e+00 0.000000000000000000e+00 3.412885079674410349e-03
6.740515910138631170e+02 1.186945808951892047e+02 1.532329288320368477e+01 0.000000000000000000e+00 0.000000000000000000e+00 -3.771411202907870575e-02
8.777341956297937031e+02 -1.351233914713681941e+02 1.275892841486885487e+01 0.000000000000000000e+00 0.000000000000000000e+00 7.390951171522885943e-03
4.852139254152422154e+02 -1.416990900648188756e+02 1.703138689776398706e+01 0.000000000000000000e+00 0.000000000000000000e+00 1.110100192242313710e-02
4.756773890111329024e+02 -2.589758482470977015e+02 1.680113077558572598e+01 0.000000000000000000e+00 0.000000000000000000e+00 1.021536626385355362e-02
5.099578375657696938e+02 -4.499871684177271050e+02 1.565514755037148120e+01 0.000000000000000000e+00 0.000000000000000000e+00 1.747807904964560066e-02
8.736918600311917089e+02 -4.634222410486902390e+02 1.153846067908618167e+01 0.000000000000000000e+00 0.000000000000000000e+00 3.872956258774706839e-03
6.970819941051277056e+02 -6.212265775185123857e+02 1.265568445249652996e+01 0.000000000000000000e+00 0.000000000000000000e+00 1.416870211224008358e-02
8.897110221993806363e+02 -8.856906529253965346e+02 7.627260021924810118e+00 0.000000000000000000e+00 0.000000000000000000e+00 -2.183592807801382207e-02
5.186485390698475157e+02 -8.870259070012045868e+02 1.180638493034173919e+01 0.000000000000000000e+00 0.000000000000000000e+00 -2.109029485460212072e-02
1.837833616125224978e+02 -9.954394495512840422e+02 1.237863935675230742e+01 0.000000000000000000e+00 0.000000000000000000e+00 -4.125758940991097745e-02
-1.853385127740120026e+02 -9.900730610185455589e+02 1.244294797844636591e+01 0.000000000000000000e+00 0.000000000000000000e+00 -3.910796269750704823e-02
1.017327248684135022e+01 -7.630975089021326312e+02 1.529212967865924711e+01 0.000000000000000000e+00 0.000000000000000000e+00 -1.679132213515543981e-02
1.826645631696670762e+02 -5.769837990200337572e+02 1.663573183088034213e+01 0.000000000000000000e+00 0.000000000000000000e+00 1.838081605380281758e-02
-1.729032691113729641e+02 -5.827056091514723448e+02 1.662081838933053035e+01 0.000000000000000000e+00 0.000000000000000000e+00 -6.328935233509724867e-02
-4.756016020430454319e+02 -4.766941669738747009e+02 1.576735322328034883e+01 0.000000000000000000e+00 0.000000000000000000e+00 -2.460361953932732604e-03
-8.412268704820655785e+02 -4.812137574086183918e+02 1.187569972790379680e+01 0.000000000000000000e+00 0.000000000000000000e+00 3.946361504769768658e-02
-6.800782051716446404e+02 -7.484750145072807754e+02 1.171678967750956524e+01 0.000000000000000000e+00 0.000000000000000000e+00 -2.317512411932831640e-02
-4.842006076564833847e+02 -9.881601544271825333e+02 1.085766045087737020e+01 0.000000000000000000e+00 0.000000000000000000e+00 -3.617062516715741083e-02
-8.475333570494789228e+02 -9.984438481122610938e+02 6.841357752511019186e+00 0.000000000000000000e+00 0.000000000000000000e+00 4.275697849321957733e-02
-1.151545801009258639e+03 -9.948214525052294448e+02 2.026098541083364069e+00 0.000000000000000000e+00 0.000000000000000000e+00 1.770796337999058778e-02
-1.526584617703523008e+03 -1.010031491872527113e+03 -6.164455439077013210e+00 0.000000000000000000e+00 0.000000000000000000e+00 2.709624766910323501e-02
-1.345932794637489224e+03 -7.632436903610980607e+02 7.846763994978012136e-01 0.000000000000000000e+00 0.000000000000000000e+00 -5.802915237107342250e-02
-1.512236927312942498e+03 -4.985417509738130661e+02 -8.302297373007583303e-01 0.000000000000000000e+00 0.000000000000000000e+00 7.870144129342193651e-02
-1.174013386664068094e+03 -5.074945875274237324e+02 6.343587487605072184e+00 0.000000000000000000e+00 0.000000000000000000e+00 -1.071077752444971054e-02
-1.808581796199493056e+03 -4.755331259227909868e+02 -8.472863987317776235e+00 0.000000000000000000e+00 0.000000000000000000e+00 -4.176106329736839484e-02
-2.176624650983159427e+03 -4.859615713278985822e+02 -2.005980012266513413e+01 0.000000000000000000e+00 0.000000000000000000e+00 -5.341340271758809877e-03
-1.997566130175155195e+03 -7.401797947143918464e+02 -1.622390106097511975e+01 0.000000000000000000e+00 0.000000000000000000e+00 6.013189838007804155e-04
-2.181138100703547025e+03 -9.866542249893655026e+02 -2.496737712134037324e+01 0.000000000000000000e+00 0.000000000000000000e+00 -1.361373391565123825e-02
-1.833173164322652610e+03 -1.004593597588242801e+03 -1.423844779233275659e+01 0.000000000000000000e+00 0.000000000000000000e+00 -2.797545582147620280e-03
-2.172605310538015146e+03 -2.689493662165435808e+02 -1.883877268336821942e+01 0.000000000000000000e+00 0.000000000000000000e+00 3.471685750593422881e-02
-2.192568699735270457e+03 1.409653975112541673e+02 -1.907871613919684606e+01 0.000000000000000000e+00 0.000000000000000000e+00 -2.170479234544941960e-02
-2.026451207916988324e+03 -2.637369980567291705e+01 -1.352389110969011554e+01 0.000000000000000000e+00 0.000000000000000000e+00 3.018127576887863484e-02
-1.812500096609971706e+03 2.441403201334663038e+02 -7.387130387191430003e+00 0.000000000000000000e+00 0.000000000000000000e+00 -5.694454144098770598e-02
-1.838077070608494751e+03 -2.398248314529465972e+02 -8.208369522957084996e+00 0.000000000000000000e+00 0.000000000000000000e+00 -7.995764641080427282e-03
-1.539478447686112986e+03 -2.648460364725642648e+02 -3.213435895538943043e-01 0.000000000000000000e+00 0.000000000000000000e+00 -5.732410741547511179e-03
-1.525496529775830822e+03 2.585755093679507013e+02 1.182979853018295557e-01 0.000000000000000000e+00 0.000000000000000000e+00 -4.012907186243097613e-02
-1.354631385619552020e+03 -2.122565615403050998e+01 4.399006318455059628e+00 0.000000000000000000e+00 0.000000000000000000e+00 1.644245715563918964e-02
-1.145131270929775383e+03 2.765872157080840452e+02 8.106457779756066628e+00 0.000000000000000000e+00 0.000000000000000000e+00 7.005847842901147260e-03
-1.141160040315387050e+03 -2.396752938064521459e+02 8.253724497224656176e+00 0.000000000000000000e+00 0.000000000000000000e+00 -2.219881160926817643e-02
-8.527589516230394793e+02 -2.611958416913076348e+02 1.277825385293435545e+01 0.000000000000000000e+00 0.000000000000000000e+00 -3.123649307913112239e-02
-8.441582392790612630e+02 1.218423945733274110e+02 1.325569751433290122e+01 0.000000000000000000e+00 0.000000000000000000e+00 1.425392616221543562e-02
-4.599442443869938870e+02 -2.614144930386548253e+02 1.691110600064359204e+01 0.000000000000000000e+00 0.000000000000000000e+00 1.887128811045357679e-03
-6.455273328697938950e+02 -2.592639208472290591e+01 1.570588915984976097e+01 0.000000000000000000e+00 0.000000000000000000e+00 -7.581566563676034320e-03
-4.643603020817843117e+02 1.345113533822653551e+02 1.720733966892974109e+01 0.000000000000000000e+00 0.000000000000000000e+00 -7.044852447934246698e-02
-1.899746035484056961e+02 -2.390472318636828959e+02 1.839252698528576957e+01 0.000000000000000000e+00 0.000000000000000000e+00 -5.265196445652264856e-02
-1.935141299915689785e+02 1.870166707651752347e+02 1.852607831538268002e+01 0.000000000000000000e+00 0.000000000000000000e+00 -3.299484058028312461e-02
9.914080919547387794e+00 -1.725297017006064237e+01 1.904730080760067423e+01 0.000000000000000000e+00 0.000000000000000000e+00 -5.966080861428579851e-02
1.747611936205299230e+02 -2.432328060752020065e+02 1.842411451061676431e+01 0.000000000000000000e+00 0.000000000000000000e+00 -7.329815570084718956e-03
1.958843883234613941e+02 1.939316441299483529e+02 1.850185052130868257e+01 0.000000000000000000e+00 0.000000000000000000e+00 -2.738181486272850407e-02
-2.223417560685874832e+03 5.123283745513349459e+02 -2.154231858855443349e+01 0.000000000000000000e+00 0.000000000000000000e+00 1.981473960145407887e-02
-1.842036044744920900e+03 5.229882739272618437e+02 -9.517175866749564506e+00 0.000000000000000000e+00 0.000000000000000000e+00 5.133858768666144101e-02
-2.027108948462650460e+03 7.801225572297992130e+02 -1.713380612472322539e+01 0.000000000000000000e+00 0.000000000000000000e+00 5.069292831772642671e-02
-1.846461708298917529e+03 9.429400740876499185e+02 -1.339216845698334168e+01 0.000000000000000000e+00 0.000000000000000000e+00 1.936385444209776097e-02
-2.216790369497541178e+03 9.491995301479526006e+02 -2.513553105358176154e+01 0.000000000000000000e+00 0.000000000000000000e+00 5.400240393034394515e-02
-2.221440542940691557e+03 1.252524342781134237e+03 -2.931029751485524315e+01 0.000000000000000000e+00 0.000000000000000000e+00 6.545261434543903079e-02
-1.863151709004909890e+03 1.257308933290172035e+03 -1.808772037412267153e+01 0.000000000000000000e+00 0.000000000000000000e+00 2.267683639324857836e-02
-2.042002890525342082e+03 1.515457458556648362e+03 -2.781433501893687676e+01 0.000000000000000000e+00 0.000000000000000000e+00 5.039743020798326256e-02
-2.221110391000512209e+03 1.765890243829132714e+03 -3.859284749332445585e+01 0.000000000000000000e+00 0.000000000000000000e+00 8.385518875311959164e-02
-1.863667471828126736e+03 1.779672747428021012e+03 -2.772324738267489863e+01 0.000000000000000000e+00 0.000000000000000000e+00 1.733155493393212510e-02
-1.865378487991401698e+03 2.001326014249484160e+03 -3.282480487784619072e+01 0.000000000000000000e+00 0.000000000000000000e+00 1.990402685042624853e-02
-2.216372168311040241e+03 2.015629656297860492e+03 -4.406992332213616237e+01 0.000000000000000000e+00 0.000000000000000000e+00 4.794575505447085106e-02
-2.048858242440481717e+03 2.269096627604844798e+03 -4.512826994232457878e+01 0.000000000000000000e+00 0.000000000000000000e+00 6.852177610500120863e-02
-2.205255308952010182e+03 2.494296079618466592e+03 -5.649943201247080538e+01 0.000000000000000000e+00 0.000000000000000000e+00 9.629414807155001199e-02
-1.844867145604738880e+03 2.510668197232803777e+03 -4.599995441573604182e+01 0.000000000000000000e+00 0.000000000000000000e+00 5.330308362212576867e-02
-1.554170271126199623e+03 2.515244248801495814e+03 -3.865781899320469961e+01 0.000000000000000000e+00 0.000000000000000000e+00 1.715935155219483477e-02
-1.180003194943090875e+03 2.522554769108379787e+03 -3.109838206422600848e+01 0.000000000000000000e+00 0.000000000000000000e+00 1.692747807232564128e-02
-1.376638892208275365e+03 2.355120865324503939e+03 -3.001025223619213023e+01 0.000000000000000000e+00 0.000000000000000000e+00 1.965496923740772672e-02
-1.185014256416595344e+03 2.040614707337204891e+03 -1.786050277575370515e+01 0.000000000000000000e+00 0.000000000000000000e+00 2.815295252123206637e-03
-1.540859469095834584e+03 2.017360416863666615e+03 -2.474945525507098409e+01 0.000000000000000000e+00 0.000000000000000000e+00 3.848364250620051052e-02
-1.549555179427249641e+03 1.803180488828205853e+03 -1.998697467943506823e+01 0.000000000000000000e+00 0.000000000000000000e+00 4.593716526591506977e-02
-1.198079821445117432e+03 1.791748794850257809e+03 -1.227053096895959072e+01 0.000000000000000000e+00 0.000000000000000000e+00 9.502705844383285694e-03
-1.379539889034837870e+03 1.523546065456396718e+03 -1.044502216051975552e+01 0.000000000000000000e+00 0.000000000000000000e+00 -2.946321743948487892e-03
-1.191334988184821441e+03 1.288388521327568014e+03 -2.594344403613337846e+00 0.000000000000000000e+00 0.000000000000000000e+00 8.834103945615012776e-02
-1.542236703636224320e+03 1.291267019011086404e+03 -1.012821823367589857e+01 0.000000000000000000e+00 0.000000000000000000e+00 4.213666353453149327e-02
-1.560600968609842312e+03 1.029128752961243890e+03 -6.833351008203884192e+00 0.000000000000000000e+00 0.000000000000000000e+00 4.803998145838761502e-02
-1.195933668174541026e+03 1.029015578966112116e+03 1.048077650266126426e+00 0.000000000000000000e+00 0.000000000000000000e+00 6.151299246235097939e-02
-1.376534329789600861e+03 7.802158129081278730e+02 1.885286865117876687e-01 0.000000000000000000e+00 0.000000000000000000e+00 2.899587062088926359e-02
-1.178187364107571966e+03 5.238978388388820804e+02 6.265822982281767040e+00 0.000000000000000000e+00 0.000000000000000000e+00 6.222372127398401176e-03
-1.533747145692051845e+03 5.342415951580117053e+02 -1.416355623918679640e+00 0.000000000000000000e+00 0.000000000000000000e+00 3.000239680499916517e-02
-5.041302437343831571e+02 5.223659118299285637e+02 1.528202597017783582e+01 0.000000000000000000e+00 0.000000000000000000e+00 -5.103596715033553721e-02
-8.825740690218016198e+02 5.261434670648059182e+02 1.108236166712822879e+01 0.000000000000000000e+00 0.000000000000000000e+00 -6.050647334345171657e-02
-6.936896863824750881e+02 7.822806614069456828e+02 1.133488767904338879e+01 0.000000000000000000e+00 0.000000000000000000e+00 -4.839637268779917179e-02
-5.072774106075984832e+02 1.017323937684222756e+03 1.044514889788639422e+01 0.000000000000000000e+00 0.000000000000000000e+00 -4.996156983849076028e-02
-8.625949709679831585e+02 1.026879169962886635e+03 6.478272065057808504e+00 0.000000000000000000e+00 0.000000000000000000e+00 1.527607295810540222e-02
-8.797671873460067218e+02 1.265473871926303900e+03 2.828248124055999568e+00 0.000000000000000000e+00 0.000000000000000000e+00 -2.159728681219164059e-02
-5.391742601019466292e+02 1.281276900096782811e+03 6.377112897887721843e+00 0.000000000000000000e+00 0.000000000000000000e+00 2.046200740247527960e-03
-6.958611588331749545e+02 1.511599592243533607e+03 8.487114706219998084e-01 0.000000000000000000e+00 0.000000000000000000e+00 -2.252601007071319827e-02
-4.838503051367629268e+02 1.779717364355138670e+03 -2.667605918989661262e+00 0.000000000000000000e+00 0.000000000000000000e+00 -3.393076600896094419e-02
-8.742251661202313926e+02 1.790144850026462564e+03 -7.025479408730660680e+00 0.000000000000000000e+00 0.000000000000000000e+00 -2.780167961591217818e-02
-8.828126450065317385e+02 2.032142718958437172e+03 -1.282407637702510783e+01 0.000000000000000000e+00 0.000000000000000000e+00 -3.605376640961566181e-02
-5.452221956270551573e+02 2.024551357315768428e+03 -8.901725446907370554e+00 0.000000000000000000e+00 0.000000000000000000e+00 -4.915516008458098440e-02
-6.667239826681252453e+02 2.271506168594588416e+03 -1.653669805828338824e+01 0.000000000000000000e+00 0.000000000000000000e+00 -8.062651806250542563e-02
-8.618624610255443486e+02 2.530180408406995866e+03 -2.637159950213719739e+01 0.000000000000000000e+00 0.000000000000000000e+00 -5.707978490966425511e-02
-5.449142036541275047e+02 2.533803936753522521e+03 -2.307032092893677344e+01 0.000000000000000000e+00 0.000000000000000000e+00 -5.826046920925875838e-02
1.463362339115356576e+02 2.538976590310612664e+03 -2.111762602829493929e+01 0.000000000000000000e+00 0.000000000000000000e+00 -5.596233857538734924e-02
-1.951309544765984185e+02 2.525133760304311636e+03 -2.081952782142441905e+01 0.000000000000000000e+00 0.000000000000000000e+00 -4.585105329111271999e-02
-3.630164522180284337e+01 2.363126132587648954e+03 -1.571372702555126111e+01 0.000000000000000000e+00 0.000000000000000000e+00 -1.475278413368741326e-02
1.617840265895527807e+02 2.024221658206643269e+03 -6.790133202502044441e+00 0.000000000000000000e+00 0.000000000000000000e+00 -7.757795487740892781e-02
-1.948372951091497782e+02 2.030271483113777776e+03 -7.032673111166264590e+00 0.000000000000000000e+00 0.000000000000000000e+00 -5.683192742649012530e-02
1.528933905037477814e+02 1.781636335428712982e+03 -1.065930545711520239e+00 0.000000000000000000e+00 0.000000000000000000e+00 -5.765969734069287256e-02
-1.894218100263933877e+02 1.783380922110868596e+03 -1.202052506265005150e+00 0.000000000000000000e+00 0.000000000000000000e+00 -2.955096496268083683e-02
-2.377536163884602516e+01 1.536559939021185983e+03 4.165924550182227293e+00 0.000000000000000000e+00 0.000000000000000000e+00 -6.269832789059570644e-02
1.599887077889392799e+02 1.277832347689162816e+03 8.520573176537979521e+00 0.000000000000000000e+00 0.000000000000000000e+00 -5.173127879152517039e-02
-1.990276750216552557e+02 1.278155870017547841e+03 8.404917468437872685e+00 0.000000000000000000e+00 0.000000000000000000e+00 -6.811666124215420837e-02
-1.993651223234431313e+02 1.050816872722843755e+03 1.173044784152603270e+01 0.000000000000000000e+00 0.000000000000000000e+00 -4.697803324138050129e-02
1.513562394074509996e+02 1.031616351268089375e+03 1.211562287067943622e+01 0.000000000000000000e+00 0.000000000000000000e+00 1.744476724082844044e-03
-1.901498338417807332e+01 7.869571976018769419e+02 1.510545457126355018e+01 0.000000000000000000e+00 0.000000000000000000e+00 -2.635125051096309790e-02
1.515679748560181110e+02 5.319339898835312397e+02 1.706055660245302263e+01 0.000000000000000000e+00 0.000000000000000000e+00 -1.075089605262036230e-02
-2.035989506511915010e+02 5.373070487095792487e+02 1.687664747517310815e+01 0.000000000000000000e+00 0.000000000000000000e+00 -9.764469757575966469e-02
