0.006087 19.873667
0.011111 29.272473
0.005589 38.671280
0.007630 48.070086
0.007233 57.468893
0.006958 66.867699
0.006844 76.266505
0.006907 85.665312
0.008099 95.064118
0.005697 104.462925
0.006469 113.861731
0.007967 123.260537
0.006919 132.659344
0.007743 142.058150
0.008632 151.456957
0.007476 160.855763
0.007577 170.254569
0.007835 179.653376
0.009001 189.052182
0.008693 198.450989
0.009119 207.849795
0.007230 217.248601
0.008119 226.647408
0.008319 236.046214
0.007962 245.445020
0.008303 254.843827
0.008708 264.242633
0.008583 273.641440
0.008075 283.040246
0.008969 292.439052
0.008222 301.837859
0.008247 311.236665
0.009058 320.635472
0.008998 330.034278
0.008289 339.433084
0.009540 348.831891
0.007843 358.230697
0.007662 367.629504
0.007202 377.028310
0.009815 386.427116
0.009025 395.825923
0.009084 405.224729
0.009354 414.623536
0.008094 424.022342
0.006994 433.421148
0.008700 442.819955
0.008474 452.218761
0.006665 461.617568
0.007063 471.016374
0.008379 480.415180
0.008503 489.813987
0.006551 499.212793
0.007326 508.611600
0.010080 518.010406
0.007091 527.409212
0.005577 536.808019
0.008017 546.206825
0.007159 555.605632
0.007032 565.004438
0.005984 574.403244
0.008953 583.802051
0.007923 593.200857
0.006985 602.599664
0.007033 611.998470
0.006374 621.397276
0.007216 630.796083
0.009559 640.194889
0.008730 649.593696
0.006087 658.992502
0.007817 668.391308
0.006469 677.790115
0.006919 687.188921
0.005878 696.587728
0.006014 705.986534
0.006198 715.385340
0.006185 724.784147
0.009445 734.182953
0.004957 743.581760
0.004142 752.980566
0.008495 762.379372
0.007254 771.778179
0.006561 781.176985
0.005861 790.575792
0.007003 799.974598
0.006678 809.373404
0.013240 818.772211
0.003742 828.171017
0.017354 837.569823
0.012072 846.968630
0.005968 856.367436
0.005716 865.766243
0.008194 875.165049
0.013123 884.563855
0.005989 893.962662
0.021638 903.361468
0.011798 912.760275
nan 922.159081
0.007881 931.557887
nan 940.956694
0.008118 950.355500
