0.009877 36.361277
0.012849 43.760599
nan 51.159920
nan 58.559242
nan 65.958563
0.003355 73.357885
nan 80.757206
nan 88.156528
nan 95.555849
0.000455 102.955171
0.002735 110.354492
0.013391 117.753814
0.011993 125.153135
0.007173 132.552457
nan 139.951778
0.008843 147.351100
0.001321 154.750421
nan 162.149743
nan 169.549064
0.001885 176.948386
0.012308 184.347707
0.007503 191.747029
0.011164 199.146350
0.008076 206.545672
0.006468 213.944993
nan 221.344315
0.001287 228.743636
0.006316 236.142958
nan 243.542279
nan 250.941600
nan 258.340922
nan 265.740243
0.007042 273.139565
nan 280.538886
0.004385 287.938208
0.012018 295.337529
0.004355 302.736851
0.001569 310.136172
0.000236 317.535494
0.007268 324.934815
nan 332.334137
0.006089 339.733458
0.011338 347.132780
0.005275 354.532101
0.009244 361.931423
0.003954 369.330744
0.009279 376.730066
0.008343 384.129387
nan 391.528709
0.000511 398.928030
0.000801 406.327352
0.002492 413.726673
0.006341 421.125995
0.006686 428.525316
0.007241 435.924638
0.006124 443.323959
0.012621 450.723281
0.010287 458.122602
0.003128 465.521924
0.008915 472.921245
nan 480.320567
0.006232 487.719888
0.002910 495.119210
0.005669 502.518531
0.003990 509.917853
0.008064 517.317174
nan 524.716495
nan 532.115817
nan 539.515138
0.005138 546.914460
0.004216 554.313781
0.009228 561.713103
nan 569.112424
0.004802 576.511746
0.008236 583.911067
nan 591.310389
0.008724 598.709710
0.002440 606.109032
nan 613.508353
0.004347 620.907675
0.007437 628.306996
nan 635.706318
nan 643.105639
0.006839 650.504961
nan 657.904282
nan 665.303604
nan 672.702925
0.007969 680.102247
nan 687.501568
0.003584 694.900890
0.001515 702.300211
0.005470 709.699533
nan 717.098854
nan 724.498176
nan 731.897497
nan 739.296819
0.014748 746.696140
nan 754.095462
nan 761.494783
0.004871 768.894105
