# x y z x_res y_res z_res
1.594389217434006468e+03 -3.041159329903931393e+03 1.363739123028792335e+02 0.000000000000000000e+00 0.000000000000000000e+00 -6.152961262122857988e-02
1.208275702639129122e+03 -3.042461705210985656e+03 1.224205366700807787e+02 0.000000000000000000e+00 0.000000000000000000e+00 -1.187229089706391960e-01
1.402558047889435102e+03 -2.804382334205687130e+03 1.132460079493978782e+02 0.000000000000000000e+00 0.000000000000000000e+00 -8.946966168011272202e-02
1.599150637751300792e+03 -2.649176166749594813e+03 1.113184496509335872e+02 0.000000000000000000e+00 0.000000000000000000e+00 -3.785946862872435759e-02
1.206163226765114587e+03 -2.644852261097640621e+03 9.686076135210294069e+01 0.000000000000000000e+00 0.000000000000000000e+00 -4.110539384643630001e-02
2.296097982730654167e+03 -2.329088023628358314e+03 1.286175239989165675e+02 0.000000000000000000e+00 0.000000000000000000e+00 -1.004721325725199677e-02
1.909322887722263204e+03 -2.333006314683073924e+03 1.076390013474900655e+02 0.000000000000000000e+00 0.000000000000000000e+00 5.041560978125403381e-02
2.298851009771734880e+03 -1.935884139538298768e+03 1.098547922337377258e+02 0.000000000000000000e+00 0.000000000000000000e+00 8.033882286228788416e-02
2.103207863325829749e+03 -2.092780878675711847e+03 1.057574058645750341e+02 0.000000000000000000e+00 0.000000000000000000e+00 6.229795969618123763e-02
1.905775941542342252e+03 -1.934482504418951066e+03 8.834583266222578857e+01 0.000000000000000000e+00 0.000000000000000000e+00 1.089277294856856315e-01
2.610856419548731992e+03 -1.622032539060331374e+03 1.173703587528477641e+02 0.000000000000000000e+00 0.000000000000000000e+00 4.873515188046440016e-02
2.608117112494920548e+03 -1.222736824661408718e+03 1.045228134586766231e+02 0.000000000000000000e+00 0.000000000000000000e+00 8.156297326424066796e-02
2.804080419796442129e+03 -1.382721808800669351e+03 1.231316899940935343e+02 0.000000000000000000e+00 0.000000000000000000e+00 1.061008175737043757e-01
2.995303036633137708e+03 -1.619202905828903340e+03 1.457809204528676617e+02 0.000000000000000000e+00 0.000000000000000000e+00 8.845021257769758449e-02
3.000475891651765323e+03 -1.227114619101334711e+03 1.337536778946574998e+02 0.000000000000000000e+00 0.000000000000000000e+00 2.399457751371869563e-02
2.994825646227638117e+03 -9.077761710493768987e+02 1.258529354128143325e+02 0.000000000000000000e+00 0.000000000000000000e+00 1.455454496364154693e-01
2.999628872829161992e+03 -5.152660284611835095e+02 1.203887390441579726e+02 0.000000000000000000e+00 0.000000000000000000e+00 4.669727693857339546e-02
2.608738005901008364e+03 -9.095510130528468835e+02 9.722918658299289518e+01 0.000000000000000000e+00 0.000000000000000000e+00 7.945994003490852720e-02
2.605837253358992257e+03 -5.109625564129336226e+02 9.100102696262209179e+01 0.000000000000000000e+00 0.000000000000000000e+00 9.048784733649029022e-02
2.803461556298836058e+03 -6.714969714938755487e+02 1.071248310663362986e+02 0.000000000000000000e+00 0.000000000000000000e+00 1.138016095641916081e-01
2.294610146100225847e+03 -1.618616436911890332e+03 9.694682675389346116e+01 0.000000000000000000e+00 0.000000000000000000e+00 6.625228709378916392e-02
2.298925283246554500e+03 -1.226054886075379045e+03 8.475659744985091493e+01 0.000000000000000000e+00 0.000000000000000000e+00 7.436599542796784590e-02
1.909368826651247900e+03 -1.621032941835350812e+03 7.604472159424101108e+01 0.000000000000000000e+00 0.000000000000000000e+00 4.015789586753726326e-02
2.103526438365652211e+03 -1.382009560662505464e+03 7.810297064197261818e+01 0.000000000000000000e+00 0.000000000000000000e+00 2.617885662895957921e-02
1.905807271832607739e+03 -1.222173809917607514e+03 6.322072849313685339e+01 0.000000000000000000e+00 0.000000000000000000e+00 4.270210796799744912e-02
1.595652137637234773e+03 -2.329596485229941663e+03 9.326326703085511838e+01 0.000000000000000000e+00 0.000000000000000000e+00 4.828815553318577258e-02
1.403185860550515372e+03 -2.093111438620483113e+03 7.413339712791999148e+01 0.000000000000000000e+00 0.000000000000000000e+00 6.740268651651604159e-02
1.208508566431431291e+03 -2.331613430227075696e+03 7.944792989667561756e+01 0.000000000000000000e+00 0.000000000000000000e+00 -7.249194806618675102e-03
1.205848335518908470e+03 -1.933325152672687864e+03 6.036994591465240489e+01 0.000000000000000000e+00 0.000000000000000000e+00 6.971049104613769032e-03
1.598983642903731607e+03 -1.936417792744897724e+03 7.459442779391807221e+01 0.000000000000000000e+00 0.000000000000000000e+00 7.018409246768442245e-02
8.934952587043072754e+02 -3.040527650709071622e+03 1.137503209030521703e+02 0.000000000000000000e+00 0.000000000000000000e+00 -7.667770123806860738e-02
8.968880599181717344e+02 -2.648093365006018757e+03 8.872343775690779921e+01 0.000000000000000000e+00 0.000000000000000000e+00 -1.136540230599933921e-01
7.013667900526305630e+02 -2.804265168782076671e+03 9.428066037307375780e+01 0.000000000000000000e+00 0.000000000000000000e+00 -1.110399402974735494e-01
5.068542249081853015e+02 -3.043259709819065847e+03 1.069783325359110648e+02 0.000000000000000000e+00 0.000000000000000000e+00 -2.262211969915881582e-01
5.035421858192369200e+02 -2.645026043600068078e+03 8.151467970839328814e+01 0.000000000000000000e+00 0.000000000000000000e+00 -1.109507700213185899e-01
2.995702779278146409e+03 -1.975543096860991170e+02 1.180315341119765549e+02 0.000000000000000000e+00 0.000000000000000000e+00 1.001534036303866060e-01
2.999321031983602097e+03 1.954964565236692238e+02 1.191754021495203091e+02 0.000000000000000000e+00 0.000000000000000000e+00 5.707533648065066245e-02
2.804091179167520750e+03 4.044638216377525453e+01 1.031666790117669592e+02 0.000000000000000000e+00 0.000000000000000000e+00 9.629712106946897165e-02
2.610345936314472510e+03 -1.994203063579504089e+02 8.920243803198962951e+01 0.000000000000000000e+00 0.000000000000000000e+00 8.794180950283703169e-02
2.607170062275154123e+03 1.997834453332547753e+02 8.966406569036141150e+01 0.000000000000000000e+00 0.000000000000000000e+00 1.093031735383078740e-01
2.297285287217278892e+03 -9.072561543032867348e+02 7.715460560059801765e+01 0.000000000000000000e+00 0.000000000000000000e+00 6.068660160030958650e-02
2.300269945036578520e+03 -5.147675954587824663e+02 7.131616841785069028e+01 0.000000000000000000e+00 0.000000000000000000e+00 6.872994679999067102e-02
2.104686221787452723e+03 -6.711260754515843701e+02 6.204541763119289044e+01 0.000000000000000000e+00 0.000000000000000000e+00 4.206486612351767462e-02
1.909860715960063089e+03 -9.096480417099710394e+02 5.603181836762405510e+01 0.000000000000000000e+00 0.000000000000000000e+00 3.697357688299973688e-02
1.906960721693764754e+03 -5.111159592900136772e+02 4.969625083473704308e+01 0.000000000000000000e+00 0.000000000000000000e+00 7.720224666821451365e-02
1.595294920182228225e+03 -1.618290008978493006e+03 6.179898433034898630e+01 0.000000000000000000e+00 0.000000000000000000e+00 1.688751136853028356e-02
1.402745937493383735e+03 -1.382110843605043783e+03 4.650633847226398387e+01 0.000000000000000000e+00 0.000000000000000000e+00 1.091759656943978030e-01
1.208785165230091025e+03 -1.621695755360647581e+03 4.808820886595234612e+01 0.000000000000000000e+00 0.000000000000000000e+00 3.978436242256577771e-02
1.205036194431579361e+03 -1.222156032595468105e+03 3.528282146752788151e+01 0.000000000000000000e+00 0.000000000000000000e+00 2.592564654269580160e-02
1.598864555385580843e+03 -1.226082600247478240e+03 4.949486654600964641e+01 0.000000000000000000e+00 0.000000000000000000e+00 -4.875943324250897604e-03
2.995757546680919404e+03 5.109647477259279640e+02 1.223171450357911141e+02 0.000000000000000000e+00 0.000000000000000000e+00 5.933442793619292388e-03
2.999792144604210534e+03 9.050959142572752398e+02 1.304476165591935910e+02 0.000000000000000000e+00 0.000000000000000000e+00 4.909286119502098700e-02
2.804252427915569569e+03 7.497512915310451262e+02 1.114317518090902439e+02 0.000000000000000000e+00 0.000000000000000000e+00 8.655244084837931950e-02
2.610005959701915344e+03 5.113364623926043464e+02 9.308402073814951905e+01 0.000000000000000000e+00 0.000000000000000000e+00 8.329991852323814783e-02
2.606719241811094889e+03 9.096738364969608028e+02 1.004848251560596992e+02 0.000000000000000000e+00 0.000000000000000000e+00 4.719993439036329619e-02
2.296207633652414188e+03 -1.967206702639081186e+02 6.882515189082336349e+01 0.000000000000000000e+00 0.000000000000000000e+00 7.806871282868144135e-02
2.298436248181019891e+03 1.960037874067433847e+02 6.948625985602011212e+01 0.000000000000000000e+00 0.000000000000000000e+00 1.118137664860370251e-01
1.909656778465764546e+03 -2.001960062154462037e+02 4.753829696439238006e+01 0.000000000000000000e+00 0.000000000000000000e+00 7.935849036309861049e-02
2.102791616716316639e+03 3.959425230567079979e+01 5.748348691495887408e+01 0.000000000000000000e+00 0.000000000000000000e+00 8.119220395082749064e-02
1.905000270804618822e+03 1.990491223956925637e+02 4.767975554456685217e+01 0.000000000000000000e+00 0.000000000000000000e+00 8.383306046446392656e-02
1.596489696337581563e+03 -9.080584106832811813e+02 4.184267093561437179e+01 0.000000000000000000e+00 0.000000000000000000e+00 2.834143453231519061e-02
1.599621752031468304e+03 -5.148444093613363748e+02 3.579193967052847825e+01 0.000000000000000000e+00 0.000000000000000000e+00 4.866802381275192602e-02
1.210321535411206469e+03 -9.112765206308174584e+02 2.803350318741658498e+01 0.000000000000000000e+00 0.000000000000000000e+00 -3.141968961742236388e-03
1.404055113221271768e+03 -6.715034582384344048e+02 3.028346625151308302e+01 0.000000000000000000e+00 0.000000000000000000e+00 6.337902737709910639e-02
1.205733653252880913e+03 -5.125421341025944457e+02 2.155709517554378962e+01 0.000000000000000000e+00 0.000000000000000000e+00 4.757373691386845849e-02
1.595241311072180451e+03 -1.981585944272511313e+02 3.320220127492015649e+01 0.000000000000000000e+00 0.000000000000000000e+00 7.041857503379134187e-02
1.208287428616821899e+03 -1.995704078999915225e+02 1.918890042807991492e+01 0.000000000000000000e+00 0.000000000000000000e+00 4.772024616416459253e-02
1.598498341154022910e+03 1.953667726655342847e+02 3.359126756948855075e+01 0.000000000000000000e+00 0.000000000000000000e+00 7.710629804987689795e-02
1.402348922416720143e+03 3.882305562601993643e+01 2.540296600897474733e+01 0.000000000000000000e+00 0.000000000000000000e+00 8.798824798265059144e-02
1.204351676805853231e+03 1.988478336871575607e+02 1.922050625990379302e+01 0.000000000000000000e+00 0.000000000000000000e+00 3.681773142457700487e-02
8.940779155432105654e+02 -9.074305555142923367e+02 1.948135264503351038e+01 0.000000000000000000e+00 0.000000000000000000e+00 -3.301872639433511836e-02
5.024589894363928693e+02 -5.106669018732814038e+02 6.191319130270661830e+00 0.000000000000000000e+00 0.000000000000000000e+00 -2.055550942743256115e-02
7.011194179032029297e+02 -6.700365622726500305e+02 1.135886960775516918e+01 0.000000000000000000e+00 0.000000000000000000e+00 -4.210404640993203884e-03
5.077813315811881694e+02 -9.092241652425954044e+02 1.264787962003166655e+01 0.000000000000000000e+00 0.000000000000000000e+00 -7.073955714639090786e-02
8.973829667860030668e+02 -5.138501716840449944e+02 1.327574259596890371e+01 0.000000000000000000e+00 0.000000000000000000e+00 4.566041352331851044e-03
8.937490292951675883e+02 -2.329893792403507632e+03 7.092124400882342172e+01 0.000000000000000000e+00 0.000000000000000000e+00 -1.332835012705686495e-01
8.982988264883787224e+02 -1.936783988520083767e+03 5.229640767791624967e+01 0.000000000000000000e+00 0.000000000000000000e+00 -9.805906485792093008e-02
7.015611433176916307e+02 -2.091780103012052678e+03 5.527398249211024961e+01 0.000000000000000000e+00 0.000000000000000000e+00 -6.725348771616523891e-02
5.077408070168044674e+02 -2.331454827824280528e+03 6.413192553950835872e+01 0.000000000000000000e+00 0.000000000000000000e+00 -1.035598385575724478e-01
5.045768321619975723e+02 -1.933259482987616138e+03 4.515301382008819786e+01 0.000000000000000000e+00 0.000000000000000000e+00 -1.210453178741488500e-01
8.928358445929118261e+02 -1.617631617544731171e+03 3.951250164961461309e+01 0.000000000000000000e+00 0.000000000000000000e+00 -5.747418353190880680e-02
8.971544250099664168e+02 -1.225299068305683704e+03 2.714643761689424650e+01 0.000000000000000000e+00 0.000000000000000000e+00 -4.802553458127079011e-02
5.083998816153155644e+02 -1.620757129245729175e+03 3.281384173860835318e+01 0.000000000000000000e+00 0.000000000000000000e+00 -9.500856529290047092e-02
7.010503827131411754e+02 -1.380558223272313171e+03 2.770377228195334141e+01 0.000000000000000000e+00 0.000000000000000000e+00 -5.450373258081242511e-02
5.030083509712681575e+02 -1.222022356544450076e+03 2.007187802490409467e+01 0.000000000000000000e+00 0.000000000000000000e+00 -8.429314417441347018e-02
-1.970496331977365685e+02 -1.223147326164555125e+03 1.739831030492355524e+01 0.000000000000000000e+00 0.000000000000000000e+00 -8.087901987698487005e-02
1.929780421112305078e+02 -1.620390418187822206e+03 3.000997311247752108e+01 0.000000000000000000e+00 0.000000000000000000e+00 -1.065445688034500904e-01
1.969342207363064858e+02 -1.227184395848981922e+03 1.750863222253022400e+01 0.000000000000000000e+00 0.000000000000000000e+00 -7.544434088648088732e-02
9.495368356469675586e-01 -1.383385492800028942e+03 2.158600705867552705e+01 0.000000000000000000e+00 0.000000000000000000e+00 -8.470332473863351197e-02
-1.941843482501293465e+02 -1.621976412846510357e+03 3.007325854357922523e+01 0.000000000000000000e+00 0.000000000000000000e+00 -7.742306307186197500e-02
-1.207706050830755885e+03 -9.104989826307599969e+02 2.793698592274838077e+01 0.000000000000000000e+00 0.000000000000000000e+00 4.597709141182448889e-02
-1.595716361643226264e+03 -9.113427528201700625e+02 4.187734135787537326e+01 0.000000000000000000e+00 0.000000000000000000e+00 4.418252021585544753e-02
-1.204138087127743347e+03 -5.163603247936925982e+02 2.155145750597318255e+01 0.000000000000000000e+00 0.000000000000000000e+00 1.408044711356737366e-02
-1.401292795634486311e+03 -6.724828492487024505e+02 3.019865421803458361e+01 0.000000000000000000e+00 0.000000000000000000e+00 8.260964398139947207e-02
-1.599122011961298540e+03 -5.125566365935826525e+02 3.574566126883922834e+01 0.000000000000000000e+00 0.000000000000000000e+00 9.079487492314086694e-02
-1.400012712736755702e+03 -1.382468654122502130e+03 4.641960993224611087e+01 0.000000000000000000e+00 0.000000000000000000e+00 8.052810003541566175e-02
-1.594639371886123627e+03 -1.622108754908069614e+03 6.191043481298794404e+01 0.000000000000000000e+00 0.000000000000000000e+00 4.348336492246573926e-02
-1.204926975149509417e+03 -1.226144549833601104e+03 3.538857820722643055e+01 0.000000000000000000e+00 0.000000000000000000e+00 -1.446636814526414128e-02
-1.207501800098338663e+03 -1.620195255044254736e+03 4.799444594789772367e+01 0.000000000000000000e+00 0.000000000000000000e+00 1.548102013566676760e-02
-1.599069305408103673e+03 -1.222894053998014670e+03 4.941621565965317586e+01 0.000000000000000000e+00 0.000000000000000000e+00 6.782624123761138435e-02
-1.910052507871522721e+03 -9.082420748499843057e+02 5.601306667945323170e+01 0.000000000000000000e+00 0.000000000000000000e+00 1.484344484103914397e-01
-2.296758895115134237e+03 -9.091180402744157618e+02 7.716008175961195548e+01 0.000000000000000000e+00 0.000000000000000000e+00 1.257697998461537736e-01
-1.906697542585146039e+03 -5.142136191933810778e+02 4.971731064504387376e+01 0.000000000000000000e+00 0.000000000000000000e+00 1.060532221617265236e-01
-2.102497960821196557e+03 -6.698736214768687205e+02 6.190741927158014590e+01 0.000000000000000000e+00 0.000000000000000000e+00 1.281270158204392828e-01
-2.300359278308370449e+03 -5.106075203496144468e+02 7.127691357563688257e+01 0.000000000000000000e+00 0.000000000000000000e+00 1.158004487228083690e-01
-1.205045135150049873e+03 -1.938132952092614687e+03 6.055321713691491681e+01 0.000000000000000000e+00 0.000000000000000000e+00 3.686289468710413075e-03
-1.207739057517509764e+03 -2.331185843213340377e+03 7.940184516251314051e+01 0.000000000000000000e+00 0.000000000000000000e+00 2.604650976265077134e-02
-1.401966350831231921e+03 -2.093797921369294727e+03 7.412181189800904235e+01 0.000000000000000000e+00 0.000000000000000000e+00 2.310674374568577605e-02
-1.594393661528459234e+03 -2.333255976495989671e+03 9.340328720660056661e+01 0.000000000000000000e+00 0.000000000000000000e+00 2.152308444253492326e-02
-1.598713390573552942e+03 -1.934426155365454179e+03 7.449706050414967251e+01 0.000000000000000000e+00 0.000000000000000000e+00 3.386996037470169085e-02
-1.908360200490966463e+03 -1.226362008446579921e+03 6.346042145525190392e+01 0.000000000000000000e+00 0.000000000000000000e+00 1.101431881407322066e-01
-1.909513911320857460e+03 -1.620159636143927173e+03 7.602022766126269460e+01 0.000000000000000000e+00 0.000000000000000000e+00 8.129772304876325961e-02
-2.296049620373242760e+03 -1.623287372562107748e+03 9.720234448449421905e+01 0.000000000000000000e+00 0.000000000000000000e+00 1.828006242895696687e-02
-2.102937724634936330e+03 -1.383448929905332307e+03 7.811523661530375762e+01 0.000000000000000000e+00 0.000000000000000000e+00 3.369930052060965409e-02
-2.301489317232193571e+03 -1.223173498912015702e+03 8.483200514707046125e+01 0.000000000000000000e+00 0.000000000000000000e+00 5.662577428796566892e-02
-2.609967961643557373e+03 -9.086621233568786238e+02 9.729612181877132571e+01 0.000000000000000000e+00 0.000000000000000000e+00 9.902643177488812398e-02
-2.608034489981852857e+03 -5.152187310944796081e+02 9.119710203235538870e+01 0.000000000000000000e+00 0.000000000000000000e+00 9.584070381578158049e-02
-2.802942303325321518e+03 -6.723296082095008614e+02 1.070979416189264981e+02 0.000000000000000000e+00 0.000000000000000000e+00 1.275560038894809622e-01
-3.000455498523480401e+03 -5.123211415297746498e+02 1.204250473880800030e+02 0.000000000000000000e+00 0.000000000000000000e+00 1.247715650551270983e-01
-2.996288948455677200e+03 -9.105879100091627834e+02 1.260248552614383470e+02 0.000000000000000000e+00 0.000000000000000000e+00 9.837174824464511858e-02
-1.205102151017418919e+03 -2.648239284242482427e+03 9.702939809810921190e+01 0.000000000000000000e+00 0.000000000000000000e+00 -1.119119937888513050e-02
-1.400627634833823549e+03 -2.803582893698191583e+03 1.131255374793574617e+02 0.000000000000000000e+00 0.000000000000000000e+00 1.479933544185030314e-02
-1.599051572412447058e+03 -2.644215725923918853e+03 1.110181199584958875e+02 0.000000000000000000e+00 0.000000000000000000e+00 6.664546277612259928e-02
-1.206891795365573216e+03 -3.040979150656712136e+03 1.222752854368247313e+02 0.000000000000000000e+00 0.000000000000000000e+00 -9.749263847537292804e-02
-1.593160362281681046e+03 -3.043403598748158402e+03 1.364780675556627045e+02 0.000000000000000000e+00 0.000000000000000000e+00 -1.569317339678377721e-02
-1.905925547692392229e+03 -1.938286274490097640e+03 8.851839363053412058e+01 0.000000000000000000e+00 0.000000000000000000e+00 2.755620348233378536e-02
-2.102027104403682188e+03 -2.093396012382172103e+03 1.057218896756138093e+02 0.000000000000000000e+00 0.000000000000000000e+00 8.764492697733317073e-02
-1.909156356934496898e+03 -2.330875782550310760e+03 1.075187826604845753e+02 0.000000000000000000e+00 0.000000000000000000e+00 2.494493849782486450e-02
-2.299032751929504684e+03 -1.933362616540880254e+03 1.097559399505775986e+02 0.000000000000000000e+00 0.000000000000000000e+00 4.013333337901769937e-02
-2.296273707315999673e+03 -2.331887098936788789e+03 1.287758159922884715e+02 0.000000000000000000e+00 0.000000000000000000e+00 8.245856186388778042e-02
-2.605977931121085930e+03 -1.227060319530944980e+03 1.044934275062238385e+02 0.000000000000000000e+00 0.000000000000000000e+00 1.084057123205894868e-01
-2.608241717885684920e+03 -1.620862013287435730e+03 1.171484385538014124e+02 0.000000000000000000e+00 0.000000000000000000e+00 8.144057626125800198e-02
-2.801461520094564548e+03 -1.382748872027462085e+03 1.229384045951104838e+02 0.000000000000000000e+00 0.000000000000000000e+00 1.127380939744000443e-01
-2.994375933004969284e+03 -1.622731922669138157e+03 1.458354632760689640e+02 0.000000000000000000e+00 0.000000000000000000e+00 8.116657613462052723e-02
-2.998282806796456498e+03 -1.223394542979621065e+03 1.334778997177426731e+02 0.000000000000000000e+00 0.000000000000000000e+00 1.152779213952328519e-01
-8.951569202387553332e+02 1.222979104915024436e+03 2.842813269386931196e+01 0.000000000000000000e+00 0.000000000000000000e+00 1.587170304793872333e-02
-5.073198020447865133e+02 1.225590586880040519e+03 2.127846150430718097e+01 0.000000000000000000e+00 0.000000000000000000e+00 2.870971655524456878e-02
-7.005113170639366444e+02 1.461701865520164120e+03 3.213583060731262719e+01 0.000000000000000000e+00 0.000000000000000000e+00 1.102743682008622272e-02
-8.975553883317145392e+02 1.620936624580426951e+03 4.242552257122701320e+01 0.000000000000000000e+00 0.000000000000000000e+00 -3.054442790835310007e-02
-5.026953877199338194e+02 1.615720166876713620e+03 3.477577568631278382e+01 0.000000000000000000e+00 0.000000000000000000e+00 -5.058497917467263960e-03
-8.970842868192792139e+02 9.095746260900016296e+02 2.034470641492811538e+01 0.000000000000000000e+00 0.000000000000000000e+00 -1.037181726603009224e-02
-8.930245785367598046e+02 5.106468309849162210e+02 1.342142475124164491e+01 0.000000000000000000e+00 0.000000000000000000e+00 -3.749226103698077850e-02
-5.023810056005507931e+02 9.060198981114781418e+02 1.299677702477337249e+01 0.000000000000000000e+00 0.000000000000000000e+00 1.497421334392257108e-02
-5.061967762748545283e+02 5.126828875799800471e+02 6.399230878671313683e+00 0.000000000000000000e+00 0.000000000000000000e+00 -2.371047571121209785e-02
-6.986547715154033540e+02 7.499926798913393213e+02 1.299470680010832524e+01 0.000000000000000000e+00 0.000000000000000000e+00 -3.533899495664094559e-02
-1.204105481004009562e+03 1.616293393247164431e+03 5.093290151047825276e+01 0.000000000000000000e+00 0.000000000000000000e+00 -1.625915641695740987e-02
-1.206607059881532905e+03 1.222410691179297146e+03 3.713377457804155313e+01 0.000000000000000000e+00 0.000000000000000000e+00 5.904842325026748995e-02
-1.398720873255425886e+03 1.460076921287856976e+03 5.176404868443177776e+01 0.000000000000000000e+00 0.000000000000000000e+00 4.108938167101428007e-02
-1.597958770425628018e+03 1.620322176323467147e+03 6.605004821423251826e+01 0.000000000000000000e+00 0.000000000000000000e+00 9.554742926070503017e-03
-1.593925412534362295e+03 1.221458648158970846e+03 5.161906819112498113e+01 0.000000000000000000e+00 0.000000000000000000e+00 4.215527391040296834e-02
-1.400172812383627388e+03 2.171950455468861037e+03 8.456657919041538207e+01 0.000000000000000000e+00 0.000000000000000000e+00 -4.211705827908929223e-02
-1.597482694278206509e+03 2.332552741492347650e+03 1.020974713603665833e+02 0.000000000000000000e+00 0.000000000000000000e+00 -9.049728662478173646e-02
-1.595221944670726543e+03 1.932719109440972261e+03 8.004087104620123228e+01 0.000000000000000000e+00 0.000000000000000000e+00 -4.119635311002411981e-02
-1.207583864008575347e+03 1.935521586423916915e+03 6.530030403118189497e+01 0.000000000000000000e+00 0.000000000000000000e+00 -6.719972164111709390e-02
-1.202561631523462665e+03 2.328085814647366533e+03 8.647135136236549613e+01 0.000000000000000000e+00 0.000000000000000000e+00 -6.762109850004094369e-02
-1.205513687254154320e+03 9.067038503241587932e+02 2.884246990066644400e+01 0.000000000000000000e+00 0.000000000000000000e+00 1.347881222054425621e-02
-1.208493752674323332e+03 5.120481044082497419e+02 2.209767298388621271e+01 0.000000000000000000e+00 0.000000000000000000e+00 3.631038687501586537e-03
-1.402159673823585536e+03 7.498378448125811246e+02 3.242639484536195482e+01 0.000000000000000000e+00 0.000000000000000000e+00 2.943204081677208706e-02
-1.599457130435726185e+03 9.097831008026548716e+02 4.356314601076438464e+01 0.000000000000000000e+00 0.000000000000000000e+00 -2.643256476727628979e-02
-1.594306052858746398e+03 5.104139468819673198e+02 3.626480550403629621e+01 0.000000000000000000e+00 0.000000000000000000e+00 2.274756875583960891e-02
-1.905932526162853719e+03 2.327462524259769907e+03 1.168667435128118655e+02 0.000000000000000000e+00 0.000000000000000000e+00 -1.234919542729215891e-01
-2.103500136883481900e+03 2.172327749517490247e+03 1.187934912689858749e+02 0.000000000000000000e+00 0.000000000000000000e+00 -5.722477693085181727e-02
-2.299539653038188135e+03 2.332584887556069134e+03 1.404142048760291743e+02 0.000000000000000000e+00 0.000000000000000000e+00 -7.829144655451614199e-02
-1.911684244592645882e+03 1.934754505150490331e+03 9.541398521160742519e+01 0.000000000000000000e+00 0.000000000000000000e+00 -3.842394853960229284e-02
-2.298251248464427135e+03 1.934212681402374756e+03 1.179185941509321651e+02 0.000000000000000000e+00 0.000000000000000000e+00 -5.457309090050443956e-02
-8.937578382470461520e+02 -1.998067048826485745e+02 1.068814625172408839e+01 0.000000000000000000e+00 0.000000000000000000e+00 -4.964744268159293483e-03
-5.075008685400404147e+02 -1.993794502103821173e+02 3.750139587554450316e+00 0.000000000000000000e+00 0.000000000000000000e+00 1.231918278471511030e-02
-7.000268832817143903e+02 3.827865613679851009e+01 6.316618323983237637e+00 0.000000000000000000e+00 0.000000000000000000e+00 -2.848037706122852342e-03
-5.032085822969099809e+02 1.942528058209755955e+02 3.701896732946935664e+00 0.000000000000000000e+00 0.000000000000000000e+00 -6.077300612250624567e-02
-8.978247966921373973e+02 1.988848388101135356e+02 1.086728402050771081e+01 0.000000000000000000e+00 0.000000000000000000e+00 -5.034732010278553105e-02
-1.205756105298342163e+03 1.970901440677152436e+02 1.925562662234333899e+01 0.000000000000000000e+00 0.000000000000000000e+00 1.956552641822995042e-02
-1.207339319547784726e+03 -1.962367642084267345e+02 1.914540475417184950e+01 0.000000000000000000e+00 0.000000000000000000e+00 4.882975136935385763e-02
-1.401386577821361698e+03 4.032495855685308328e+01 2.537011716716867227e+01 0.000000000000000000e+00 0.000000000000000000e+00 5.444261454673693379e-02
-1.598905447942517412e+03 1.993902262201306144e+02 3.362970589426826962e+01 0.000000000000000000e+00 0.000000000000000000e+00 5.994023685444460625e-02
-1.594613088200197581e+03 -1.996232082634016933e+02 3.318204211915676893e+01 0.000000000000000000e+00 0.000000000000000000e+00 2.442226646646616928e-02
-8.975884745437261927e+02 -5.117273102736334636e+02 1.325601231263594393e+01 0.000000000000000000e+00 0.000000000000000000e+00 -3.274757417815621352e-02
-8.934350762039653091e+02 -9.107094439601009981e+02 1.953363114945405954e+01 0.000000000000000000e+00 0.000000000000000000e+00 -2.045661921050978549e-02
-5.070771620404700570e+02 -9.088508179150617252e+02 1.263118891887807571e+01 0.000000000000000000e+00 0.000000000000000000e+00 -8.026245824691713437e-02
-6.999635500755678095e+02 -6.717180687021481162e+02 1.136370274945165271e+01 0.000000000000000000e+00 0.000000000000000000e+00 1.546294316435137262e-02
-5.033044383060699829e+02 -5.155289251500656746e+02 6.258659703389499285e+00 0.000000000000000000e+00 0.000000000000000000e+00 -1.166503735738899650e-02
-1.904903661909263064e+03 1.616729161426052087e+03 8.054339637976619315e+01 0.000000000000000000e+00 0.000000000000000000e+00 6.019702695709838736e-03
-1.909738420138627589e+03 1.224262257360882131e+03 6.658971133466086201e+01 0.000000000000000000e+00 0.000000000000000000e+00 4.354302335833892812e-02
-2.101820417740913399e+03 1.461712723914659364e+03 8.518786389907617718e+01 0.000000000000000000e+00 0.000000000000000000e+00 2.642556409732321754e-02
-2.299308733739590025e+03 1.620977356559578311e+03 1.034425174823852984e+02 0.000000000000000000e+00 0.000000000000000000e+00 -1.000981294609459837e-03
-2.294974771755320944e+03 1.222677988638658690e+03 8.847127995107840093e+01 0.000000000000000000e+00 0.000000000000000000e+00 3.022658857122451082e-02
-1.909117962135334437e+03 5.128281323822234299e+02 5.084944200785327695e+01 0.000000000000000000e+00 0.000000000000000000e+00 6.571561580845752815e-02
-2.101318612962930729e+03 7.494691239676244550e+02 6.495105738703828990e+01 0.000000000000000000e+00 0.000000000000000000e+00 7.163232662917096150e-02
-2.295503250573813148e+03 5.110428668237640295e+02 7.241332610694266236e+01 0.000000000000000000e+00 0.000000000000000000e+00 1.750592261056738153e-02
-1.904141811898287187e+03 9.063213492231003556e+02 5.771478358435816602e+01 0.000000000000000000e+00 0.000000000000000000e+00 4.555154366155989010e-02
-2.298163228279485793e+03 9.095855355721807882e+02 8.001272084937158979e+01 0.000000000000000000e+00 0.000000000000000000e+00 1.093575032622595700e-02
-1.905297352504911487e+03 1.955302916872955734e+02 4.767483935091390634e+01 0.000000000000000000e+00 0.000000000000000000e+00 6.919145109384317038e-02
-1.910155884433752817e+03 -1.981414865197762936e+02 4.755549265133039682e+01 0.000000000000000000e+00 0.000000000000000000e+00 8.182404948210830753e-02
-2.101718593550561764e+03 3.917947718789025657e+01 5.742328860032502291e+01 0.000000000000000000e+00 0.000000000000000000e+00 1.159310198446519280e-01
-2.299232595608661086e+03 2.007024302516380487e+02 6.956343406502847415e+01 0.000000000000000000e+00 0.000000000000000000e+00 7.930244614411208204e-02
-2.295984227600284157e+03 -1.998917331488572984e+02 6.882232231542033674e+01 0.000000000000000000e+00 0.000000000000000000e+00 7.598512355890818526e-02
-2.606974504627656188e+03 1.946671633472508631e+02 8.961737207305986885e+01 0.000000000000000000e+00 0.000000000000000000e+00 8.931699194384634666e-02
-2.609631055699589069e+03 -1.978158469793211225e+02 8.914801460484136442e+01 0.000000000000000000e+00 0.000000000000000000e+00 1.273799899008025704e-01
-2.801364702273723651e+03 3.830967051540562096e+01 1.029557878293588686e+02 0.000000000000000000e+00 0.000000000000000000e+00 1.035802760707298376e-01
-2.999701705956615115e+03 1.970630272180966642e+02 1.192172145893833459e+02 0.000000000000000000e+00 0.000000000000000000e+00 6.698305173742369334e-02
-2.995630353051719339e+03 -2.010925235846081307e+02 1.180350912337766545e+02 0.000000000000000000e+00 0.000000000000000000e+00 9.804813096521058924e-02
2.996260048701754840e+03 1.224289580515090847e+03 1.393999268912621119e+02 0.000000000000000000e+00 0.000000000000000000e+00 4.649198335670234883e-03
3.000164631988116525e+03 1.616106691995934625e+03 1.547531210203599699e+02 0.000000000000000000e+00 0.000000000000000000e+00 6.608498911734272951e-02
2.805226413739633244e+03 1.460101400839508642e+03 1.325599174250769181e+02 0.000000000000000000e+00 0.000000000000000000e+00 -1.210696974078473431e-02
2.610363169761546942e+03 1.223285321560297916e+03 1.095945945673933579e+02 0.000000000000000000e+00 0.000000000000000000e+00 -2.664563351119397794e-02
2.607237205157853168e+03 1.621917935066832115e+03 1.243372686752118454e+02 0.000000000000000000e+00 0.000000000000000000e+00 -2.898635813106409387e-02
2.295252685580103389e+03 5.127277080906268338e+02 7.242110503450176395e+01 0.000000000000000000e+00 0.000000000000000000e+00 8.592700214065018827e-02
2.298544246815979932e+03 9.071380267816563219e+02 7.997849995072307649e+01 0.000000000000000000e+00 0.000000000000000000e+00 3.130929786318858987e-02
2.102871799551302502e+03 7.514523764905385406e+02 6.507671086593195753e+01 0.000000000000000000e+00 0.000000000000000000e+00 7.640350230700221346e-02
1.909521383578947280e+03 5.117002640179557034e+02 5.085490469863817964e+01 0.000000000000000000e+00 0.000000000000000000e+00 6.930312818067108083e-02
1.904718866611959129e+03 9.104377986333050785e+02 5.783897126563387303e+01 0.000000000000000000e+00 0.000000000000000000e+00 8.361546960193777522e-02
2.296598149260550599e+03 1.224030655262435175e+03 8.861546250660379087e+01 0.000000000000000000e+00 0.000000000000000000e+00 4.674627143432985577e-02
2.297923371781102105e+03 1.617442268290189759e+03 1.032059380415627174e+02 0.000000000000000000e+00 0.000000000000000000e+00 4.596290603132047181e-02
2.102878426610050610e+03 1.462053093797109341e+03 8.526131013115801238e+01 0.000000000000000000e+00 0.000000000000000000e+00 2.217728991672629490e-02
1.909966491980800356e+03 1.221058783896916339e+03 6.650202881355515672e+01 0.000000000000000000e+00 0.000000000000000000e+00 3.622978654529163123e-02
1.905198232463808381e+03 1.621020823032575436e+03 8.073646500939214832e+01 0.000000000000000000e+00 0.000000000000000000e+00 3.878065434658140020e-02
2.296185083147309342e+03 1.936532728481651247e+03 1.179043968483764218e+02 0.000000000000000000e+00 0.000000000000000000e+00 8.945451244443347605e-03
2.298445609334366964e+03 2.328387981821188532e+03 1.400838919855311246e+02 0.000000000000000000e+00 0.000000000000000000e+00 -3.212267558794223987e-02
2.102781018181303807e+03 2.172362283272330842e+03 1.187532445563642653e+02 0.000000000000000000e+00 0.000000000000000000e+00 -2.140795581887289245e-02
1.909955476416011152e+03 1.933942101986090393e+03 9.528226343018766897e+01 0.000000000000000000e+00 0.000000000000000000e+00 -5.817857494918143857e-03
1.904043496332785026e+03 2.332064981734246885e+03 1.170467024410093302e+02 0.000000000000000000e+00 0.000000000000000000e+00 -1.950104752924630702e-02
1.595320090588824314e+03 5.130658465132286210e+02 3.634148424612357076e+01 0.000000000000000000e+00 0.000000000000000000e+00 5.538010536533732875e-02
1.599067120032893172e+03 9.064010626988725789e+02 4.347001261057312149e+01 0.000000000000000000e+00 0.000000000000000000e+00 5.832110448361760291e-02
1.402459237089215776e+03 7.502586509445083038e+02 3.244526796104337762e+01 0.000000000000000000e+00 0.000000000000000000e+00 5.277712049533533900e-02
1.208927459839791481e+03 5.120697735474946057e+02 2.211166207547909934e+01 0.000000000000000000e+00 0.000000000000000000e+00 5.409753924073257281e-02
1.205074580217574066e+03 9.100026436088992341e+02 2.890180250102524084e+01 0.000000000000000000e+00 0.000000000000000000e+00 2.852997717186056548e-02
1.595486053352950194e+03 1.224483649024216220e+03 5.177842933867089670e+01 0.000000000000000000e+00 0.000000000000000000e+00 7.650927682058750179e-02
1.598439983730257381e+03 1.617432817445745286e+03 6.595263765791447952e+01 0.000000000000000000e+00 0.000000000000000000e+00 5.310730129123442111e-02
1.402497103489968822e+03 1.461832874396975058e+03 5.197076212078671631e+01 0.000000000000000000e+00 0.000000000000000000e+00 4.153756928215557309e-02
1.208475914648148546e+03 1.222468201024849577e+03 3.719574678592289274e+01 0.000000000000000000e+00 0.000000000000000000e+00 4.330678435865564779e-02
1.204534814643400750e+03 1.622773362736854551e+03 5.120913871769420922e+01 0.000000000000000000e+00 0.000000000000000000e+00 5.634012924588205351e-03
8.940217768236232132e+02 -1.967907946100271488e+02 1.068105361741410952e+01 0.000000000000000000e+00 0.000000000000000000e+00 4.760898572140348506e-02
8.973832100632170068e+02 1.965599757099054727e+02 1.084578907936027647e+01 0.000000000000000000e+00 0.000000000000000000e+00 1.930614733227642432e-03
7.009729135123237711e+02 4.064765021478997653e+01 6.336160999841868424e+00 0.000000000000000000e+00 0.000000000000000000e+00 6.466320430731364866e-03
5.027517572561482666e+02 2.009028177378994258e+02 3.727004110670642412e+00 0.000000000000000000e+00 0.000000000000000000e+00 -1.723769486982851262e-02
5.073601580902571868e+02 -1.988741449225502151e+02 3.746034610745483828e+00 0.000000000000000000e+00 0.000000000000000000e+00 -3.364755936878260911e-02
1.592779994916506439e+03 1.936054212692706642e+03 8.009887306923478434e+01 0.000000000000000000e+00 0.000000000000000000e+00 -1.417531445888187136e-02
1.595977871364233351e+03 2.328256328552141895e+03 1.017708796497792321e+02 0.000000000000000000e+00 0.000000000000000000e+00 -2.776444062423877313e-02
1.400095905919381039e+03 2.172793409354281266e+03 8.461057091335261759e+01 0.000000000000000000e+00 0.000000000000000000e+00 -2.758153199444279835e-02
1.206614262966304750e+03 1.934785821906743649e+03 6.523231464037421290e+01 0.000000000000000000e+00 0.000000000000000000e+00 7.424931863511119445e-04
1.202207728993349292e+03 2.332372417760231201e+03 8.671623994817117875e+01 0.000000000000000000e+00 0.000000000000000000e+00 -6.552729526913481095e-02
8.944525452815879589e+02 5.145888711301694229e+02 1.350325738038750956e+01 0.000000000000000000e+00 0.000000000000000000e+00 2.442771502102125680e-02
8.970268497435054087e+02 9.068792311826786090e+02 2.028409920886000606e+01 0.000000000000000000e+00 0.000000000000000000e+00 3.875107792317322719e-02
7.004395915285698493e+02 7.502892732782518124e+02 1.303274998365435877e+01 0.000000000000000000e+00 0.000000000000000000e+00 5.267626566547001232e-02
5.073465469327617825e+02 5.117534848007555865e+02 6.403112656063050245e+00 0.000000000000000000e+00 0.000000000000000000e+00 2.340931744918073321e-02
5.031088358133161478e+02 9.111991789595261935e+02 1.311920550248608208e+01 0.000000000000000000e+00 0.000000000000000000e+00 4.409246942461741980e-02
1.598533785215128319e+03 3.039543688989424936e+03 1.521498265564123642e+02 0.000000000000000000e+00 0.000000000000000000e+00 -2.654355678865272239e-02
1.403785085917327024e+03 2.885051177568628191e+03 1.316654426168710472e+02 0.000000000000000000e+00 0.000000000000000000e+00 -6.650077806870058339e-02
1.597279175293029766e+03 2.647822096982802123e+03 1.225838830200788010e+02 0.000000000000000000e+00 0.000000000000000000e+00 -7.178122881447279724e-02
1.209684975754777952e+03 2.644655142341777264e+03 1.070754100178887711e+02 0.000000000000000000e+00 0.000000000000000000e+00 -9.899351394446398444e-02
1.204850156491300140e+03 3.043217161053350083e+03 1.366964954848213836e+02 0.000000000000000000e+00 0.000000000000000000e+00 -8.940346738475568600e-02
8.933674602944475964e+02 1.223683882262749876e+03 2.840662784489268589e+01 0.000000000000000000e+00 0.000000000000000000e+00 3.483846763588260842e-02
7.008069755713248696e+02 1.461832719079096250e+03 3.214607576980242243e+01 0.000000000000000000e+00 0.000000000000000000e+00 2.459112350834402605e-02
5.038540325951429395e+02 1.621553152922043409e+03 3.502425151451258500e+01 0.000000000000000000e+00 0.000000000000000000e+00 -2.292461764340458785e-02
8.977049429905297302e+02 1.617169375102143476e+03 4.227780629531379475e+01 0.000000000000000000e+00 0.000000000000000000e+00 -4.274342382018403441e-03
5.065837382228233992e+02 1.222760727847362659e+03 2.118450628260626445e+01 0.000000000000000000e+00 0.000000000000000000e+00 4.226336372521899420e-02
6.998768077793146176e+02 2.172085776596509731e+03 6.433421383323725706e+01 0.000000000000000000e+00 0.000000000000000000e+00 -1.050612755844042567e-01
8.923666279334892124e+02 1.934144121188412555e+03 5.620337049166132459e+01 0.000000000000000000e+00 0.000000000000000000e+00 -3.382658364850499311e-02
5.057836391452519820e+02 1.934837813947328186e+03 4.888367011067108336e+01 0.000000000000000000e+00 0.000000000000000000e+00 -6.943765326905548818e-02
5.024311737764899135e+02 2.332386235166884035e+03 7.023083304399865767e+01 0.000000000000000000e+00 0.000000000000000000e+00 -7.082470785179850736e-02
8.964168889249550602e+02 2.326610174473904863e+03 7.749342127659869561e+01 0.000000000000000000e+00 0.000000000000000000e+00 -1.308988990179500433e-01
1.962293576429026416e+02 9.056470597805524676e+02 1.017922188061107036e+01 0.000000000000000000e+00 0.000000000000000000e+00 2.133980208557240132e-02
1.104975922507135319e-02 7.497842355850445983e+02 6.604455511469661921e+00 0.000000000000000000e+00 0.000000000000000000e+00 3.793612783842004177e-02
1.927390731397621551e+02 5.124062860358865237e+02 3.549069991419347314e+00 0.000000000000000000e+00 0.000000000000000000e+00 -2.368689208354535225e-02
-1.955725133889428662e+02 5.102628866920716746e+02 3.537572355915431732e+00 0.000000000000000000e+00 0.000000000000000000e+00 1.361534365009298142e-02
-1.977983471075800139e+02 9.095918837904072234e+02 1.027284073726349156e+01 0.000000000000000000e+00 0.000000000000000000e+00 5.976919628842836119e-03
-2.610144645818494155e+03 1.225107642352947096e+03 1.096378570064399725e+02 0.000000000000000000e+00 0.000000000000000000e+00 3.804044780319770780e-02
-2.606225660010536103e+03 1.617539790629504751e+03 1.240768364180300551e+02 0.000000000000000000e+00 0.000000000000000000e+00 -1.740169667998259229e-02
-2.802146410260294033e+03 1.461362967499451088e+03 1.323698673925420621e+02 0.000000000000000000e+00 0.000000000000000000e+00 2.191384194625811688e-02
-2.999956861720861980e+03 1.620585079814939945e+03 1.549313521689028903e+02 0.000000000000000000e+00 0.000000000000000000e+00 9.013881331156881060e-04
-2.996700496116675367e+03 1.221493472070725829e+03 1.393438971719669439e+02 0.000000000000000000e+00 0.000000000000000000e+00 7.247972355477827477e-02
-2.606907117143534833e+03 9.075681148712349113e+02 1.004472448003675424e+02 0.000000000000000000e+00 0.000000000000000000e+00 4.249789151809579835e-02
-2.612063690840571326e+03 5.130436902249869036e+02 9.325278091089566601e+01 0.000000000000000000e+00 0.000000000000000000e+00 9.610604917931198088e-02
-2.996406439670417512e+03 5.112487945172338186e+02 1.223742097836468758e+02 0.000000000000000000e+00 0.000000000000000000e+00 -1.793041377077031484e-02
-2.999859404412045933e+03 9.102503772133542270e+02 1.305814437045522141e+02 0.000000000000000000e+00 0.000000000000000000e+00 2.547033796281539253e-02
-2.803297510772395071e+03 7.504217067432045951e+02 1.113727037096531092e+02 0.000000000000000000e+00 0.000000000000000000e+00 7.279922213173506407e-02
1.932768168476547999e+02 -1.975637507921121880e+02 9.261151875434810998e-01 0.000000000000000000e+00 0.000000000000000000e+00 -3.996653195129917790e-02
-1.964289261822778201e+02 1.998255662186508061e+02 9.601997940356951089e-01 0.000000000000000000e+00 0.000000000000000000e+00 -2.577539041720244839e-02
1.966896311923916585e+02 1.957222730503833645e+02 9.426123061517943658e-01 0.000000000000000000e+00 0.000000000000000000e+00 -8.538721546961780540e-03
-4.361306059994903006e-02 3.896724683533249589e+01 1.754507814681062830e-02 0.000000000000000000e+00 0.000000000000000000e+00 -3.374130218099026177e-03
-1.944325002312083654e+02 -1.995737387101501952e+02 9.409823724580153037e-01 0.000000000000000000e+00 0.000000000000000000e+00 -5.231482775086448989e-03
1.966322879934069476e+02 -2.648038653392251490e+03 7.895878835317691369e+01 0.000000000000000000e+00 0.000000000000000000e+00 -1.825918006660884885e-01
1.929289243617358807e+02 -3.040099257401489012e+03 1.039454493478305750e+02 0.000000000000000000e+00 0.000000000000000000e+00 -2.455181304703017986e-01
2.637735903505172841e-01 -2.803846469642620832e+03 8.797373439241366100e+01 0.000000000000000000e+00 0.000000000000000000e+00 -1.659439525875541221e-01
-1.980061789129970009e+02 -2.645477756779644551e+03 7.881409417603994427e+01 0.000000000000000000e+00 0.000000000000000000e+00 -1.645131359718590147e-01
-1.929752850100985597e+02 -3.042298084900958202e+03 1.040960904148578408e+02 0.000000000000000000e+00 0.000000000000000000e+00 -2.478506090409950957e-01
1.971143307595812644e+02 -1.938167469262488112e+03 4.264089716308127009e+01 0.000000000000000000e+00 0.000000000000000000e+00 -1.290092058629426219e-01
4.853757972757561934e-01 -2.092883903698139420e+03 4.910072424807882641e+01 0.000000000000000000e+00 0.000000000000000000e+00 -1.115320579212877306e-01
1.930207325995393717e+02 -2.330324332080832846e+03 6.127924125240839714e+01 0.000000000000000000e+00 0.000000000000000000e+00 -1.610444446798879881e-01
-1.960432164566696258e+02 -1.933742104988498340e+03 4.244461378416707475e+01 0.000000000000000000e+00 0.000000000000000000e+00 -1.338648919848282048e-01
-1.932614293678631441e+02 -2.333518139588738450e+03 6.144654812394347232e+01 0.000000000000000000e+00 0.000000000000000000e+00 -1.535579308025489809e-01
1.924741149548665931e+02 -9.076149738808678649e+02 9.820394432150600039e+00 0.000000000000000000e+00 0.000000000000000000e+00 -6.370163065442646655e-02
1.979175524861945803e+02 -5.163604969080015508e+02 3.544740710096089931e+00 0.000000000000000000e+00 0.000000000000000000e+00 -6.429867822564894198e-02
-1.931981609970710565e+02 -9.108246705684573499e+02 9.889706708494257370e+00 0.000000000000000000e+00 0.000000000000000000e+00 -7.580940775971001244e-02
-1.962698632765402920e+02 -5.117295402314251760e+02 3.482364428830242886e+00 0.000000000000000000e+00 0.000000000000000000e+00 -7.276352182396239598e-02
3.570560834103503334e-01 -6.714216104953305830e+02 5.137543188983649145e+00 0.000000000000000000e+00 0.000000000000000000e+00 -6.292633991816032335e-02
-5.062193274279050570e+02 -1.618733475627220741e+03 3.271273787609134587e+01 0.000000000000000000e+00 0.000000000000000000e+00 -9.147622014966572124e-02
-8.971787942184193980e+02 -1.222862519252392758e+03 2.708024407289070012e+01 0.000000000000000000e+00 0.000000000000000000e+00 -5.391205163101275843e-02
-8.940985460018134745e+02 -1.622773395785348612e+03 3.972708792842506398e+01 0.000000000000000000e+00 0.000000000000000000e+00 -8.756311754446244322e-03
-5.039918285844999559e+02 -1.226496615609503579e+03 2.020714120925770985e+01 0.000000000000000000e+00 0.000000000000000000e+00 -5.136744613736965448e-02
-7.003899528424333312e+02 -1.384484766305996118e+03 2.781346466718671095e+01 0.000000000000000000e+00 0.000000000000000000e+00 -4.621748590533414358e-02
-5.043269389477383697e+02 -1.937849166551372491e+03 4.534791634689162265e+01 0.000000000000000000e+00 0.000000000000000000e+00 -1.034482759925765549e-01
-5.067158957073652346e+02 -2.329941736921502525e+03 6.404003233111947679e+01 0.000000000000000000e+00 0.000000000000000000e+00 -1.353422793643872524e-01
-6.998323993501473979e+02 -2.093720203928243336e+03 5.533387787694820759e+01 0.000000000000000000e+00 0.000000000000000000e+00 -8.905925697785477269e-02
-8.974843046888126992e+02 -1.935260449247650058e+03 5.221203070795476009e+01 0.000000000000000000e+00 0.000000000000000000e+00 -3.146487123493102445e-02
-8.935963080761583797e+02 -2.332807689779679094e+03 7.106962972115418609e+01 0.000000000000000000e+00 0.000000000000000000e+00 -6.700947850539762385e-02
-5.055222324234974849e+02 -2.650313060265499189e+03 8.185342577473961967e+01 0.000000000000000000e+00 0.000000000000000000e+00 -1.050739452662980966e-01
-5.089275102730351250e+02 -3.042800530482626527e+03 1.069738956612233522e+02 0.000000000000000000e+00 0.000000000000000000e+00 -1.949243338644777168e-01
-7.009525255733259428e+02 -2.806215388137621630e+03 9.439603682320655764e+01 0.000000000000000000e+00 0.000000000000000000e+00 -1.056028045891537204e-01
-8.969335329147943412e+02 -2.646177203412563358e+03 8.861073361388861258e+01 0.000000000000000000e+00 0.000000000000000000e+00 -6.069769456459539470e-02
-8.947471286039725555e+02 -3.043834893040870156e+03 1.140061702525428728e+02 0.000000000000000000e+00 0.000000000000000000e+00 -1.190068663672150251e-01
1.975381601952190636e+02 1.617981869982861099e+03 3.199533729926710990e+01 0.000000000000000000e+00 0.000000000000000000e+00 -2.230933446896443684e-02
1.944304217454341313e+02 1.224322291656459129e+03 1.832858533061775219e+01 0.000000000000000000e+00 0.000000000000000000e+00 3.555952980503818139e-02
1.627508468769098160e+00 1.460507893805464619e+03 2.553207595546192721e+01 0.000000000000000000e+00 0.000000000000000000e+00 3.458421874206862867e-02
-1.940126174241093508e+02 1.222150252099095042e+03 1.826217048352636851e+01 0.000000000000000000e+00 0.000000000000000000e+00 2.886032718408060305e-02
-1.963061660088088445e+02 1.621076283671169904e+03 3.211209532704945957e+01 0.000000000000000000e+00 0.000000000000000000e+00 2.538602971969794453e-02
6.999149996067177426e+02 2.883170411452568260e+03 1.105892647423864332e+02 0.000000000000000000e+00 0.000000000000000000e+00 -6.077557460959326363e-02
5.065713454027949751e+02 2.644901175355574196e+03 9.021644285197695012e+01 0.000000000000000000e+00 0.000000000000000000e+00 -4.967018329539030219e-02
5.021753294361442954e+02 3.042966510813842433e+03 1.196376472414135463e+02 0.000000000000000000e+00 0.000000000000000000e+00 -7.470230691190238304e-02
8.961453274050043092e+02 3.037768736266254109e+03 1.270358400290795799e+02 0.000000000000000000e+00 0.000000000000000000e+00 -8.164488838654904157e-02
8.933446172517549257e+02 2.647232565365605751e+03 9.793786885155390110e+01 0.000000000000000000e+00 0.000000000000000000e+00 -5.526410750847787767e-02
1.925338728752578561e+02 1.935250092396141326e+03 4.593257792381001536e+01 0.000000000000000000e+00 0.000000000000000000e+00 -1.159840758428529739e-01
1.963363961830468440e+02 2.327320007892225931e+03 6.698398628563498391e+01 0.000000000000000000e+00 0.000000000000000000e+00 -8.586575669636431485e-02
5.367356671697328663e-01 2.172146016582261836e+03 5.762499637726784130e+01 0.000000000000000000e+00 0.000000000000000000e+00 -4.943460399903187863e-02
-1.930636346332408095e+02 1.933482555895872110e+03 4.585007854531237115e+01 0.000000000000000000e+00 0.000000000000000000e+00 -4.913132192523761432e-02
-1.978946060600922578e+02 2.331352731558892174e+03 6.723092648825098649e+01 0.000000000000000000e+00 0.000000000000000000e+00 -5.274217417276361175e-02
1.918455436924862738e+02 2.646500625460867468e+03 8.726060057112312052e+01 0.000000000000000000e+00 0.000000000000000000e+00 -8.783620329732855225e-02
1.963680759767600819e+02 3.038932787825455762e+03 1.162901475040257822e+02 0.000000000000000000e+00 0.000000000000000000e+00 -7.124017295799944804e-02
4.839227063128843098e-01 2.882474143398930210e+03 1.036397863826091310e+02 0.000000000000000000e+00 0.000000000000000000e+00 -6.570609388708703591e-02
-1.942532544494098090e+02 2.644323916954671404e+03 8.712523810576368533e+01 0.000000000000000000e+00 0.000000000000000000e+00 -6.538088481009651787e-02
-1.983369293072227890e+02 3.042299240084969369e+03 1.165696960707946914e+02 0.000000000000000000e+00 0.000000000000000000e+00 -4.418355240056826005e-02
-5.075047330657380371e+02 1.934203515518981476e+03 4.887669735971930152e+01 0.000000000000000000e+00 0.000000000000000000e+00 -3.805833581491668838e-02
-5.028692532828181356e+02 2.327271182879679145e+03 6.993378709077812516e+01 0.000000000000000000e+00 0.000000000000000000e+00 -9.483196784763947562e-02
-7.000677629494713301e+02 2.171658297715260687e+03 6.431438169342219169e+01 0.000000000000000000e+00 0.000000000000000000e+00 -5.997363175309544658e-02
-8.949454375075514463e+02 1.933706413039577455e+03 5.624488028198840084e+01 0.000000000000000000e+00 0.000000000000000000e+00 -6.544577809150098346e-02
-8.974484888671003091e+02 2.331868705963551747e+03 7.783200396482648387e+01 0.000000000000000000e+00 0.000000000000000000e+00 -7.288106832106677757e-02
-5.072010661014827519e+02 2.647461285486722318e+03 9.040015111760742172e+01 0.000000000000000000e+00 0.000000000000000000e+00 -6.912671118699620365e-02
-5.029912430842426829e+02 3.038861216351811890e+03 1.193212432275301182e+02 0.000000000000000000e+00 0.000000000000000000e+00 -8.572627009702671330e-02
-7.002713674443377840e+02 2.883681380482154964e+03 1.106347966565679002e+02 0.000000000000000000e+00 0.000000000000000000e+00 -7.383003989311021087e-02
-8.974110684984009367e+02 3.043100771667610388e+03 1.274957277632997403e+02 0.000000000000000000e+00 0.000000000000000000e+00 -9.170164582054951552e-02
-8.938910872850350415e+02 2.645366064107007787e+03 9.782353181592374369e+01 0.000000000000000000e+00 0.000000000000000000e+00 -6.707111683347477538e-02
-1.208102527637588082e+03 2.646398222593590162e+03 1.071418769938775455e+02 0.000000000000000000e+00 0.000000000000000000e+00 -8.463266679613923316e-02
-1.204527263934128086e+03 3.038173531018548147e+03 1.362789945097005955e+02 0.000000000000000000e+00 0.000000000000000000e+00 -1.226139365074061516e-01
-1.399681882031909936e+03 2.882256095823843225e+03 1.312894127166948124e+02 0.000000000000000000e+00 0.000000000000000000e+00 4.392680422338912649e-02
-1.595092257082647166e+03 2.644411007272834468e+03 1.222484622707474671e+02 0.000000000000000000e+00 0.000000000000000000e+00 -1.044040233871754708e-01
-1.598256482447121925e+03 3.042011771766980473e+03 1.523375922830611273e+02 0.000000000000000000e+00 0.000000000000000000e+00 -1.153039804396769341e-01
