# x y z x_res y_res z_res
-1.939061011257367397e+02 -1.223673368231569157e+03 1.739723320067745149e+01 0.000000000000000000e+00 0.000000000000000000e+00 -1.952316761022032665e-02
1.970710011797088725e+02 -1.619951568026576751e+03 3.001422400697576975e+01 0.000000000000000000e+00 0.000000000000000000e+00 7.372123229391291943e-03
-1.900816278003773050e+02 -1.622487742350551571e+03 3.007190355432235052e+01 0.000000000000000000e+00 0.000000000000000000e+00 4.865397561204076737e-03
4.476481191752307076e+00 -1.383412506455591256e+03 2.158708450474622964e+01 0.000000000000000000e+00 0.000000000000000000e+00 -9.484427614182777688e-03
2.000703335933124265e+02 -1.226701640570822519e+03 1.751106175901246331e+01 0.000000000000000000e+00 0.000000000000000000e+00 3.678404889079445184e-03
-5.009032242285817915e+02 -1.227800946839274047e+03 2.020379484264301340e+01 0.000000000000000000e+00 0.000000000000000000e+00 -1.117938383685057602e-02
-8.940686754205236184e+02 -1.225146186648267758e+03 2.707217018438015543e+01 0.000000000000000000e+00 0.000000000000000000e+00 -2.270886802453375708e-02
-8.899912054324859128e+02 -1.625044072802582150e+03 3.971659661320148871e+01 0.000000000000000000e+00 0.000000000000000000e+00 2.606717638125388703e-02
-5.021702718261975633e+02 -1.620059769558239168e+03 3.270914837716055246e+01 0.000000000000000000e+00 0.000000000000000000e+00 -6.748620493844725843e-03
-6.969175359910642555e+02 -1.386286820900988914e+03 2.780793861082353402e+01 0.000000000000000000e+00 0.000000000000000000e+00 -4.535384814449372470e-03
-1.203469719945911493e+03 -1.623289313997759109e+03 4.798284914368046117e+01 0.000000000000000000e+00 0.000000000000000000e+00 -1.280752069973090101e-02
-1.590609355018223368e+03 -1.626188523257193083e+03 6.189407737122334652e+01 0.000000000000000000e+00 0.000000000000000000e+00 -3.406578071700039345e-02
-1.201869700968966526e+03 -1.229295252100021571e+03 3.538135464728264168e+01 0.000000000000000000e+00 0.000000000000000000e+00 -2.517167022243427255e-02
-1.396554525218018398e+03 -1.386041525821181040e+03 4.640661286282356457e+01 0.000000000000000000e+00 0.000000000000000000e+00 -5.537916582809998545e-03
-1.596084330070993701e+03 -1.227015495159944294e+03 4.940653624988455306e+01 0.000000000000000000e+00 0.000000000000000000e+00 -5.127925599893501385e-03
-4.994507968080164915e+02 -1.939169343186900505e+03 4.534313991070484917e+01 0.000000000000000000e+00 0.000000000000000000e+00 -1.979991629895039296e-03
-5.008904835390444532e+02 -2.331286104526786403e+03 6.403555323090047580e+01 0.000000000000000000e+00 0.000000000000000000e+00 -1.876062716867465952e-02
-8.877687269784671571e+02 -2.335119823891400756e+03 7.105818692095935774e+01 0.000000000000000000e+00 0.000000000000000000e+00 -1.578217864411612936e-02
-8.926174241319425846e+02 -1.937583731554833321e+03 5.220196603390253642e+01 0.000000000000000000e+00 0.000000000000000000e+00 3.233770310556138838e-02
-6.945756191285335035e+02 -2.095588206525102123e+03 5.532832204789243491e+01 0.000000000000000000e+00 0.000000000000000000e+00 1.175293851654402033e-02
-1.200203583182437342e+03 -1.941271676061588096e+03 6.054096061252968042e+01 0.000000000000000000e+00 0.000000000000000000e+00 6.080014780067699576e-03
-1.593861127423152084e+03 -1.938578480029544380e+03 7.447841036382013158e+01 0.000000000000000000e+00 0.000000000000000000e+00 8.706251250330865332e-03
-1.396714734600231168e+03 -2.097449921813374203e+03 7.410514347464382467e+01 0.000000000000000000e+00 0.000000000000000000e+00 1.210514303156173810e-02
-1.201913697361195091e+03 -2.334326325993566570e+03 7.938655883676761960e+01 0.000000000000000000e+00 0.000000000000000000e+00 8.927871571117407257e-03
-1.588552241412709236e+03 -2.337382137231318666e+03 9.338052934316002052e+01 0.000000000000000000e+00 0.000000000000000000e+00 1.062204115137888039e-02
1.212953755755231668e+03 -2.641913553854215479e+03 9.689699532487026090e+01 0.000000000000000000e+00 0.000000000000000000e+00 -2.754638717566137984e-02
1.409724190689467378e+03 -2.800932969431216861e+03 1.132880223687792949e+02 0.000000000000000000e+00 0.000000000000000000e+00 -2.688089854321162875e-02
1.216032432223153137e+03 -3.039518119817194929e+03 1.224611959457854482e+02 0.000000000000000000e+00 0.000000000000000000e+00 -2.991290488260744951e-02
1.605928171573657210e+03 -2.645222524186915052e+03 1.113630942076772072e+02 0.000000000000000000e+00 0.000000000000000000e+00 -1.861243937305800955e-02
1.602148179310751857e+03 -3.037240836216158641e+03 1.364262543337770808e+02 0.000000000000000000e+00 0.000000000000000000e+00 -7.329137781994177203e-03
-4.988625427212520549e+02 -2.651695041344516085e+03 8.185025073502343673e+01 0.000000000000000000e+00 0.000000000000000000e+00 4.951986810226571833e-04
-6.939065113426156586e+02 -2.808106988092005849e+03 9.438954362286169442e+01 0.000000000000000000e+00 0.000000000000000000e+00 2.543126200433221129e-02
-5.012680568832021208e+02 -3.044200560069929907e+03 1.069705485919222099e+02 0.000000000000000000e+00 0.000000000000000000e+00 1.082953896396077198e-02
-8.902983233787310837e+02 -2.648599203945349473e+03 8.860297373872498383e+01 0.000000000000000000e+00 0.000000000000000000e+00 4.774258298994027427e-04
-8.870314886968335486e+02 -3.046225779681431959e+03 1.139934241212639421e+02 0.000000000000000000e+00 0.000000000000000000e+00 2.081354387112810400e-02
-1.198341377490752393e+03 -2.651516533660018922e+03 9.701604786440728390e+01 0.000000000000000000e+00 0.000000000000000000e+00 -3.580438165488430968e-02
-1.592422782874178438e+03 -2.648388938086490271e+03 1.109938547449161064e+02 0.000000000000000000e+00 0.000000000000000000e+00 -1.707266260331152807e-02
-1.393576431605054040e+03 -2.807289761666102549e+03 1.131058835088004884e+02 0.000000000000000000e+00 0.000000000000000000e+00 6.015192863344509533e-03
-1.199267482916470499e+03 -3.044185456442499344e+03 1.222587717529453499e+02 0.000000000000000000e+00 0.000000000000000000e+00 3.230730350196608924e-03
-1.585518420094716703e+03 -3.047573869688098057e+03 1.364503781418204937e+02 0.000000000000000000e+00 0.000000000000000000e+00 -1.520347529975651923e-03
9.012710519600210546e+02 -3.038376278405514768e+03 1.137824756976620648e+02 0.000000000000000000e+00 0.000000000000000000e+00 -9.906559359166067225e-03
5.146121187352565585e+02 -3.042069728139370000e+03 1.069984939898030376e+02 0.000000000000000000e+00 0.000000000000000000e+00 3.509117682249041081e-02
9.036106817998113456e+02 -2.645904918737773187e+03 8.874822453603003680e+01 0.000000000000000000e+00 0.000000000000000000e+00 1.514919621034493957e-02
7.084880539350658637e+02 -2.802593437827063553e+03 9.430385798873246017e+01 0.000000000000000000e+00 0.000000000000000000e+00 1.339970470959883642e-02
5.105335953084066318e+02 -2.644067878668635785e+03 8.154824268328356141e+01 0.000000000000000000e+00 0.000000000000000000e+00 1.864594677977038373e-02
-1.852391584792783021e+02 -3.042850546866016430e+03 1.040964128020785324e+02 0.000000000000000000e+00 0.000000000000000000e+00 -2.637947498413950598e-03
2.006642830059018081e+02 -3.039663311679255457e+03 1.039546473882967916e+02 0.000000000000000000e+00 0.000000000000000000e+00 -8.948423204955702204e-03
2.033371504533403993e+02 -2.647578435912613713e+03 7.896563440606132644e+01 0.000000000000000000e+00 0.000000000000000000e+00 7.029501087131961867e-03
-1.913177139100477575e+02 -2.646054721350549244e+03 7.881512456817702628e+01 0.000000000000000000e+00 0.000000000000000000e+00 2.592255429108547560e-02
7.359667394988304245e+00 -2.803898169059707925e+03 8.797767174415922398e+01 0.000000000000000000e+00 0.000000000000000000e+00 9.133992965047355028e-03
-1.905543519752503471e+03 -1.624994438251835390e+03 7.600027472897161829e+01 0.000000000000000000e+00 0.000000000000000000e+00 -8.401771937016633274e-03
-2.292041347820926603e+03 -1.629133260163462410e+03 9.717560518664261338e+01 0.000000000000000000e+00 0.000000000000000000e+00 -6.088374652193806469e-03
-1.905402422794751146e+03 -1.231214029743592619e+03 6.344754818199681523e+01 0.000000000000000000e+00 0.000000000000000000e+00 -1.634371750218122088e-02
-2.298499322046287489e+03 -1.229014206550245717e+03 8.481168084624198400e+01 0.000000000000000000e+00 0.000000000000000000e+00 -4.485157845142850874e-02
-2.099516197772661144e+03 -1.388833922942116942e+03 7.809529391693692446e+01 0.000000000000000000e+00 0.000000000000000000e+00 2.630087509473355567e-03
-1.901096897213518560e+03 -1.943176703748371665e+03 8.849393727290976130e+01 0.000000000000000000e+00 0.000000000000000000e+00 1.217750501524506035e-03
-2.294218510289685582e+03 -1.939271792651012674e+03 1.097249537126775607e+02 0.000000000000000000e+00 0.000000000000000000e+00 -8.517880721115034248e-05
-2.096832180708356645e+03 -2.098783716186905622e+03 1.056927764686804494e+02 0.000000000000000000e+00 0.000000000000000000e+00 1.367909875450834534e-02
-1.903360317443272379e+03 -2.335792160434298694e+03 1.074910024533358666e+02 0.000000000000000000e+00 0.000000000000000000e+00 2.338423761902674869e-02
-2.290479249645264645e+03 -2.337783527226242768e+03 1.287397072933164281e+02 0.000000000000000000e+00 0.000000000000000000e+00 -2.577527814082714031e-04
1.210808473466152236e+03 -1.930305454321941170e+03 6.039225216967766130e+01 0.000000000000000000e+00 0.000000000000000000e+00 -8.312432787448642557e-03
1.408585066161683471e+03 -2.089593700044142224e+03 7.416290043319315828e+01 0.000000000000000000e+00 0.000000000000000000e+00 1.359257398503643799e-02
1.214472159539565155e+03 -2.328584450823793759e+03 7.947450371516222845e+01 0.000000000000000000e+00 0.000000000000000000e+00 -1.025040910528218774e-02
1.603973890121043269e+03 -1.932424270514432237e+03 7.462647753094428538e+01 0.000000000000000000e+00 0.000000000000000000e+00 -8.511435538125056155e-03
1.601586589950817825e+03 -2.325626521700514786e+03 9.329982745854748316e+01 0.000000000000000000e+00 0.000000000000000000e+00 -1.978855012323776918e-02
9.032179873800945415e+02 -1.934536328518948721e+03 5.231168286466972717e+01 0.000000000000000000e+00 0.000000000000000000e+00 4.880455882350531738e-03
7.068758404951001921e+02 -2.090037872482861530e+03 5.528753140285777334e+01 0.000000000000000000e+00 0.000000000000000000e+00 -1.563828476329121031e-02
8.996399427147791812e+02 -2.327676513941597932e+03 7.094023128336338857e+01 0.000000000000000000e+00 0.000000000000000000e+00 -9.420626468454429414e-03
5.136538748080234882e+02 -2.330207487886889794e+03 6.414360143725937746e+01 0.000000000000000000e+00 0.000000000000000000e+00 -2.477318139779072226e-02
5.094934570422585125e+02 -1.932006918248104967e+03 4.516202903351979359e+01 0.000000000000000000e+00 0.000000000000000000e+00 -2.187694053494482205e-02
2.020684461096510915e+02 -1.937707460421234600e+03 4.264597726341830253e+01 0.000000000000000000e+00 0.000000000000000000e+00 -1.211674544192931080e-02
-1.910972691783676112e+02 -1.934275764925206886e+03 4.244346209301075135e+01 0.000000000000000000e+00 0.000000000000000000e+00 -3.385516908259944557e-03
5.802476112167877176e+00 -2.092908619852219090e+03 4.910229928136492816e+01 0.000000000000000000e+00 0.000000000000000000e+00 -4.246010949302103654e-03
1.988930724489399609e+02 -2.329887734125220504e+03 6.128568271988247318e+01 0.000000000000000000e+00 0.000000000000000000e+00 -2.324319933556751039e-03
-1.873359530388505334e+02 -2.334023655140009851e+03 6.144431479223076309e+01 0.000000000000000000e+00 0.000000000000000000e+00 3.061023789562966613e-03
7.045885815652596875e+02 -1.378801477903939940e+03 2.771246234954603338e+01 0.000000000000000000e+00 0.000000000000000000e+00 2.338372951506073605e-03
5.061679246735126867e+02 -1.220759363006455260e+03 2.007759551457276004e+01 0.000000000000000000e+00 0.000000000000000000e+00 1.430443098999134577e-02
8.969719906802944251e+02 -1.615404636415929417e+03 3.952589556661670400e+01 0.000000000000000000e+00 0.000000000000000000e+00 -1.042937760015405502e-02
5.125489517841068619e+02 -1.619443208244395237e+03 3.281979109361567026e+01 0.000000000000000000e+00 0.000000000000000000e+00 1.041694418516669884e-02
9.003433511404622323e+02 -1.223035583549619787e+03 2.715710189401055530e+01 0.000000000000000000e+00 0.000000000000000000e+00 2.020626341840525697e-02
1.601993314012738210e+03 -1.222075848948966268e+03 4.951388320373440166e+01 0.000000000000000000e+00 0.000000000000000000e+00 3.460382675687867504e-02
1.208198448578532407e+03 -1.219112887050974450e+03 3.529696116899783220e+01 0.000000000000000000e+00 0.000000000000000000e+00 7.189666626452151377e-03
1.212953693850693753e+03 -1.618658445601014819e+03 4.810673244408291538e+01 0.000000000000000000e+00 0.000000000000000000e+00 -2.111115863382195812e-02
1.406338529091284954e+03 -1.378557899986310531e+03 4.652565103612919017e+01 0.000000000000000000e+00 0.000000000000000000e+00 2.401571165168547850e-02
1.599445931433442183e+03 -1.614283150248817492e+03 6.182415091823157383e+01 0.000000000000000000e+00 0.000000000000000000e+00 8.286658259287094097e-03
2.302088566556936257e+03 -1.220245410446158303e+03 8.478859731983246206e+01 0.000000000000000000e+00 0.000000000000000000e+00 2.795772984075028944e-02
1.908988754417777500e+03 -1.217376903262048927e+03 6.324714562655499606e+01 0.000000000000000000e+00 0.000000000000000000e+00 2.174722617869662145e-02
2.107088186912095807e+03 -1.376723729205062909e+03 7.813482891377987016e+01 0.000000000000000000e+00 0.000000000000000000e+00 2.704535265748120310e-02
2.298720241238748713e+03 -1.612827985858847796e+03 9.698343008936909371e+01 0.000000000000000000e+00 0.000000000000000000e+00 4.305983159683535177e-02
1.913561217762505066e+03 -1.616218815621890144e+03 7.607722042844186205e+01 0.000000000000000000e+00 0.000000000000000000e+00 9.008541662254287985e-03
1.910764924374957445e+03 -1.929698165141269101e+03 8.838435503300304674e+01 0.000000000000000000e+00 0.000000000000000000e+00 7.835510745792362286e-03
2.108571591964080199e+03 -2.087515047533038796e+03 1.058031197363382887e+02 0.000000000000000000e+00 0.000000000000000000e+00 -2.559594884581883889e-02
2.302027221993872899e+03 -2.323309831512669462e+03 1.286700331085591529e+02 0.000000000000000000e+00 0.000000000000000000e+00 6.097399779093848338e-03
1.915309384327786574e+03 -2.328198201253453135e+03 1.076831460366167619e+02 0.000000000000000000e+00 0.000000000000000000e+00 -5.127417542126977423e-03
2.303821552068302481e+03 -1.930098102629967116e+03 1.099015865699869750e+02 0.000000000000000000e+00 0.000000000000000000e+00 -8.519191283994587138e-03
2.610936991961873900e+03 -1.927390783730482724e+02 8.922337778685350429e+01 0.000000000000000000e+00 0.000000000000000000e+00 -5.044963925253398429e-02
2.606755176494750685e+03 2.064432822819635476e+02 8.967916457285566878e+01 0.000000000000000000e+00 0.000000000000000000e+00 -2.290647728936789917e-02
2.998894641832149318e+03 2.031180841265899630e+02 1.191947084635603460e+02 0.000000000000000000e+00 0.000000000000000000e+00 -9.634348431148964664e-03
2.804056207542135326e+03 4.759895883298214869e+01 1.031855305748321996e+02 0.000000000000000000e+00 0.000000000000000000e+00 -3.158974348265530807e-02
2.996257741716988221e+03 -1.898999985253174145e+02 1.180569173939337873e+02 0.000000000000000000e+00 0.000000000000000000e+00 -4.206968003107647291e-02
2.102767097952975291e+03 4.497980041057940070e+01 5.749364300292789665e+01 0.000000000000000000e+00 0.000000000000000000e+00 1.878321040391739416e-02
2.296763371805394854e+03 -1.908399330726996084e+02 6.883958501362187121e+01 0.000000000000000000e+00 0.000000000000000000e+00 -1.339467717679099223e-02
1.910235575473032213e+03 -1.952953817744254934e+02 4.754900339268181853e+01 0.000000000000000000e+00 0.000000000000000000e+00 8.119094873315191307e-03
1.904575976809698204e+03 2.039397121036923295e+02 4.768650926130335677e+01 0.000000000000000000e+00 0.000000000000000000e+00 2.820467916141922160e-02
2.298017777416397621e+03 2.018783145562778145e+02 6.949665652603209764e+01 0.000000000000000000e+00 0.000000000000000000e+00 -7.319567219553846371e-03
2.607197199114878913e+03 -5.043466553663710101e+02 9.102605862621386734e+01 0.000000000000000000e+00 0.000000000000000000e+00 -4.197926548755503973e-03
2.611115212676765168e+03 -9.029287593956714773e+02 9.726208538484527821e+01 0.000000000000000000e+00 0.000000000000000000e+00 -2.220397774074456265e-02
3.000966336304568358e+03 -5.076749917654989872e+02 1.204191074889587867e+02 0.000000000000000000e+00 0.000000000000000000e+00 -2.333516496977949828e-02
2.805215128638334591e+03 -6.643896938130485523e+02 1.071558152998247948e+02 0.000000000000000000e+00 0.000000000000000000e+00 1.234177629228838668e-03
2.997180391383305505e+03 -9.001775737259539483e+02 1.258930808226161844e+02 0.000000000000000000e+00 0.000000000000000000e+00 1.296149956904457667e-02
1.598009775003770073e+03 1.994661979688845861e+02 3.359270678437163582e+01 0.000000000000000000e+00 0.000000000000000000e+00 1.982179148665608182e-02
1.402263409925347332e+03 4.243001506875629047e+01 2.540515472154710963e+01 0.000000000000000000e+00 0.000000000000000000e+00 1.166827135156722761e-02
1.203862088155941365e+03 2.019538397046143245e+02 1.922098379865499140e+01 0.000000000000000000e+00 0.000000000000000000e+00 -6.706055563828527966e-03
1.595794828365304511e+03 -1.940577510909765522e+02 3.320907903923612992e+01 0.000000000000000000e+00 0.000000000000000000e+00 -3.194193671745892971e-03
1.208869210266597520e+03 -1.964412734438390657e+02 1.919388105041759118e+01 0.000000000000000000e+00 0.000000000000000000e+00 -1.484043150677294420e-02
2.301623665637204340e+03 -5.089412314069818422e+02 7.133539128028787957e+01 0.000000000000000000e+00 0.000000000000000000e+00 -1.171091283354996904e-02
2.106462219303453821e+03 -6.657762627550699790e+02 6.206535468648284848e+01 0.000000000000000000e+00 0.000000000000000000e+00 1.966150464225080441e-02
1.908325503875586719e+03 -5.062412985665155816e+02 4.971065168026558467e+01 0.000000000000000000e+00 0.000000000000000000e+00 3.895332233902593089e-03
2.299609797181775320e+03 -9.014240469116085706e+02 7.717857700401815180e+01 0.000000000000000000e+00 0.000000000000000000e+00 9.634186363456365143e-03
1.912220596222587801e+03 -9.047992618927785315e+02 5.605127710965125232e+01 0.000000000000000000e+00 0.000000000000000000e+00 3.957117832072754027e-03
5.061023338645481999e+02 5.130832568517962500e+02 6.402848795476703714e+00 0.000000000000000000e+00 0.000000000000000000e+00 2.539367997791863729e-03
5.008535122994603057e+02 9.125388186275115459e+02 1.311872799101630882e+01 0.000000000000000000e+00 0.000000000000000000e+00 1.018836687907054284e-02
6.985726270384700456e+02 7.521189956433053112e+02 1.303145790493186063e+01 0.000000000000000000e+00 0.000000000000000000e+00 1.469793812840158864e-02
8.947381838322014573e+02 9.092226681988439623e+02 2.028155191294415260e+01 0.000000000000000000e+00 0.000000000000000000e+00 2.072802858499400713e-02
8.931794919051566239e+02 5.169279648964691205e+02 1.350256829803267955e+01 0.000000000000000000e+00 0.000000000000000000e+00 1.305044163666480017e-02
8.969189516422030692e+02 1.988763400553546319e+02 1.084620398295295196e+01 0.000000000000000000e+00 0.000000000000000000e+00 1.428664429894865862e-02
5.023037722292061176e+02 2.022603919813380458e+02 3.727657802327433156e+00 0.000000000000000000e+00 0.000000000000000000e+00 1.091850516506331914e-02
7.008968510059704613e+02 4.247252800809184237e+01 6.336788078467362695e+00 0.000000000000000000e+00 0.000000000000000000e+00 2.994436529628252686e-02
8.945222995337248904e+02 -1.944787790843692790e+02 1.068260582323398289e+01 0.000000000000000000e+00 0.000000000000000000e+00 1.256052210597680130e-02
5.078818508164304717e+02 -1.974517796927977429e+02 3.746431505695593245e+00 0.000000000000000000e+00 0.000000000000000000e+00 2.102121089496566952e-02
2.611301267190810449e+03 -1.216172364019814722e+03 1.045641344733282523e+02 0.000000000000000000e+00 0.000000000000000000e+00 -1.368433913448541261e-02
2.807604142054184194e+03 -1.375622604794281642e+03 1.231753026493286001e+02 0.000000000000000000e+00 0.000000000000000000e+00 2.072565604652254478e-02
2.615026147036194743e+03 -1.615458276836681989e+03 1.174183608942590809e+02 0.000000000000000000e+00 0.000000000000000000e+00 -3.115045474275746074e-02
3.003616926176136531e+03 -1.219594570049485810e+03 1.338016532692042233e+02 0.000000000000000000e+00 0.000000000000000000e+00 -5.154098098387294158e-03
2.999453092111915339e+03 -1.611619960322171892e+03 1.458370917115354359e+02 0.000000000000000000e+00 0.000000000000000000e+00 1.035836470896356332e-02
1.600968441872033509e+03 -5.107985445715235073e+02 3.580225120304641706e+01 0.000000000000000000e+00 0.000000000000000000e+00 -2.586153857169648518e-02
1.207088936502455454e+03 -5.094536289656815029e+02 2.156395024862112564e+01 0.000000000000000000e+00 0.000000000000000000e+00 -1.508874619532107886e-02
1.405812677857367589e+03 -6.679176349303385223e+02 3.029354105529176167e+01 0.000000000000000000e+00 0.000000000000000000e+00 1.669643678566501421e-02
1.598821306457129140e+03 -9.039917798952186558e+02 4.185651053934928711e+01 0.000000000000000000e+00 0.000000000000000000e+00 -5.184764677281350487e-03
1.212710143916579909e+03 -9.081803923144095734e+02 2.804439565677199653e+01 0.000000000000000000e+00 0.000000000000000000e+00 -1.516869532011710930e-02
8.987207733998695858e+02 -5.115324718527407981e+02 1.327974643581266889e+01 0.000000000000000000e+00 0.000000000000000000e+00 -5.973762789038161714e-03
5.037751006673221923e+02 -5.093585016299471135e+02 6.193056458715996193e+00 0.000000000000000000e+00 0.000000000000000000e+00 1.728680223653000780e-02
7.028351669266839963e+02 -6.682225486622121480e+02 1.136214398628029620e+01 0.000000000000000000e+00 0.000000000000000000e+00 5.374734127805425032e-04
8.964164449269491115e+02 -9.051186949688707273e+02 1.948755085689009192e+01 0.000000000000000000e+00 0.000000000000000000e+00 7.985754744115780568e-03
5.101146016921702540e+02 -9.079056555010635066e+02 1.265099403393952748e+01 0.000000000000000000e+00 0.000000000000000000e+00 -3.433253775233069405e-03
1.937671842498518515e+02 -1.969984891206750035e+02 9.259865640150485300e-01 0.000000000000000000e+00 0.000000000000000000e+00 9.515959724146205723e-03
1.962351863318017422e+02 1.962900602779431267e+02 9.429042581431587022e-01 0.000000000000000000e+00 0.000000000000000000e+00 -1.729979420626648334e-02
-1.103129953648121775e-01 3.903503419743043423e+01 1.760633147182814884e-02 0.000000000000000000e+00 0.000000000000000000e+00 8.424620388343597582e-03
-1.939133991040223464e+02 -2.000042097430921331e+02 9.403759087555363383e-01 0.000000000000000000e+00 0.000000000000000000e+00 3.802123001968693572e-03
-1.969286576493199448e+02 1.993931278595962340e+02 9.607217528751827995e-01 0.000000000000000000e+00 0.000000000000000000e+00 7.503790692761524994e-03
1.992442387503050156e+02 -5.158492581362795590e+02 3.545439842915979689e+00 0.000000000000000000e+00 0.000000000000000000e+00 -4.609963491464252883e-03
2.098590139308033731e+00 -6.713978799209027102e+02 5.137236348138073616e+00 0.000000000000000000e+00 0.000000000000000000e+00 1.239024720183490302e-02
1.947786389304512511e+02 -9.070835154869470216e+02 9.820812427822868784e+00 0.000000000000000000e+00 0.000000000000000000e+00 1.686537395894838198e-02
-1.908811299738705998e+02 -9.112462532243276883e+02 9.887108091931878562e+00 0.000000000000000000e+00 0.000000000000000000e+00 1.095308610322121012e-02
-1.949737119695685124e+02 -5.122053383298508606e+02 3.481456668594729909e+00 0.000000000000000000e+00 0.000000000000000000e+00 1.838525096335086317e-03
-5.019966924829765844e+02 -5.167903117877538079e+02 6.256677894881499391e+00 0.000000000000000000e+00 0.000000000000000000e+00 -1.508560284922477734e-02
-5.048212463866665303e+02 -9.101120992928483702e+02 1.262809960885780214e+01 0.000000000000000000e+00 0.000000000000000000e+00 -2.814613671692001162e-03
-8.962698778621160045e+02 -5.139916671707386513e+02 1.325188272591653948e+01 0.000000000000000000e+00 0.000000000000000000e+00 -2.010283408493407364e-02
-6.982718723874124862e+02 -6.734669149341706316e+02 1.136013708734848038e+01 0.000000000000000000e+00 0.000000000000000000e+00 -1.218946549888677566e-02
-8.911319824978272663e+02 -9.129157764312069503e+02 1.952654489487951750e+01 0.000000000000000000e+00 0.000000000000000000e+00 9.553564229797473217e-03
-1.407017069063876988e+03 2.878832618468733472e+03 1.313208454337913622e+02 0.000000000000000000e+00 0.000000000000000000e+00 1.130403372593491440e-02
-1.605939188858418902e+03 3.038032923189505709e+03 1.523666271720797454e+02 0.000000000000000000e+00 0.000000000000000000e+00 -1.746757614876059961e-02
-1.214522253942717725e+03 2.643053520090983056e+03 1.071295263097556187e+02 0.000000000000000000e+00 0.000000000000000000e+00 1.393834082995226709e-02
-1.601790577886337815e+03 2.640495478195708529e+03 1.222782954574591656e+02 0.000000000000000000e+00 0.000000000000000000e+00 -1.998033907568697032e-03
-1.212250196533366534e+03 3.035199789311634049e+03 1.363054348611039472e+02 0.000000000000000000e+00 0.000000000000000000e+00 -1.404171428924883003e-02
-7.055436578802347185e+02 2.169996230218788241e+03 6.432864698340436860e+01 0.000000000000000000e+00 0.000000000000000000e+00 7.161390785057619723e-04
-9.033120357236344944e+02 2.329705117179574245e+03 7.784901284793669163e+01 0.000000000000000000e+00 0.000000000000000000e+00 -5.639792851184211031e-03
-5.087667426585767316e+02 2.326088062973035449e+03 6.994600703255235885e+01 0.000000000000000000e+00 0.000000000000000000e+00 -2.516761376028853192e-02
-5.123908965333055221e+02 1.933078831302125764e+03 4.889005503903508298e+01 0.000000000000000000e+00 0.000000000000000000e+00 1.607367287277838841e-03
-8.998034107820905092e+02 1.931562769232412620e+03 5.625953263219266631e+01 0.000000000000000000e+00 0.000000000000000000e+00 -1.849152317256397282e-02
-1.405689855044148544e+03 2.168521431803198993e+03 8.458944210276274589e+01 0.000000000000000000e+00 0.000000000000000000e+00 3.035875461463888314e-03
-1.603358890190582315e+03 2.328636769635681503e+03 1.021225805969475715e+02 0.000000000000000000e+00 0.000000000000000000e+00 9.742994296715323799e-04
-1.212481072041149446e+03 1.932583213962681612e+03 6.531847925106129082e+01 0.000000000000000000e+00 0.000000000000000000e+00 -1.821077621112010547e-02
-1.600130468307201681e+03 1.928823057760062056e+03 8.006392483965561269e+01 0.000000000000000000e+00 0.000000000000000000e+00 -6.110325479411926608e-03
-1.208361155136260550e+03 2.325310498077622469e+03 8.649913753320565490e+01 0.000000000000000000e+00 0.000000000000000000e+00 4.764633159130937656e-02
-1.911868718146506353e+03 2.322767545233696637e+03 1.168979926085347216e+02 0.000000000000000000e+00 0.000000000000000000e+00 -1.704080614688052719e-02
-2.305639565774936273e+03 2.326836874096951760e+03 1.404546311800848741e+02 0.000000000000000000e+00 0.000000000000000000e+00 1.812479554527612891e-02
-2.109041736386575849e+03 2.167114131230100156e+03 1.188228464794094776e+02 0.000000000000000000e+00 0.000000000000000000e+00 -4.637754569486673972e-02
-1.916622203247098241e+03 1.930110233513939193e+03 9.544298506887275835e+01 0.000000000000000000e+00 0.000000000000000000e+00 2.964670264034907632e-02
-2.303138289994055867e+03 1.928566061750131212e+03 1.179451348936015620e+02 0.000000000000000000e+00 0.000000000000000000e+00 -1.657413553431297260e-02
-2.000730898731615355e+02 9.091720953336838420e+02 1.027560707217891256e+01 0.000000000000000000e+00 0.000000000000000000e+00 2.888011694044045896e-02
-1.874075988118059310e+00 7.498539993024045316e+02 6.605741998733022591e+00 0.000000000000000000e+00 0.000000000000000000e+00 3.959929075274448707e-02
-1.968777964037404047e+02 5.098784639090730479e+02 3.539611236224979862e+00 0.000000000000000000e+00 0.000000000000000000e+00 2.143317749120088322e-02
1.939403250024090255e+02 9.062141696458871820e+02 1.017976447992749733e+01 0.000000000000000000e+00 0.000000000000000000e+00 8.122755804931713897e-03
1.914592894596263193e+02 5.129329202606196532e+02 3.549036899696919267e+00 0.000000000000000000e+00 0.000000000000000000e+00 2.359614596226577987e-02
-1.208182158690807228e+03 1.613330452881866677e+03 5.094624539044811229e+01 0.000000000000000000e+00 0.000000000000000000e+00 -1.168220164571209807e-02
-1.602035776417220632e+03 1.616397778158080655e+03 6.606663312823481249e+01 0.000000000000000000e+00 0.000000000000000000e+00 3.968199532152993925e-03
-1.209732654268823580e+03 1.219499350137144120e+03 3.714689538071343122e+01 0.000000000000000000e+00 0.000000000000000000e+00 -2.089106040872223957e-02
-1.597016380627440185e+03 1.217579907165501709e+03 5.163301143556066819e+01 0.000000000000000000e+00 0.000000000000000000e+00 -1.265402463675258105e-02
-1.402432901247849259e+03 1.456674504267218026e+03 5.178013367049764781e+01 0.000000000000000000e+00 0.000000000000000000e+00 -1.020181728063107585e-02
-8.982350261509313896e+02 1.220850315226026851e+03 2.843798751089788723e+01 0.000000000000000000e+00 0.000000000000000000e+00 5.122123512276033352e-03
-5.067736674285973208e+02 1.614587223887257323e+03 3.478599095166229915e+01 0.000000000000000000e+00 0.000000000000000000e+00 -1.417319382751713874e-02
-7.042001122817259784e+02 1.460091911558533184e+03 3.214741104361822721e+01 0.000000000000000000e+00 0.000000000000000000e+00 1.256849830056694373e-02
-9.016327784180616618e+02 1.618775240627740459e+03 4.243750841556106934e+01 0.000000000000000000e+00 0.000000000000000000e+00 5.392909377846422103e-03
-5.104296029890716682e+02 1.224452097519443214e+03 2.128662213375642054e+01 0.000000000000000000e+00 0.000000000000000000e+00 8.433595114471614806e-03
-7.005458723786606470e+02 7.482955166606176363e+02 1.299891484303374867e+01 0.000000000000000000e+00 0.000000000000000000e+00 7.332828333037610946e-04
-8.942775717669876485e+02 5.084801031663964181e+02 1.342409513151154776e+01 0.000000000000000000e+00 0.000000000000000000e+00 -2.539513705170293179e-02
-5.046523954818416655e+02 9.048431116184437997e+02 1.300129992142548119e+01 0.000000000000000000e+00 0.000000000000000000e+00 8.142786953049707677e-03
-5.074660436539008970e+02 5.115019103811849845e+02 6.401642355394201012e+00 0.000000000000000000e+00 0.000000000000000000e+00 4.337676826765779481e-03
-8.993785632180482708e+02 9.073781506374098171e+02 2.035073305576445790e+01 0.000000000000000000e+00 0.000000000000000000e+00 5.987307805881414424e-03
-1.908994129269197401e+03 1.611995593611487948e+03 8.056084393185585668e+01 0.000000000000000000e+00 0.000000000000000000e+00 1.332727660036425732e-02
-2.303396558816544712e+03 1.615296606204926775e+03 1.034620498861919202e+02 0.000000000000000000e+00 0.000000000000000000e+00 1.589715118701917618e-02
-2.105537102868171587e+03 1.456529534078723145e+03 8.520656745424956569e+01 0.000000000000000000e+00 0.000000000000000000e+00 3.266204381507975540e-02
-1.912882528481576628e+03 1.219574274101183164e+03 6.660637969146905846e+01 0.000000000000000000e+00 0.000000000000000000e+00 8.336164369524112772e-03
-2.298040742726379449e+03 1.217034336175449880e+03 8.848429490863169633e+01 0.000000000000000000e+00 0.000000000000000000e+00 3.814416642818230230e-02
-1.207859323756998037e+03 9.037491680221950219e+02 2.885186449330230474e+01 0.000000000000000000e+00 0.000000000000000000e+00 -2.690617862692334938e-02
-1.601787322761093264e+03 9.058440896702763894e+02 4.357319417711717335e+01 0.000000000000000000e+00 0.000000000000000000e+00 -2.984794402749457731e-04
-1.209825022677473726e+03 5.091004216272565941e+02 2.210298716315704581e+01 0.000000000000000000e+00 0.000000000000000000e+00 -5.500926837083497389e-02
-1.595651296362520725e+03 5.064968873872319932e+02 3.627117528429059945e+01 0.000000000000000000e+00 0.000000000000000000e+00 -3.442930997777438051e-02
-1.404081525580508242e+03 7.464187830724591777e+02 3.243449541522104340e+01 0.000000000000000000e+00 0.000000000000000000e+00 -2.085074674710085674e-02
-5.036964955679870855e+02 1.930180171695300544e+02 3.702585474961783696e+00 0.000000000000000000e+00 0.000000000000000000e+00 -2.661809655498448279e-03
-8.983023860288493552e+02 1.966357017108240939e+02 1.086751163168519341e+01 0.000000000000000000e+00 0.000000000000000000e+00 -3.227953731296295814e-02
-7.001121614614552300e+02 3.654002021075284290e+01 6.316418163101504391e+00 0.000000000000000000e+00 0.000000000000000000e+00 -7.657038942373795010e-03
-8.932304173836415657e+02 -2.020452037744784661e+02 1.068594468388376129e+01 0.000000000000000000e+00 0.000000000000000000e+00 -2.625700382249362974e-02
-5.069954926999972713e+02 -2.005988031442979036e+02 3.749100072388585669e+00 0.000000000000000000e+00 0.000000000000000000e+00 3.286895000911727038e-03
-2.610345698726299361e+03 1.611009838453028806e+03 1.240959029305757468e+02 0.000000000000000000e+00 0.000000000000000000e+00 1.873591802491603175e-02
-3.004014127783805179e+03 1.613110218177186653e+03 1.549457700055138503e+02 0.000000000000000000e+00 0.000000000000000000e+00 2.398641726892947190e-02
-2.805829937458998302e+03 1.454408845025474875e+03 1.323854660462845061e+02 0.000000000000000000e+00 0.000000000000000000e+00 2.081233698154960621e-02
-2.613293995159664064e+03 1.218624126835024526e+03 1.096539624975802667e+02 0.000000000000000000e+00 0.000000000000000000e+00 1.969928617057803422e-03
-2.999821766540384942e+03 1.214041545830907808e+03 1.393570898654878079e+02 0.000000000000000000e+00 0.000000000000000000e+00 2.701443547954340829e-02
-1.906461971649748193e+03 9.015802480591976291e+02 5.772427087905082743e+01 0.000000000000000000e+00 0.000000000000000000e+00 7.333375181410417554e-03
-2.300503786289285472e+03 9.038473288144451772e+02 8.002242455720286785e+01 0.000000000000000000e+00 0.000000000000000000e+00 8.322463051243289556e-03
-2.103246650468222924e+03 7.442396918613360413e+02 6.495861285668351570e+01 0.000000000000000000e+00 0.000000000000000000e+00 2.127357502085658325e-02
-1.910458907385516795e+03 5.080993771053493901e+02 5.085485516514319926e+01 0.000000000000000000e+00 0.000000000000000000e+00 1.033862239843585940e-02
-2.296817638114790952e+03 5.053093818664073069e+02 7.241567651878845879e+01 0.000000000000000000e+00 0.000000000000000000e+00 2.551041012647203843e-02
-1.206268039483441044e+03 1.941358826021275945e+02 1.925697316548065885e+01 0.000000000000000000e+00 0.000000000000000000e+00 -1.686958010720829293e-02
-1.599451377243578690e+03 1.953894205381483289e+02 3.363120017040063914e+01 0.000000000000000000e+00 0.000000000000000000e+00 -3.142439223585569152e-02
-1.401540913364265407e+03 3.681477017234168159e+01 2.537074356620344773e+01 0.000000000000000000e+00 0.000000000000000000e+00 -2.696801628122358352e-02
-1.206877721927287439e+03 -1.992129295108915699e+02 1.914352552524236017e+01 0.000000000000000000e+00 0.000000000000000000e+00 -1.675369346771304890e-02
-1.594120257628160743e+03 -2.036350504741275529e+02 3.317786113260651604e+01 0.000000000000000000e+00 0.000000000000000000e+00 -4.124499604206022241e-02
-2.609172549339051784e+03 9.010502286995548502e+02 1.004508644284670851e+02 0.000000000000000000e+00 0.000000000000000000e+00 -3.103700744316029159e-02
-3.002102598695138113e+03 9.027862834057991677e+02 1.305805888428288881e+02 0.000000000000000000e+00 0.000000000000000000e+00 6.177186054537742166e-02
-2.805186065695373600e+03 7.434572711976734354e+02 1.113745188503555994e+02 0.000000000000000000e+00 0.000000000000000000e+00 -2.794876975826809939e-03
-2.613409690941170993e+03 5.064980230125351000e+02 9.325478018888696852e+01 0.000000000000000000e+00 0.000000000000000000e+00 1.760732179994306534e-02
-2.997714226199090263e+03 5.037929171404499016e+02 1.223710260707817810e+02 0.000000000000000000e+00 0.000000000000000000e+00 3.732832168093125347e-02
-1.905829923714192319e+03 1.907342858416299691e+02 4.767500777629970798e+01 0.000000000000000000e+00 0.000000000000000000e+00 -1.822178023176945771e-02
-2.299794622347626046e+03 1.949331809075083015e+02 6.956259333629505193e+01 0.000000000000000000e+00 0.000000000000000000e+00 2.653890699838257206e-02
-2.101877663936417321e+03 3.391524187334603369e+01 5.742155355332781141e+01 0.000000000000000000e+00 0.000000000000000000e+00 4.585918758266416262e-03
-1.909717349759311901e+03 -2.029195700336762798e+02 4.755163281624714955e+01 0.000000000000000000e+00 0.000000000000000000e+00 -3.575550862289844645e-02
-2.295563910500848579e+03 -2.056575184233579989e+02 6.881694010458140554e+01 0.000000000000000000e+00 0.000000000000000000e+00 1.435750270672997431e-03
-1.202892331637380494e+03 -5.194413597083740797e+02 2.154848928060587809e+01 0.000000000000000000e+00 0.000000000000000000e+00 -7.565254251812092434e-02
-1.597862153889286219e+03 -5.165898354202263363e+02 3.573902029945728742e+01 0.000000000000000000e+00 0.000000000000000000e+00 -2.943683948356579094e-02
-1.399621855652878821e+03 -6.759970893494801203e+02 3.019120528770736556e+01 0.000000000000000000e+00 0.000000000000000000e+00 -2.784256150796693419e-02
-1.205415655346975200e+03 -9.134680117679656632e+02 2.792699574510920613e+01 0.000000000000000000e+00 0.000000000000000000e+00 -4.496219443652549330e-02
-1.593485061480956347e+03 -9.153816788164126592e+02 4.186792034188223255e+01 0.000000000000000000e+00 0.000000000000000000e+00 -2.688534272969889116e-02
-2.607486404937932548e+03 1.880916305969527969e+02 8.961145830420261404e+01 0.000000000000000000e+00 0.000000000000000000e+00 -2.112080104339497666e-02
-3.000227057901888656e+03 1.895289820284079383e+02 1.192076620558175364e+02 0.000000000000000000e+00 0.000000000000000000e+00 -4.329818370379712178e-03
-2.801484024305798357e+03 3.126843551341977445e+01 1.029451982060926696e+02 0.000000000000000000e+00 0.000000000000000000e+00 -5.736249585410746477e-03
-2.609223982064922438e+03 -2.043815454862947547e+02 8.914028662531801217e+01 0.000000000000000000e+00 0.000000000000000000e+00 -2.635007269455513779e-02
-2.995199118924077993e+03 -2.085963409913073008e+02 1.180213139207501598e+02 0.000000000000000000e+00 0.000000000000000000e+00 2.638723277058829808e-03
-2.299151656793604616e+03 -5.164335846940248302e+02 7.126676974880449222e+01 0.000000000000000000e+00 0.000000000000000000e+00 1.754052033849973213e-02
-2.100876743286030887e+03 -6.752068570446750755e+02 6.189641674338578525e+01 0.000000000000000000e+00 0.000000000000000000e+00 -1.366782088040707777e-02
-1.907847153846277479e+03 -9.130688802019641344e+02 5.600131110255481559e+01 0.000000000000000000e+00 0.000000000000000000e+00 -1.123458625905016106e-02
-2.294542052743932345e+03 -9.149095879947005869e+02 7.714297746049916782e+01 0.000000000000000000e+00 0.000000000000000000e+00 1.296519155208386564e-02
-1.905489637472414643e+03 -5.190295976441047969e+02 4.971098187246998634e+01 0.000000000000000000e+00 0.000000000000000000e+00 -3.335221203433036408e-02
-2.606814260607828601e+03 -5.217958749754644714e+02 9.118294640072635104e+01 0.000000000000000000e+00 0.000000000000000000e+00 -2.345932234157999119e-02
-2.607783897512928888e+03 -9.152297249431281898e+02 9.727636755243587174e+01 0.000000000000000000e+00 0.000000000000000000e+00 1.927387134357161358e-02
-2.999207317164548840e+03 -5.198571581596725082e+02 1.204021421016679056e+02 0.000000000000000000e+00 0.000000000000000000e+00 2.692695321216831417e-02
-2.801334778453149738e+03 -6.793814432136241521e+02 1.070784885570397194e+02 0.000000000000000000e+00 0.000000000000000000e+00 -2.470679239148410034e-02
-2.994098980718752955e+03 -9.181348978084040482e+02 1.259987846076302560e+02 0.000000000000000000e+00 0.000000000000000000e+00 2.951268564899578450e-03
1.398841411647975292e+03 1.465472933767402083e+03 5.196593821104066535e+01 0.000000000000000000e+00 0.000000000000000000e+00 -1.166745869404905989e-03
1.592435578181005212e+03 1.228653759717960384e+03 5.177595684183750535e+01 0.000000000000000000e+00 0.000000000000000000e+00 3.937191926041805345e-03
1.200444804121037350e+03 1.625926765541436225e+03 5.120419594369946026e+01 0.000000000000000000e+00 0.000000000000000000e+00 -5.638147378306257451e-04
1.205402716464828245e+03 1.225612465900128882e+03 3.719166718950154404e+01 0.000000000000000000e+00 0.000000000000000000e+00 6.246986537007614970e-03
1.594404759272648334e+03 1.621581188056828978e+03 6.594753702545284568e+01 0.000000000000000000e+00 0.000000000000000000e+00 5.861518822598554834e-04
6.944149427584593468e+02 2.173910171136718418e+03 6.433008421897956453e+01 0.000000000000000000e+00 0.000000000000000000e+00 -2.741064520257907589e-02
8.875070909160684778e+02 1.936530818770691894e+03 5.620162405490501101e+01 0.000000000000000000e+00 0.000000000000000000e+00 -1.895949368452676254e-02
4.965725759846437768e+02 2.333711925395038634e+03 7.022882771191832774e+01 0.000000000000000000e+00 0.000000000000000000e+00 5.729577288434484217e-03
5.009432628950613662e+02 1.936217282346110323e+03 4.888419073397852799e+01 0.000000000000000000e+00 0.000000000000000000e+00 -1.578246350349843397e-02
8.905140656755766031e+02 2.328934569449537776e+03 7.748595472301283849e+01 0.000000000000000000e+00 0.000000000000000000e+00 -2.968412227805572456e-02
1.851387254825915250e+02 2.647101989131183927e+03 8.726636088598149854e+01 0.000000000000000000e+00 0.000000000000000000e+00 -1.381450183112065133e-02
-2.009053700896477324e+02 2.643958309528315112e+03 8.713697301224797798e+01 0.000000000000000000e+00 0.000000000000000000e+00 -1.676046648783824367e-02
-2.060031280378686347e+02 3.041906522191052318e+03 1.165822345873702091e+02 0.000000000000000000e+00 0.000000000000000000e+00 -6.594319464156228605e-03
-6.820078131681479583e+00 2.882586618311973780e+03 1.036488780758830899e+02 0.000000000000000000e+00 0.000000000000000000e+00 9.384711856242233807e-03
1.886944196462251000e+02 3.039503572286074359e+03 1.162938283072610233e+02 0.000000000000000000e+00 0.000000000000000000e+00 -1.343678960485306106e-02
1.596796063757218917e+03 9.105337510450269747e+02 4.346708336873584244e+01 0.000000000000000000e+00 0.000000000000000000e+00 6.106798725767248470e-03
1.202764322665893133e+03 9.131233337535971941e+02 2.889785697225462968e+01 0.000000000000000000e+00 0.000000000000000000e+00 6.049977805460571290e-03
1.400583885353505138e+03 7.538963478316982219e+02 3.244334508610224077e+01 0.000000000000000000e+00 0.000000000000000000e+00 9.297159018920808649e-03
1.207646312159355830e+03 5.152213414072177784e+02 2.211073754372536371e+01 0.000000000000000000e+00 0.000000000000000000e+00 3.235886391331277423e-02
1.594032482607384281e+03 5.171778624583675992e+02 3.634069184416703990e+01 0.000000000000000000e+00 0.000000000000000000e+00 -3.080107888145278139e-03
8.936202762913133029e+02 1.619544968777996473e+03 4.227459337436345521e+01 0.000000000000000000e+00 0.000000000000000000e+00 2.816199274938924191e-03
6.971325959763963738e+02 1.463715760594773428e+03 3.214498587433293864e+01 0.000000000000000000e+00 0.000000000000000000e+00 -1.101627141192551562e-02
8.902796190752271741e+02 1.226045707676036045e+03 2.840406745706087221e+01 0.000000000000000000e+00 0.000000000000000000e+00 1.868065326257806191e-02
5.035234651304244835e+02 1.224162065963007990e+03 2.118508278856048221e+01 0.000000000000000000e+00 0.000000000000000000e+00 -2.383156608469150228e-02
4.997750471116168001e+02 1.622940746605990171e+03 3.502473205226868913e+01 0.000000000000000000e+00 0.000000000000000000e+00 1.137766222397118554e-02
1.904406048046139404e+02 2.327899047305536442e+03 6.698679923673473979e+01 0.000000000000000000e+00 0.000000000000000000e+00 1.378709455622129099e-02
-4.933116228715322293e+00 2.172248036133392361e+03 5.763090977996373709e+01 0.000000000000000000e+00 0.000000000000000000e+00 1.004463350692219592e-02
-2.037836898569960056e+02 2.330941865468993001e+03 6.723918636711984220e+01 0.000000000000000000e+00 0.000000000000000000e+00 -1.670719303434964331e-02
1.876295562939958188e+02 1.935836666896855377e+03 4.593558417148113193e+01 0.000000000000000000e+00 0.000000000000000000e+00 1.538876927126153760e-02
-1.979331853355571411e+02 1.933116611951416871e+03 4.585828003883012371e+01 0.000000000000000000e+00 0.000000000000000000e+00 8.155293195990509503e-03
-5.106382166655812966e+02 3.037654976154936776e+03 1.193347707457968738e+02 0.000000000000000000e+00 0.000000000000000000e+00 2.307059727770877089e-02
-7.074861054493068195e+02 2.882038295969817682e+03 1.106541646439998345e+02 0.000000000000000000e+00 0.000000000000000000e+00 6.536505067657571999e-03
-9.050147802508524819e+02 3.040981369928066670e+03 1.275202733263463415e+02 0.000000000000000000e+00 0.000000000000000000e+00 -2.203327617459649446e-02
-9.005587204399517987e+02 2.643295049111012304e+03 9.784890884319952420e+01 0.000000000000000000e+00 0.000000000000000000e+00 4.064409453904715974e-02
-5.139194927771332004e+02 2.646279609933211304e+03 9.041514864887201952e+01 0.000000000000000000e+00 0.000000000000000000e+00 1.433955887733873169e-02
1.934542235572809830e+02 1.618591858542255750e+03 3.199817674509880305e+01 0.000000000000000000e+00 0.000000000000000000e+00 3.290446814995107161e-02
-2.094856451156069888e+00 1.460624458897763816e+03 2.553625652060781448e+01 0.000000000000000000e+00 0.000000000000000000e+00 4.965057522388960365e-02
-2.004116060603180074e+02 1.620694496575707717e+03 3.211874355293618777e+01 0.000000000000000000e+00 0.000000000000000000e+00 2.255256115550707818e-02
1.913447083875018109e+02 1.224923723585253583e+03 1.833062080817406780e+01 0.000000000000000000e+00 0.000000000000000000e+00 3.205715513458784471e-02
-1.970622196513793085e+02 1.221776133422590647e+03 1.826692189066423211e+01 0.000000000000000000e+00 0.000000000000000000e+00 2.000353021643164197e-02
1.908290204476896633e+03 5.166522750313284860e+02 5.085845130054062224e+01 0.000000000000000000e+00 0.000000000000000000e+00 -1.738400142301088636e-03
1.902473053786013452e+03 9.153535306040572550e+02 5.783844500920472598e+01 0.000000000000000000e+00 0.000000000000000000e+00 3.889054712551853754e-03
2.101034943140249197e+03 7.569020002569459393e+02 6.507951055529167661e+01 0.000000000000000000e+00 0.000000000000000000e+00 2.443836567395862858e-02
2.296267815123236232e+03 9.130401597500408570e+02 7.997723352327565749e+01 0.000000000000000000e+00 0.000000000000000000e+00 1.935024868568291367e-02
2.293959851712709224e+03 5.185691978782997467e+02 7.242265213391328871e+01 0.000000000000000000e+00 0.000000000000000000e+00 -7.731347540998001477e-02
4.944973417206981026e+02 3.044330799803424725e+03 1.196383293558680379e+02 0.000000000000000000e+00 0.000000000000000000e+00 1.222903143437292783e-02
4.998978406920779207e+02 2.646311806061708467e+03 9.021903752198288373e+01 0.000000000000000000e+00 0.000000000000000000e+00 -2.820886888669349446e-02
6.926042509026680136e+02 2.885021105609352617e+03 1.105852575402932558e+02 0.000000000000000000e+00 0.000000000000000000e+00 -1.253931969594646034e-02
8.884543918673407461e+02 3.040097803603643570e+03 1.270276342518029793e+02 0.000000000000000000e+00 0.000000000000000000e+00 -3.458315447062432213e-04
8.866416489342498153e+02 2.649596949640036200e+03 9.793330867185063937e+01 0.000000000000000000e+00 0.000000000000000000e+00 -5.772896192185328346e-02
1.202951283276982622e+03 2.647859978839569521e+03 1.070685244805132896e+02 0.000000000000000000e+00 0.000000000000000000e+00 -5.813602463676659227e-02
1.590534651544661756e+03 2.651934288778908012e+03 1.225672703335522158e+02 0.000000000000000000e+00 0.000000000000000000e+00 -3.307494660846543866e-02
1.396487316503919146e+03 2.888695265636377371e+03 1.316535547888503572e+02 0.000000000000000000e+00 0.000000000000000000e+00 -6.143012369770417536e-02
1.197174900978174946e+03 3.046356819962302779e+03 1.366873258811665721e+02 0.000000000000000000e+00 0.000000000000000000e+00 -1.164023553488391372e-02
1.590845940477448494e+03 3.043626960139076346e+03 1.521308142565715684e+02 0.000000000000000000e+00 0.000000000000000000e+00 -4.119376883647873910e-02
1.196294359889252519e+03 2.335493862506547885e+03 8.670693516557902569e+01 0.000000000000000000e+00 0.000000000000000000e+00 -2.051131645730208675e-02
1.394601101098838853e+03 2.176439378395215954e+03 8.460188926263832343e+01 0.000000000000000000e+00 0.000000000000000000e+00 4.717551600307956505e-03
1.201775060524356832e+03 1.937972450828455749e+03 6.522915035721710808e+01 0.000000000000000000e+00 0.000000000000000000e+00 8.080184580464333521e-03
1.587900731965468822e+03 1.940215108855329390e+03 8.009191199997844990e+01 0.000000000000000000e+00 0.000000000000000000e+00 8.571527969138514891e-03
1.590093558935646570e+03 2.332377601601732749e+03 1.017589778282559791e+02 0.000000000000000000e+00 0.000000000000000000e+00 -7.549589873477202673e-03
1.906971739670700345e+03 1.225993340378600124e+03 6.650112334845381667e+01 0.000000000000000000e+00 0.000000000000000000e+00 1.758002318415208265e-02
1.901140859991704474e+03 1.625914816179169975e+03 8.072889402834503869e+01 0.000000000000000000e+00 0.000000000000000000e+00 -4.022637411871698987e-02
2.293867464603388726e+03 1.623369466260458921e+03 1.031997233023040081e+02 0.000000000000000000e+00 0.000000000000000000e+00 2.341010013894617714e-02
2.293576752153086090e+03 1.230079737676694094e+03 8.861924200340526170e+01 0.000000000000000000e+00 0.000000000000000000e+00 1.819480058229316910e-02
2.099221886313690902e+03 1.467465788723384549e+03 8.525568441242680251e+01 0.000000000000000000e+00 0.000000000000000000e+00 7.987216594173673911e-03
2.608774364388338654e+03 5.180327348532683800e+02 9.309308168344882972e+01 0.000000000000000000e+00 0.000000000000000000e+00 1.204110778725464570e-02
2.604482793545676941e+03 9.163382609430566390e+02 1.004883535495854829e+02 0.000000000000000000e+00 0.000000000000000000e+00 3.660296130270523918e-02
2.997593916599812928e+03 9.127444136531511276e+02 1.304573359145237532e+02 0.000000000000000000e+00 0.000000000000000000e+00 1.638943126994263366e-02
2.802426600810765649e+03 7.569444487751684392e+02 1.114405697316332038e+02 0.000000000000000000e+00 0.000000000000000000e+00 2.807431441023311436e-02
2.994501948903651282e+03 5.186146953032933880e+02 1.223288626667465024e+02 0.000000000000000000e+00 0.000000000000000000e+00 1.707589689415556222e-02
-2.604307250976556134e+03 -1.627534588896090099e+03 1.171217475840974203e+02 0.000000000000000000e+00 0.000000000000000000e+00 2.077363326888814754e-02
-2.990435525819349550e+03 -1.630337399847900087e+03 1.457994011273173953e+02 0.000000000000000000e+00 0.000000000000000000e+00 2.862824619845127927e-02
-2.602991317565616100e+03 -1.233727835229310585e+03 1.044705921867636391e+02 0.000000000000000000e+00 0.000000000000000000e+00 -4.806085992525765960e-02
-2.798100328746168998e+03 -1.389869622288968230e+03 1.229092947639563249e+02 0.000000000000000000e+00 0.000000000000000000e+00 4.601814177148355611e-02
-2.995288450346932223e+03 -1.231000940716039622e+03 1.334451421695661963e+02 0.000000000000000000e+00 0.000000000000000000e+00 3.366973995721878055e-02
2.603202621043261843e+03 1.628622863094882860e+03 1.243340483082987902e+02 0.000000000000000000e+00 0.000000000000000000e+00 -2.181819063997636476e-02
2.607398926883462991e+03 1.229992100350116743e+03 1.095999427440000744e+02 0.000000000000000000e+00 0.000000000000000000e+00 2.033594442497133059e-02
2.801584020931401938e+03 1.467325400046296181e+03 1.325591424554615116e+02 0.000000000000000000e+00 0.000000000000000000e+00 2.002220285001499178e-02
2.993186011668216906e+03 1.231956852203018116e+03 1.394000368578245173e+02 0.000000000000000000e+00 0.000000000000000000e+00 1.208151479320918043e-02
2.996147059382061343e+03 1.623824085431442199e+03 1.547536394057381699e+02 0.000000000000000000e+00 0.000000000000000000e+00 -1.090325507675515837e-04
2.291329652005288608e+03 1.942420304550204946e+03 1.178941996659752220e+02 0.000000000000000000e+00 0.000000000000000000e+00 -6.160031281993383345e-03
2.292612505656215035e+03 2.334232251504154192e+03 1.400680861116996425e+02 0.000000000000000000e+00 0.000000000000000000e+00 -5.514144314304303407e-03
1.898226235682411016e+03 2.336964258768311993e+03 1.170366660492683053e+02 0.000000000000000000e+00 0.000000000000000000e+00 1.579167409296644564e-02
1.905112850962056882e+03 1.938900219429381423e+03 9.527532316943174351e+01 0.000000000000000000e+00 0.000000000000000000e+00 3.488652187679974759e-02
2.097303938857287903e+03 2.177761611290771725e+03 1.187399097123257121e+02 0.000000000000000000e+00 0.000000000000000000e+00 5.418601785322607611e-03
