# x y z x_res y_res z_res
2.496724058934582445e+03 2.543612013192559061e+03 -1.062852054282949865e+02 0.000000000000000000e+00 0.000000000000000000e+00 6.141365857648395377e-02
2.904776612990739523e+03 2.533809770331402888e+03 -1.223007072725704916e+02 0.000000000000000000e+00 0.000000000000000000e+00 5.781051335290499082e-02
2.893142798662888708e+03 2.090183186358373405e+03 -1.099178895254748056e+02 0.000000000000000000e+00 0.000000000000000000e+00 7.294283417215297050e-02
2.501489340372708739e+03 2.069450484400091227e+03 -9.361892256383747224e+01 0.000000000000000000e+00 0.000000000000000000e+00 8.069273291191336739e-02
2.927007064707635436e+03 1.791320604995876010e+03 -1.046307290402011034e+02 0.000000000000000000e+00 0.000000000000000000e+00 -3.066931860568899992e-02
2.483254490638644256e+03 1.791790297795204651e+03 -8.659479727981492658e+01 0.000000000000000000e+00 0.000000000000000000e+00 -1.038518150046741084e-02
2.678513136572224539e+03 1.555539078536129864e+03 -8.953912225886459453e+01 0.000000000000000000e+00 0.000000000000000000e+00 -2.387507423141244089e-02
2.886525444194829561e+03 1.323872307017950561e+03 -9.435642202063232276e+01 0.000000000000000000e+00 0.000000000000000000e+00 -6.171906433561957783e-02
2.495495872524250444e+03 1.314023385684925188e+03 -7.824555119341154352e+01 0.000000000000000000e+00 0.000000000000000000e+00 -1.161936369844340788e-02
2.898752843775080237e+03 1.040542610638358610e+03 -9.097472347491145683e+01 0.000000000000000000e+00 0.000000000000000000e+00 -1.948042774327518600e-02
2.535144300633934108e+03 1.019876904399844420e+03 -7.569018298779353415e+01 0.000000000000000000e+00 0.000000000000000000e+00 -3.215146740275542925e-02
2.688849837153386943e+03 8.173279271389379801e+02 -7.963297309421923842e+01 0.000000000000000000e+00 0.000000000000000000e+00 -2.791768954472217956e-02
2.502983273101555824e+03 5.653960603286411697e+02 -7.019017782976450803e+01 0.000000000000000000e+00 0.000000000000000000e+00 -1.259449748487782017e-01
2.874474455624653274e+03 5.608376104273340843e+02 -8.545722389673960606e+01 0.000000000000000000e+00 0.000000000000000000e+00 -9.860761412568308515e-02
2.906267629760940508e+03 2.507412387001377851e+02 -8.545334585975803066e+01 0.000000000000000000e+00 0.000000000000000000e+00 -5.057604443226182411e-02
2.529046165248856141e+03 2.492374762291289301e+02 -6.972348241647490852e+01 0.000000000000000000e+00 0.000000000000000000e+00 -5.165874991216412582e-02
2.681870535316722908e+03 6.327032284727966527e+01 -7.556652830092846784e+01 0.000000000000000000e+00 0.000000000000000000e+00 -9.301179468593545607e-03
2.885143778524982736e+03 -1.866794537561300444e+02 -8.452700682457505366e+01 0.000000000000000000e+00 0.000000000000000000e+00 -7.851478350389129446e-03
2.514210868501602363e+03 -1.763805306784003051e+02 -6.909917610042589331e+01 0.000000000000000000e+00 0.000000000000000000e+00 -7.437025804830454945e-02
2.864580964027011305e+03 -4.623229755128544980e+02 -8.482698923347749087e+01 0.000000000000000000e+00 0.000000000000000000e+00 -2.384209800266035018e-02
2.506863013459572358e+03 -4.542788615776771621e+02 -6.999260012718798407e+01 0.000000000000000000e+00 0.000000000000000000e+00 -1.625475378477858612e-02
2.706153368894229516e+03 -6.945131022692764873e+02 -7.979692586971920321e+01 0.000000000000000000e+00 0.000000000000000000e+00 2.328962392603273202e-02
2.849371255394656600e+03 -9.059284557047449198e+02 -8.804875500282255985e+01 0.000000000000000000e+00 0.000000000000000000e+00 -6.699145897047742437e-02
2.501687320732273747e+03 -8.762259725904308425e+02 -7.341195350823207377e+01 0.000000000000000000e+00 0.000000000000000000e+00 2.690066725961060001e-02
2.506464913220890594e+03 -1.281289445773911893e+03 -7.913819755051761717e+01 0.000000000000000000e+00 0.000000000000000000e+00 -2.571707737158135387e-02
2.876570879841573060e+03 -1.265936862324789900e+03 -9.414353897277919714e+01 0.000000000000000000e+00 0.000000000000000000e+00 -5.972333237878046930e-03
2.674060417327970754e+03 -1.439619710887872770e+03 -8.850758864951177429e+01 0.000000000000000000e+00 0.000000000000000000e+00 -4.232385180827691329e-02
2.879049584712072829e+03 -1.694792577654777006e+03 -1.021135559724233701e+02 0.000000000000000000e+00 0.000000000000000000e+00 -8.104582571695573279e-02
2.533332672325990643e+03 -1.658663514533084253e+03 -8.713627635944384053e+01 0.000000000000000000e+00 0.000000000000000000e+00 -2.658064379282620848e-02
2.875383590392663791e+03 -1.945389605882604428e+03 -1.075424834762563648e+02 0.000000000000000000e+00 0.000000000000000000e+00 -2.704386007636117029e-02
2.522713143800841408e+03 -1.938627439993899316e+03 -9.298428665587178443e+01 0.000000000000000000e+00 0.000000000000000000e+00 -1.230648346171392404e-02
2.698601188915728471e+03 -2.120992658799534183e+03 -1.044939722218696829e+02 0.000000000000000000e+00 0.000000000000000000e+00 -2.199393527232018641e-02
2.882071047885628104e+03 -2.350358647083707638e+03 -1.183564287995891249e+02 0.000000000000000000e+00 0.000000000000000000e+00 6.137613143080500322e-02
2.531287619997646743e+03 -2.348629699629645074e+03 -1.041156720971784182e+02 0.000000000000000000e+00 0.000000000000000000e+00 -2.878618290083068132e-04
2.230383733501262213e+03 -2.717849966988069355e+03 -1.047217797572427287e+02 0.000000000000000000e+00 0.000000000000000000e+00 -2.798178612383139807e-02
1.812315917226269676e+03 -2.720462159814386268e+03 -9.199793145270787420e+01 0.000000000000000000e+00 0.000000000000000000e+00 -4.193770336952695743e-02
2.019656539558267013e+03 -2.890625283586345631e+03 -1.038718157175363785e+02 0.000000000000000000e+00 0.000000000000000000e+00 5.489176193890443756e-03
2.172642871668875159e+03 -3.179474028015553358e+03 -1.192110513117566057e+02 0.000000000000000000e+00 0.000000000000000000e+00 -1.612260875681670313e-02
1.802072794762417743e+03 -3.176235252565764313e+03 -1.081271961946683859e+02 0.000000000000000000e+00 0.000000000000000000e+00 -1.365560176328983744e-01
1.553971282537685511e+03 -3.197154783419488922e+03 -1.026769567390516755e+02 0.000000000000000000e+00 0.000000000000000000e+00 8.003591386213315673e-03
1.554637411176071510e+03 -2.715630800931887734e+03 -8.518811273734749534e+01 0.000000000000000000e+00 0.000000000000000000e+00 -7.265413930525710384e-02
1.352989047003910628e+03 -2.957066115741831254e+03 -8.917646438855713598e+01 0.000000000000000000e+00 0.000000000000000000e+00 -2.292047915396722146e-02
1.120143131260209884e+03 -2.756411587926041648e+03 -7.760632382904448434e+01 0.000000000000000000e+00 0.000000000000000000e+00 5.260567260431514569e-02
1.115714985969177633e+03 -3.192868193552008961e+03 -9.364009611295013258e+01 0.000000000000000000e+00 0.000000000000000000e+00 -1.214251473689245131e-01
8.976568155869472321e+02 -2.751069401563106112e+03 -7.393468277935656374e+01 0.000000000000000000e+00 0.000000000000000000e+00 -8.074120326142519843e-03
8.992666548568744247e+02 -3.184889574031529719e+03 -8.999604861607279815e+01 0.000000000000000000e+00 0.000000000000000000e+00 9.294960497432214197e-02
7.098330225150148181e+02 -2.919391230232965427e+03 -7.757385800179523017e+01 0.000000000000000000e+00 0.000000000000000000e+00 4.809181356529279583e-02
5.283282295490640763e+02 -2.758770511317444289e+03 -7.009481857875873345e+01 0.000000000000000000e+00 0.000000000000000000e+00 1.381223146944563496e-01
5.304492941817342171e+02 -3.189991895282802034e+03 -8.615312431281662953e+01 0.000000000000000000e+00 0.000000000000000000e+00 1.602077831083192905e-02
2.052590227215749792e+02 -3.204657155954071186e+03 -8.489457946679176814e+01 0.000000000000000000e+00 0.000000000000000000e+00 -3.721081625339195398e-02
1.826557995601260416e+02 -2.731999635645173385e+03 -6.724362900410241650e+01 0.000000000000000000e+00 0.000000000000000000e+00 -2.434626217859658937e-02
3.045799047763182799e+01 -2.957316432427980544e+03 -7.506434420259392937e+01 0.000000000000000000e+00 0.000000000000000000e+00 -1.363416485304469461e-02
-1.723928357840814556e+02 -3.208745780848749291e+03 -8.496178436024371194e+01 0.000000000000000000e+00 0.000000000000000000e+00 -5.916380850661084878e-02
-1.662287913428482113e+02 -2.789508289463678011e+03 -6.920445579560652050e+01 0.000000000000000000e+00 0.000000000000000000e+00 -1.308790260458181365e-02
-4.351066991814905691e+02 -2.721669828720604528e+03 -6.810909473440608508e+01 0.000000000000000000e+00 0.000000000000000000e+00 6.316608502527287783e-02
-4.462808418893587259e+02 -3.183667236388808305e+03 -8.527096164255304700e+01 0.000000000000000000e+00 0.000000000000000000e+00 1.224043230671156834e-02
-6.377220677393011101e+02 -2.928518037167249076e+03 -7.715411588193865100e+01 0.000000000000000000e+00 0.000000000000000000e+00 -7.769657702141330446e-03
-8.157405342205718171e+02 -2.749009960566040718e+03 -7.277051066433706694e+01 0.000000000000000000e+00 0.000000000000000000e+00 2.807905316088010750e-02
-8.217277087571468428e+02 -3.166117389116182949e+03 -8.823729221759248276e+01 0.000000000000000000e+00 0.000000000000000000e+00 -2.385438350466984048e-02
-1.109278911714421611e+03 -2.752919892744132085e+03 -7.729807698695233853e+01 0.000000000000000000e+00 0.000000000000000000e+00 -1.367228179556434497e-01
-1.112023610017712144e+03 -3.182313021574425420e+03 -9.316373326220787021e+01 0.000000000000000000e+00 0.000000000000000000e+00 5.183199236182645109e-02
-1.297639468986109705e+03 -2.912220765848707288e+03 -8.642149247580752558e+01 0.000000000000000000e+00 0.000000000000000000e+00 -4.709697769527565470e-02
-1.484799300412444381e+03 -2.756863340240433445e+03 -8.495752995865156265e+01 0.000000000000000000e+00 0.000000000000000000e+00 -5.383851889462221152e-05
-1.489276114168598497e+03 -3.193866700332800974e+03 -1.010630374983537365e+02 0.000000000000000000e+00 0.000000000000000000e+00 6.919176922747283243e-02
-1.835538040294047732e+03 -2.751376513646775493e+03 -9.368642812517767027e+01 0.000000000000000000e+00 0.000000000000000000e+00 -1.753088443520312012e-02
-1.843259166542041385e+03 -3.188118383759800508e+03 -1.097072522800032459e+02 0.000000000000000000e+00 0.000000000000000000e+00 9.295725074795768705e-02
-1.969495989307503805e+03 -2.928459939050822413e+03 -1.037034327310761341e+02 0.000000000000000000e+00 0.000000000000000000e+00 5.667602255178394444e-02
-2.174148881772718141e+03 -2.726016102029751892e+03 -1.031265908047698474e+02 0.000000000000000000e+00 0.000000000000000000e+00 4.058892235613598132e-02
-2.209416537666833847e+03 -3.183470667940616750e+03 -1.205522991679095526e+02 0.000000000000000000e+00 0.000000000000000000e+00 7.126905724052789992e-02
-2.466618139801715188e+03 -2.469799392908269965e+03 -1.052409490610756393e+02 0.000000000000000000e+00 0.000000000000000000e+00 1.373372845111475726e-02
-2.868700475368610569e+03 -2.489761997479939510e+03 -1.218260569908193816e+02 0.000000000000000000e+00 0.000000000000000000e+00 3.331820752561043264e-02
-2.672506410153664547e+03 -2.212148675561774780e+03 -1.058499662125444303e+02 0.000000000000000000e+00 0.000000000000000000e+00 2.075995565415666988e-02
-2.459922278176841701e+03 -2.024270452864000163e+03 -9.270057820135804150e+01 0.000000000000000000e+00 0.000000000000000000e+00 -3.080833615999267749e-02
-2.894134893232763261e+03 -2.043989894499490674e+03 -1.107472351436817490e+02 0.000000000000000000e+00 0.000000000000000000e+00 2.333505877327013422e-02
-2.855408528752900565e+03 -1.710657992117071899e+03 -1.014224843584242848e+02 0.000000000000000000e+00 0.000000000000000000e+00 1.158294598020859212e-02
-2.483632229174831537e+03 -1.713996351264203213e+03 -8.638997460215142610e+01 0.000000000000000000e+00 0.000000000000000000e+00 -1.290341497517033531e-02
-2.686781245045645392e+03 -1.465340566293581787e+03 -8.949521208651003690e+01 0.000000000000000000e+00 0.000000000000000000e+00 -3.482546496104532707e-02
-2.884181176175698056e+03 -1.298663638237194391e+03 -9.499977102299513376e+01 0.000000000000000000e+00 0.000000000000000000e+00 4.773059609544816340e-02
-2.478548028404205070e+03 -1.293995377657904783e+03 -7.827142492564915699e+01 0.000000000000000000e+00 0.000000000000000000e+00 -3.574011479391003832e-02
-2.494683257249360850e+03 -9.603419621013624692e+02 -7.412625293495915457e+01 0.000000000000000000e+00 0.000000000000000000e+00 -1.110139728976378137e-02
-2.880959075509733339e+03 -9.664256299939655719e+02 -9.014530507103197010e+01 0.000000000000000000e+00 0.000000000000000000e+00 1.568259057123100320e-02
-2.681995273215761245e+03 -7.065015618295495869e+02 -7.890367911093248665e+01 0.000000000000000000e+00 0.000000000000000000e+00 -3.366505566147282025e-02
-2.495913666938122333e+03 -5.425778187677873348e+02 -7.014348006241503697e+01 0.000000000000000000e+00 0.000000000000000000e+00 8.196915182921316045e-03
-2.908145569559554588e+03 -5.394569761250099873e+02 -8.725154569720854170e+01 0.000000000000000000e+00 0.000000000000000000e+00 3.008076327432718244e-03
-2.870929456030776237e+03 -2.208770568024087311e+02 -8.400049654974766611e+01 0.000000000000000000e+00 0.000000000000000000e+00 2.617052836639288671e-02
-2.479128639313491021e+03 -2.311050703126121562e+02 -6.789929165292750213e+01 0.000000000000000000e+00 0.000000000000000000e+00 1.291935763856599806e-02
-2.692878127591636257e+03 2.883367430496056372e+01 -7.601467706534074864e+01 0.000000000000000000e+00 0.000000000000000000e+00 3.509065610759876108e-02
-2.506861558245016113e+03 2.065904769908532614e+02 -6.875552930781358896e+01 0.000000000000000000e+00 0.000000000000000000e+00 -4.482601572513544852e-02
-2.882827330722573606e+03 1.927234395273251266e+02 -8.428526442338888103e+01 0.000000000000000000e+00 0.000000000000000000e+00 -3.153899509440805105e-02
-2.511709007266850676e+03 1.971296197499196410e+02 -6.892306348160985863e+01 0.000000000000000000e+00 0.000000000000000000e+00 -8.020981633174528724e-02
-2.887353935452088990e+03 5.293135609252469749e+02 -8.582616351642502650e+01 0.000000000000000000e+00 0.000000000000000000e+00 -8.633919312813986835e-03
-2.513521002505495289e+03 5.401104438650162365e+02 -7.043401228867510611e+01 0.000000000000000000e+00 0.000000000000000000e+00 -2.754596253707575215e-02
-2.704552666652230528e+03 7.866438204002341763e+02 -7.999145649922095913e+01 0.000000000000000000e+00 0.000000000000000000e+00 1.386743240487930962e-03
-2.505043988160051413e+03 9.550668981423399373e+02 -7.376882191911803943e+01 0.000000000000000000e+00 0.000000000000000000e+00 1.201408821611948952e-02
-2.877081996623911891e+03 9.575316401142665654e+02 -8.905940429061183750e+01 0.000000000000000000e+00 0.000000000000000000e+00 3.102057505699917783e-02
-2.893990346377207061e+03 1.298327237842026307e+03 -9.428981791539426638e+01 0.000000000000000000e+00 0.000000000000000000e+00 -3.833079391039007078e-02
-2.520875941122485528e+03 1.285867606559548676e+03 -7.878127313856433034e+01 0.000000000000000000e+00 0.000000000000000000e+00 4.291272774707977078e-03
-2.721573950005789357e+03 1.538497088683612674e+03 -9.098476744694170293e+01 0.000000000000000000e+00 0.000000000000000000e+00 3.290376945352591065e-02
-2.536669030062994807e+03 1.714780855971373967e+03 -8.702359853062039008e+01 0.000000000000000000e+00 0.000000000000000000e+00 1.380842013499261611e-02
-2.890042692967289895e+03 1.673492827011060172e+03 -1.006391514725375771e+02 0.000000000000000000e+00 0.000000000000000000e+00 1.494561448112108337e-03
-2.512167709876759091e+03 2.032271085685606067e+03 -9.312196182595954497e+01 0.000000000000000000e+00 0.000000000000000000e+00 2.057876338085407042e-03
-2.906953168420160182e+03 2.021263373500589296e+03 -1.088650327329805805e+02 0.000000000000000000e+00 0.000000000000000000e+00 2.463672225849222741e-02
-2.712804195377062570e+03 2.277098095129349986e+03 -1.071555855989511485e+02 0.000000000000000000e+00 0.000000000000000000e+00 1.131649427699130683e-01
-2.537962563401423267e+03 2.464520668885649684e+03 -1.055142388853679165e+02 0.000000000000000000e+00 0.000000000000000000e+00 -2.411683777694406672e-02
-2.887373663338826191e+03 2.440631511579949802e+03 -1.188806215174647321e+02 0.000000000000000000e+00 0.000000000000000000e+00 -7.970935925158073587e-03
-1.581770208281841406e+03 3.251638272578413307e+03 -1.025723890209385019e+02 0.000000000000000000e+00 0.000000000000000000e+00 5.575869956615520096e-03
-1.559856871461887522e+03 2.862057430637347807e+03 -8.800139117604263106e+01 0.000000000000000000e+00 0.000000000000000000e+00 -5.718111780225854091e-03
-1.368779189851543379e+03 3.040442288294596892e+03 -9.004211893150306878e+01 0.000000000000000000e+00 0.000000000000000000e+00 -3.869468791359054194e-02
-1.192871341096528795e+03 3.213627327554762815e+03 -9.307600843618391195e+01 0.000000000000000000e+00 0.000000000000000000e+00 -2.948025195883019478e-02
-1.190602554861941371e+03 2.881027212467448862e+03 -8.099678254164972202e+01 0.000000000000000000e+00 0.000000000000000000e+00 -4.638762134116802827e-02
-1.585828772693400197e+03 3.247714237187610252e+03 -1.025182956113451098e+02 0.000000000000000000e+00 0.000000000000000000e+00 -2.002782409169867606e-02
-9.030696007220803949e+02 3.249410708462384264e+03 -8.989572212408026530e+01 0.000000000000000000e+00 0.000000000000000000e+00 -3.235205948712405188e-02
-8.940664818526287263e+02 2.856307130168951062e+03 -7.547207803728881004e+01 0.000000000000000000e+00 0.000000000000000000e+00 -3.128217088192286610e-02
-7.203122238207515693e+02 3.064567616377611557e+03 -8.072469069037862255e+01 0.000000000000000000e+00 0.000000000000000000e+00 -3.339537809381454281e-04
-5.367974105736705042e+02 3.243294099470127094e+03 -8.570150683331802099e+01 0.000000000000000000e+00 0.000000000000000000e+00 -4.217936809240541152e-03
-5.172121617985643525e+02 2.866107277326549138e+03 -7.177347439568701759e+01 0.000000000000000000e+00 0.000000000000000000e+00 -1.934539375177735110e-02
-2.292579019618537757e+02 3.252544996209028341e+03 -8.428745885523650827e+01 0.000000000000000000e+00 0.000000000000000000e+00 4.291236674635001691e-02
1.858432360472048970e+02 3.256414254430470919e+03 -8.430175230724114499e+01 0.000000000000000000e+00 0.000000000000000000e+00 2.637299341370180628e-02
1.694560734569392366e+02 2.829260898505957812e+03 -6.869504708462881126e+01 0.000000000000000000e+00 0.000000000000000000e+00 -1.346376150616208633e-01
-2.421116329602039841e+01 3.074199197262443249e+03 -7.716309012495607078e+01 0.000000000000000000e+00 0.000000000000000000e+00 -1.488509607514885147e-01
-2.129800872932049174e+02 2.823110133995930937e+03 -6.861227887436815820e+01 0.000000000000000000e+00 0.000000000000000000e+00 -1.781137139434321170e-01
4.463178699614695688e+02 3.255664165219475763e+03 -8.551081213158745697e+01 0.000000000000000000e+00 0.000000000000000000e+00 6.788982418721900558e-02
8.635045037211643830e+02 3.256108832156469816e+03 -8.962996964410987744e+01 0.000000000000000000e+00 0.000000000000000000e+00 1.390671512316998815e-02
8.424743846792096065e+02 2.831320391766879766e+03 -7.394053183221247139e+01 0.000000000000000000e+00 0.000000000000000000e+00 -1.158842454089068497e-01
6.485355883981194438e+02 3.080290143785725832e+03 -8.055984723423500782e+01 0.000000000000000000e+00 0.000000000000000000e+00 -1.201709429701338649e-01
4.599068054779226031e+02 2.831823178415103030e+03 -7.017311399057912524e+01 0.000000000000000000e+00 0.000000000000000000e+00 -2.642138917231164896e-01
1.152328366149872863e+03 3.261799765789799494e+03 -9.420807315451553166e+01 0.000000000000000000e+00 0.000000000000000000e+00 1.968063207257841896e-03
1.528307520024040286e+03 3.265745656878461432e+03 -1.018755368485042823e+02 0.000000000000000000e+00 0.000000000000000000e+00 8.085726179669450175e-02
1.517335046509412223e+03 2.846920748845226626e+03 -8.650392063260939324e+01 0.000000000000000000e+00 0.000000000000000000e+00 -9.256304935483683494e-02
1.324393821244973424e+03 3.083389878398349538e+03 -9.070348758254363020e+01 0.000000000000000000e+00 0.000000000000000000e+00 -1.237050242773989339e-01
1.131623865811314772e+03 2.834873241234778561e+03 -7.838573602309354271e+01 0.000000000000000000e+00 0.000000000000000000e+00 -1.234018971959045530e-01
1.814412877051332316e+03 3.265190056188686867e+03 -1.089522944375880655e+02 0.000000000000000000e+00 0.000000000000000000e+00 -7.545727275164892944e-02
2.184279496696487968e+03 3.270071109059648279e+03 -1.200491491528219967e+02 0.000000000000000000e+00 0.000000000000000000e+00 -1.319706785015455353e-01
1.991999180609211180e+03 3.089238123874165012e+03 -1.074277431258327624e+02 0.000000000000000000e+00 0.000000000000000000e+00 -9.125168917398696067e-02
2.181762873614519322e+03 2.837188205907748397e+03 -1.045686568930456986e+02 0.000000000000000000e+00 0.000000000000000000e+00 -7.191335921845620760e-02
1.805472037080994596e+03 2.837795395029865631e+03 -9.338690854703972377e+01 0.000000000000000000e+00 0.000000000000000000e+00 -1.457167437904445251e-01
-2.205961776197310883e+03 2.762816513613655388e+03 -1.029178795049483455e+02 0.000000000000000000e+00 0.000000000000000000e+00 -2.408069768868870142e-02
-1.820563093321971792e+03 2.762794927718557119e+03 -9.131302228798992360e+01 0.000000000000000000e+00 0.000000000000000000e+00 -2.727241686454817682e-02
-2.043931624520140304e+03 3.031590708063030888e+03 -1.069193693389843247e+02 0.000000000000000000e+00 0.000000000000000000e+00 -1.449538188740007172e-02
-1.866075017888835873e+03 2.838621532223420218e+03 -9.508106614162214498e+01 0.000000000000000000e+00 0.000000000000000000e+00 -3.114129316226410538e-02
-1.819760921589166173e+03 3.208150258355506594e+03 -1.069379471957949335e+02 0.000000000000000000e+00 0.000000000000000000e+00 -4.026260047892549210e-02
2.202865369035543608e+03 2.518111270901470107e+03 -9.521519784461631275e+01 0.000000000000000000e+00 0.000000000000000000e+00 7.963491270390932186e-02
2.012799044801057562e+03 2.343934633589467467e+03 -8.416786573714608721e+01 0.000000000000000000e+00 0.000000000000000000e+00 5.243680952824547603e-02
1.827410342034855375e+03 2.508700681464415538e+03 -8.354890218809657654e+01 0.000000000000000000e+00 0.000000000000000000e+00 4.853685730134316145e-02
1.831982126386203163e+03 2.092414278583563828e+03 -7.221787283795644896e+01 0.000000000000000000e+00 0.000000000000000000e+00 4.880452551670089179e-02
2.209726789941545576e+03 2.103943731015655885e+03 -8.410440313638673615e+01 0.000000000000000000e+00 0.000000000000000000e+00 8.390871075170025506e-02
2.216961307358709291e+03 1.741680752195515424e+03 -7.603694418533071087e+01 0.000000000000000000e+00 0.000000000000000000e+00 7.500383000599697425e-02
1.837007051681225221e+03 1.744941352695686192e+03 -6.431969759338724657e+01 0.000000000000000000e+00 0.000000000000000000e+00 6.260909856942475926e-02
1.988350960980315904e+03 1.609253382413156260e+03 -6.601582243349585610e+01 0.000000000000000000e+00 0.000000000000000000e+00 8.647225533309210732e-02
1.840149783129722891e+03 1.347590081471368421e+03 -5.695395913458376924e+01 0.000000000000000000e+00 0.000000000000000000e+00 4.151160657262664699e-02
2.152235895857139894e+03 1.330318392497423019e+03 -6.628539648311647170e+01 0.000000000000000000e+00 0.000000000000000000e+00 1.455031354311699943e-01
2.201948958086723906e+03 1.043107685148744622e+03 -6.384803844583363741e+01 0.000000000000000000e+00 0.000000000000000000e+00 8.032468899948952412e-02
1.846436119160379576e+03 9.997274484957108598e+02 -5.215949127211195702e+01 0.000000000000000000e+00 0.000000000000000000e+00 2.517781048025113932e-02
1.989923517313446382e+03 8.503204004097340203e+02 -5.476009638412077152e+01 0.000000000000000000e+00 0.000000000000000000e+00 1.849641550285952007e-02
2.198785371016529552e+03 6.245523230171602336e+02 -5.954988828518609978e+01 0.000000000000000000e+00 0.000000000000000000e+00 5.409022193916257493e-02
1.843531070643722614e+03 5.922871895461512395e+02 -4.812463500239699243e+01 0.000000000000000000e+00 0.000000000000000000e+00 -7.519261810223554221e-03
2.223127529028724439e+03 2.773393904658530573e+02 -5.854088526929697878e+01 0.000000000000000000e+00 0.000000000000000000e+00 3.421893177612389536e-02
1.854169839315947684e+03 2.509694030697796734e+02 -4.670296064936667335e+01 0.000000000000000000e+00 0.000000000000000000e+00 2.730974518224371650e-02
1.996794532667059229e+03 1.170337996547570469e+02 -5.073116735750934936e+01 0.000000000000000000e+00 0.000000000000000000e+00 2.698361294667250831e-02
1.839299865301196633e+03 -1.389656650219041580e+02 -4.607806124535587600e+01 0.000000000000000000e+00 0.000000000000000000e+00 2.495306314509093681e-02
2.184860267148959338e+03 -1.444966981231600016e+02 -5.699466813093993522e+01 0.000000000000000000e+00 0.000000000000000000e+00 4.100425814691277537e-02
2.204986315227565683e+03 -4.529245007175896376e+02 -5.892194136961850148e+01 0.000000000000000000e+00 0.000000000000000000e+00 6.784081687084153600e-02
1.850942744418648090e+03 -4.818654260660248383e+02 -4.783076133971970023e+01 0.000000000000000000e+00 0.000000000000000000e+00 5.905530894297328359e-02
2.015332092824010033e+03 -6.294064948689124321e+02 -5.389731575465177116e+01 0.000000000000000000e+00 0.000000000000000000e+00 1.212112177692148407e-02
2.188686441149762686e+03 -8.924336540887665024e+02 -6.218445252569627968e+01 0.000000000000000000e+00 0.000000000000000000e+00 5.056622775539665327e-02
1.849147569659295186e+03 -9.023607005507701615e+02 -5.154367355247603655e+01 0.000000000000000000e+00 0.000000000000000000e+00 3.287370224438745936e-02
1.829974942258186957e+03 -1.225137437766402400e+03 -5.539415218654258410e+01 0.000000000000000000e+00 0.000000000000000000e+00 9.186252803599614936e-02
2.188680339929520414e+03 -1.221863931749043104e+03 -6.663151605238122954e+01 0.000000000000000000e+00 0.000000000000000000e+00 1.028821887727957574e-01
2.021972452199496956e+03 -1.381847234088095774e+03 -6.380236394035120640e+01 0.000000000000000000e+00 0.000000000000000000e+00 5.086109522726900423e-02
1.834911700956934965e+03 -1.638254552335952440e+03 -6.308000914561748829e+01 0.000000000000000000e+00 0.000000000000000000e+00 -3.548151709496494277e-02
2.205751766273654539e+03 -1.628278820730895632e+03 -7.454882712211690432e+01 0.000000000000000000e+00 0.000000000000000000e+00 9.626321564931572539e-02
1.831500462395020804e+03 -1.968075491346911349e+03 -7.051592293914458764e+01 0.000000000000000000e+00 0.000000000000000000e+00 -9.269981644024483103e-04
2.198639468357311671e+03 -1.970986148507970256e+03 -8.204948560292874049e+01 0.000000000000000000e+00 0.000000000000000000e+00 4.163446686300176225e-02
2.019771974540787824e+03 -2.137763605355349227e+03 -8.051607072793319730e+01 0.000000000000000000e+00 0.000000000000000000e+00 2.186784940917618769e-02
1.836330278392008950e+03 -2.383126805396793770e+03 -8.198826373133883294e+01 0.000000000000000000e+00 0.000000000000000000e+00 -9.468759012236205308e-03
2.216989065112990829e+03 -2.384210660944834217e+03 -9.384482956254687736e+01 0.000000000000000000e+00 0.000000000000000000e+00 1.547533094875603865e-01
1.545917673007229268e+03 -2.386160851685580838e+03 -7.447570153773081358e+01 0.000000000000000000e+00 0.000000000000000000e+00 5.565545069059396610e-02
1.162701813885777256e+03 -2.401619568699695719e+03 -6.684604348744153413e+01 0.000000000000000000e+00 0.000000000000000000e+00 6.376807836596753987e-02
1.328801298966121067e+03 -2.165368101400541491e+03 -6.325430104369419837e+01 0.000000000000000000e+00 0.000000000000000000e+00 -1.015074604347816489e-01
1.171535524130808881e+03 -1.972831835143923627e+03 -5.508452719935544195e+01 0.000000000000000000e+00 0.000000000000000000e+00 2.367222238923005762e-02
1.543434121317682639e+03 -1.963340214292456267e+03 -6.279748392880992469e+01 0.000000000000000000e+00 0.000000000000000000e+00 -1.407003841251253107e-02
1.501581113778350300e+03 -1.691158940244733230e+03 -5.546001657738847257e+01 0.000000000000000000e+00 0.000000000000000000e+00 -9.513109865856961278e-03
1.191013770287404895e+03 -1.683102013551759001e+03 -4.866964565920117280e+01 0.000000000000000000e+00 0.000000000000000000e+00 6.995041470996454791e-02
1.345478984398830107e+03 -1.441337321382011396e+03 -4.693147281634911394e+01 0.000000000000000000e+00 0.000000000000000000e+00 5.995073704544040538e-02
1.535022997910641379e+03 -1.284374402192769139e+03 -4.851272222578160864e+01 0.000000000000000000e+00 0.000000000000000000e+00 1.177876682918110873e-02
1.153806705647525860e+03 -1.237194672317343702e+03 -3.960251307849608082e+01 0.000000000000000000e+00 0.000000000000000000e+00 2.041671874991379809e-02
1.140883628544498379e+03 -9.467299721191487833e+02 -3.527345382895556725e+01 0.000000000000000000e+00 0.000000000000000000e+00 8.223083907349604260e-02
1.555290809539746760e+03 -9.426517388141355696e+02 -4.411471870107313720e+01 0.000000000000000000e+00 0.000000000000000000e+00 6.888223224644463016e-02
1.344410385179596688e+03 -6.943324981157908269e+02 -3.663037124113728282e+01 0.000000000000000000e+00 0.000000000000000000e+00 1.168665921790292828e-01
1.555293260335341529e+03 -5.217039629206248037e+02 -4.012888339965351037e+01 0.000000000000000000e+00 0.000000000000000000e+00 3.050367550317645282e-02
1.164666062825392373e+03 -5.279457272500669660e+02 -3.171737253138488910e+01 0.000000000000000000e+00 0.000000000000000000e+00 9.345953053539801658e-02
1.536666253199084395e+03 -1.938951407491952637e+02 -3.813267282043565132e+01 0.000000000000000000e+00 0.000000000000000000e+00 2.182945490745424877e-02
1.153924088783576053e+03 -2.020354987885925198e+02 -2.996880603455418779e+01 0.000000000000000000e+00 0.000000000000000000e+00 -1.748257295077593199e-02
1.350714996749386046e+03 6.097041498119244807e+01 -3.362566627308781619e+01 0.000000000000000000e+00 0.000000000000000000e+00 7.177169834438501539e-02
1.523412387870584553e+03 2.326868268346823356e+02 -3.785218935712161681e+01 0.000000000000000000e+00 0.000000000000000000e+00 3.744097697558146365e-02
1.158803465160198812e+03 2.252708022148405860e+02 -3.008314044082656125e+01 0.000000000000000000e+00 0.000000000000000000e+00 -4.669056929529347144e-04
1.163737215078662302e+03 5.584449762000595001e+02 -3.179754744835651437e+01 0.000000000000000000e+00 0.000000000000000000e+00 1.740267454992050489e-02
1.544261248839098243e+03 5.530609723944013467e+02 -3.989389057449859877e+01 0.000000000000000000e+00 0.000000000000000000e+00 3.758860593295310082e-02
1.338537482120851791e+03 7.948663197571901264e+02 -3.723994252056120047e+01 0.000000000000000000e+00 0.000000000000000000e+00 5.534202772789598157e-02
1.149927012275125435e+03 9.627832584359142629e+02 -3.538009476742668369e+01 0.000000000000000000e+00 0.000000000000000000e+00 6.323654801893496824e-02
1.534370475298654810e+03 9.682881145897410988e+02 -4.354637384746801843e+01 0.000000000000000000e+00 0.000000000000000000e+00 2.027762348678407989e-02
1.519817763937948712e+03 1.290823899365572515e+03 -4.768262969405967766e+01 0.000000000000000000e+00 0.000000000000000000e+00 7.048895000309585157e-02
1.148535796754427338e+03 1.290323944499529944e+03 -3.993858723356387941e+01 0.000000000000000000e+00 0.000000000000000000e+00 7.011162514438495919e-02
1.339740530956079056e+03 1.548754457812581677e+03 -4.817563521119726033e+01 0.000000000000000000e+00 0.000000000000000000e+00 -4.336383778904462361e-02
1.512637260005938515e+03 1.728148678765530576e+03 -5.559525316102644155e+01 0.000000000000000000e+00 0.000000000000000000e+00 2.875671333235629845e-03
1.140382282200317150e+03 1.714885517532520907e+03 -4.766567610791834397e+01 0.000000000000000000e+00 0.000000000000000000e+00 -2.174486669591857435e-02
1.132756886792751175e+03 2.039000415875826320e+03 -5.498175121327776083e+01 0.000000000000000000e+00 0.000000000000000000e+00 8.952419953757839721e-03
1.539152760255329213e+03 2.053684920801785211e+03 -6.369923175229462231e+01 0.000000000000000000e+00 0.000000000000000000e+00 2.644407083629118915e-03
1.323190101155925049e+03 2.304205374753018077e+03 -6.556899176452836286e+01 0.000000000000000000e+00 0.000000000000000000e+00 -7.475636242151040278e-02
1.146189310335097844e+03 2.453836212738274298e+03 -6.652935259760219822e+01 0.000000000000000000e+00 0.000000000000000000e+00 6.653968636128126946e-02
1.516796330726623410e+03 2.468421605359936621e+03 -7.448060114428592726e+01 0.000000000000000000e+00 0.000000000000000000e+00 2.450380403089980064e-03
8.735290321473977428e+02 1.773024578567072695e+03 -4.473693390352131871e+01 0.000000000000000000e+00 0.000000000000000000e+00 -4.008927804049022825e-02
4.872045062064152035e+02 1.776040470025353898e+03 -4.070949051497728988e+01 0.000000000000000000e+00 0.000000000000000000e+00 6.692776152810608892e-03
6.475606964717156870e+02 1.611568345817739555e+03 -3.867919615225025609e+01 0.000000000000000000e+00 0.000000000000000000e+00 2.302255584041290604e-03
4.817314215540025657e+02 1.363559211459325979e+03 -3.261995150307753732e+01 0.000000000000000000e+00 0.000000000000000000e+00 3.858986504556582986e-02
8.536426644084153850e+02 1.351907128163450352e+03 -3.632231507473511556e+01 0.000000000000000000e+00 0.000000000000000000e+00 -1.432105324741428376e-02
4.779509129494886679e+02 1.016731939058162425e+03 -2.741769410690796605e+01 0.000000000000000000e+00 0.000000000000000000e+00 -4.621607979459696480e-02
8.725231641025599174e+02 1.026154084535182392e+03 -3.174659343051843763e+01 0.000000000000000000e+00 0.000000000000000000e+00 5.377496683667715160e-03
6.950407670572037659e+02 8.628474489706318309e+02 -2.761322727217964967e+01 0.000000000000000000e+00 0.000000000000000000e+00 -1.653924337869483452e-03
4.932663784143108501e+02 6.228008386408160959e+02 -2.345995767597714377e+01 0.000000000000000000e+00 0.000000000000000000e+00 7.554565105927224522e-04
8.692916325447073405e+02 6.094826060211299819e+02 -2.742699568553038247e+01 0.000000000000000000e+00 0.000000000000000000e+00 -8.078718375010396358e-03
8.573665006765089629e+02 2.775628324870646679e+02 -2.541137029937186398e+01 0.000000000000000000e+00 0.000000000000000000e+00 -3.468845351743965466e-02
4.982922538671958819e+02 2.822970950825102250e+02 -2.154472201447224933e+01 0.000000000000000000e+00 0.000000000000000000e+00 -3.054466551450829570e-02
6.612009679836680789e+02 1.187285433667762504e+02 -2.263904812351172779e+01 0.000000000000000000e+00 0.000000000000000000e+00 3.260329643089932006e-02
4.801641740455975764e+02 -1.532750665324773536e+02 -2.105131925100795698e+01 0.000000000000000000e+00 0.000000000000000000e+00 9.684629202315164775e-03
8.812905122567426588e+02 -1.472520164445340072e+02 -2.541267757993702858e+01 0.000000000000000000e+00 0.000000000000000000e+00 -2.745301290755008949e-03
5.064857038417824810e+02 -4.699743531647005739e+02 -2.253478258736625151e+01 0.000000000000000000e+00 0.000000000000000000e+00 -2.668838497541514698e-02
8.825226602960400442e+02 -4.833136997506196622e+02 -2.680657655095529890e+01 0.000000000000000000e+00 0.000000000000000000e+00 2.946150659143498274e-02
6.955526054072532816e+02 -6.365448986985425108e+02 -2.555087216895282864e+01 0.000000000000000000e+00 0.000000000000000000e+00 -1.402310028144171383e-02
8.780104592298470152e+02 -8.922312421154374533e+02 -3.038057603282896935e+01 0.000000000000000000e+00 0.000000000000000000e+00 -3.501870028205189556e-02
5.166407592591851881e+02 -9.071059932008381566e+02 -2.650889306625688846e+01 0.000000000000000000e+00 0.000000000000000000e+00 -1.708751556390097903e-02
5.231591996039301193e+02 -1.227184066130818337e+03 -3.098058252187950501e+01 0.000000000000000000e+00 0.000000000000000000e+00 -4.869723302396522513e-02
8.887743217717545576e+02 -1.211151015570525487e+03 -3.486638404897156818e+01 0.000000000000000000e+00 0.000000000000000000e+00 -4.393221005515357547e-02
6.809889164793147529e+02 -1.391943079392838627e+03 -3.529304566165649959e+01 0.000000000000000000e+00 0.000000000000000000e+00 -3.692491954147669730e-02
5.028256544186010615e+02 -1.631222467278525755e+03 -3.827278292102351998e+01 0.000000000000000000e+00 0.000000000000000000e+00 3.852680399843677606e-02
8.804561940032059510e+02 -1.649487667843473673e+03 -4.283235649180341653e+01 0.000000000000000000e+00 0.000000000000000000e+00 -3.188994433859448918e-02
8.972324619047865326e+02 -1.976243461058819776e+03 -5.067701648266667291e+01 0.000000000000000000e+00 0.000000000000000000e+00 3.002542536606966905e-02
5.343357867504630576e+02 -2.007220492112049442e+03 -4.733958762770051010e+01 0.000000000000000000e+00 0.000000000000000000e+00 3.409396685615462275e-02
6.629971999355069556e+02 -2.138116650838695932e+03 -5.204230477499210394e+01 0.000000000000000000e+00 0.000000000000000000e+00 -2.014268072105807050e-02
5.107957055185841000e+02 -2.397705504557352469e+03 -5.814835971723096009e+01 0.000000000000000000e+00 0.000000000000000000e+00 7.262781540082130505e-02
9.082099533972948393e+02 -2.379690656983703775e+03 -6.204532276209597086e+01 0.000000000000000000e+00 0.000000000000000000e+00 -5.921066127064023021e-02
-2.216412747669458440e+03 -2.400135687472929476e+03 -9.429508738483748687e+01 0.000000000000000000e+00 0.000000000000000000e+00 1.276595681972025886e-03
-1.810304227859910498e+03 -2.381575081998009409e+03 -8.120999251052617751e+01 0.000000000000000000e+00 0.000000000000000000e+00 1.712119902492759138e-03
-1.997146297864566122e+03 -2.148046591737821473e+03 -8.009013470181960770e+01 0.000000000000000000e+00 0.000000000000000000e+00 -5.931164724208315420e-02
-1.830367152021517541e+03 -1.985601715468971861e+03 -7.092089274500152385e+01 0.000000000000000000e+00 0.000000000000000000e+00 -2.400032011256314490e-02
-2.185047243537500890e+03 -1.967918118938034240e+03 -8.151483424163313884e+01 0.000000000000000000e+00 0.000000000000000000e+00 7.352000948475279074e-02
-1.851457950972662047e+03 -1.685859487618902222e+03 -6.456254983597040109e+01 0.000000000000000000e+00 0.000000000000000000e+00 -3.771842475572384501e-03
-2.153068722963805158e+03 -1.687301580139549515e+03 -7.400198177198413418e+01 0.000000000000000000e+00 0.000000000000000000e+00 1.000404253616693495e-02
-2.036930129927400912e+03 -1.449172207111807211e+03 -6.548840870634552402e+01 0.000000000000000000e+00 0.000000000000000000e+00 -3.536338996786980715e-02
-1.863237842667081622e+03 -1.259986991398982582e+03 -5.691431716080803938e+01 0.000000000000000000e+00 0.000000000000000000e+00 3.165025730812232041e-02
-2.159381099234705744e+03 -1.246853517969354016e+03 -6.603092002236215308e+01 0.000000000000000000e+00 0.000000000000000000e+00 2.706753365717418092e-02
-1.833756234677789507e+03 -9.457605979441659656e+02 -5.161294432192802617e+01 0.000000000000000000e+00 0.000000000000000000e+00 2.898625659256737208e-02
-2.196701435618987034e+03 -9.580871561937134402e+02 -6.323728914791348643e+01 0.000000000000000000e+00 0.000000000000000000e+00 4.741001498842933870e-03
-2.015609528315303578e+03 -7.077099507437133070e+02 -5.458363446016883813e+01 0.000000000000000000e+00 0.000000000000000000e+00 3.256344043755632356e-02
-1.859707707046960650e+03 -5.044705604540212676e+02 -4.823259132002310423e+01 0.000000000000000000e+00 0.000000000000000000e+00 3.016976825114170424e-02
-2.168222832686850779e+03 -5.183185467198961760e+02 -5.808071751031415886e+01 0.000000000000000000e+00 0.000000000000000000e+00 2.013265989351253893e-02
-1.853915612452078676e+03 -2.099762228279651879e+02 -4.667401050783573169e+01 0.000000000000000000e+00 0.000000000000000000e+00 -2.262069319606752060e-02
-2.187491619015501328e+03 -2.203753798420088401e+02 -5.727834725141769923e+01 0.000000000000000000e+00 0.000000000000000000e+00 -2.782586536455511350e-02
-2.048753518581040225e+03 4.271406170410130443e+01 -5.232097992675448950e+01 0.000000000000000000e+00 0.000000000000000000e+00 4.206095026216161159e-02
-1.855968547313077352e+03 2.355543566717930162e+02 -4.671152425408713782e+01 0.000000000000000000e+00 0.000000000000000000e+00 2.666060632210331960e-02
-2.171354499508612207e+03 2.372286627360751936e+02 -5.665181091726762475e+01 0.000000000000000000e+00 0.000000000000000000e+00 8.306232452073913919e-02
-1.855631574630632485e+03 5.577499136250792162e+02 -4.823400414714413387e+01 0.000000000000000000e+00 0.000000000000000000e+00 5.487178663855729610e-03
-2.197714702577545722e+03 5.181831701160974717e+02 -5.878960267722223421e+01 0.000000000000000000e+00 0.000000000000000000e+00 1.508177328740600842e-02
-2.031022159688893453e+03 7.933644856752209762e+02 -5.547800461909075409e+01 0.000000000000000000e+00 0.000000000000000000e+00 2.804933043641710810e-02
-1.835888849987889216e+03 9.546278906257276731e+02 -5.131962135995901519e+01 0.000000000000000000e+00 0.000000000000000000e+00 1.297415886874944135e-01
-2.202034109588836600e+03 9.579339163792926684e+02 -6.282567296495618336e+01 0.000000000000000000e+00 0.000000000000000000e+00 -7.292720808635522189e-03
-2.227580602682489371e+03 1.291783759543172664e+03 -6.821377659594379850e+01 0.000000000000000000e+00 0.000000000000000000e+00 1.821565006299863398e-02
-1.872895113833436881e+03 1.326661452186909855e+03 -5.755429540594818860e+01 0.000000000000000000e+00 0.000000000000000000e+00 -2.908468433001587528e-02
-2.013508309613899428e+03 1.539362769152768578e+03 -6.546074287272543302e+01 0.000000000000000000e+00 0.000000000000000000e+00 -3.330365096729792640e-03
-1.860179336528118256e+03 1.724512169807584996e+03 -6.454908475280112157e+01 0.000000000000000000e+00 0.000000000000000000e+00 -1.761693434926314694e-02
-2.202370671219992346e+03 1.715317560187213303e+03 -7.499983207657675166e+01 0.000000000000000000e+00 0.000000000000000000e+00 -2.357535623468720587e-02
-2.195128131363739158e+03 2.040862552769906642e+03 -8.206110122952665620e+01 0.000000000000000000e+00 0.000000000000000000e+00 -1.725699271406710977e-02
-1.873413639510425355e+03 2.060309855272911136e+03 -7.258754353658429181e+01 0.000000000000000000e+00 0.000000000000000000e+00 2.421712049542179557e-02
-1.996146658607846803e+03 2.271849629560415451e+03 -8.168092867308484983e+01 0.000000000000000000e+00 0.000000000000000000e+00 1.085576993398262857e-02
-1.857180526496794982e+03 2.450284385222907986e+03 -8.265214504323515143e+01 0.000000000000000000e+00 0.000000000000000000e+00 1.246874711998202656e-02
-2.221653872483292162e+03 2.447968690692709515e+03 -9.378294331259692740e+01 0.000000000000000000e+00 0.000000000000000000e+00 1.078947731303969704e-02
-1.568529401915831386e+03 2.476342731258970161e+03 -7.592780859788443593e+01 0.000000000000000000e+00 0.000000000000000000e+00 4.437469041450015084e-02
-1.214545807373121761e+03 2.504537364039713793e+03 -6.927705956731588799e+01 0.000000000000000000e+00 0.000000000000000000e+00 2.928806729113375695e-02
-1.374677450526127586e+03 2.357965414154948576e+03 -6.814383458766369017e+01 0.000000000000000000e+00 0.000000000000000000e+00 1.741850137656797415e-02
-1.186813932269870293e+03 2.088853341076543984e+03 -5.720248844674420496e+01 0.000000000000000000e+00 0.000000000000000000e+00 4.558570360849500958e-03
-1.572698940554840192e+03 2.087080014743591164e+03 -6.533607400905287932e+01 0.000000000000000000e+00 0.000000000000000000e+00 1.560125535857537216e-02
-1.551115484739709927e+03 1.772872438034388324e+03 -5.745951702265830363e+01 0.000000000000000000e+00 0.000000000000000000e+00 2.234041182716595131e-02
-1.192370261879740383e+03 1.780304586816322853e+03 -5.001016342706779483e+01 0.000000000000000000e+00 0.000000000000000000e+00 2.965497619383228312e-02
-1.356098076574693550e+03 1.617499364728121236e+03 -4.985406870769408272e+01 0.000000000000000000e+00 0.000000000000000000e+00 -2.371370552452845004e-03
-1.548859973962182266e+03 1.365818554339652792e+03 -4.959894153540069794e+01 0.000000000000000000e+00 0.000000000000000000e+00 -2.663387734047972799e-02
-1.194404745514230626e+03 1.358855757865970645e+03 -4.190278584962157993e+01 0.000000000000000000e+00 0.000000000000000000e+00 -3.791420951304047549e-02
-1.541142602441214649e+03 1.016371188339825949e+03 -4.429714792259463252e+01 0.000000000000000000e+00 0.000000000000000000e+00 -5.632304942886889876e-02
-1.184874157099430249e+03 1.023005706072292469e+03 -3.676586218489277513e+01 0.000000000000000000e+00 0.000000000000000000e+00 -4.095494598877991166e-02
-1.378181514652339729e+03 8.472921450310539058e+02 -3.862080674335930297e+01 0.000000000000000000e+00 0.000000000000000000e+00 -8.798505651739674249e-03
-1.187667842208993989e+03 5.929016472107165328e+02 -3.249008853871588087e+01 0.000000000000000000e+00 0.000000000000000000e+00 -2.029626071966816880e-02
-1.543512283121986229e+03 6.094549910847639467e+02 -4.027887234351626944e+01 0.000000000000000000e+00 0.000000000000000000e+00 -1.433836057530157859e-02
-1.189515557203446633e+03 2.727043420601162893e+02 -3.080148279721544924e+01 0.000000000000000000e+00 0.000000000000000000e+00 4.941591690198876563e-02
-1.556386837696668408e+03 2.749756184978476199e+02 -3.878332116430101451e+01 0.000000000000000000e+00 0.000000000000000000e+00 -4.949348211553683541e-03
-1.365309774164649980e+03 1.084760313505809535e+02 -3.398551339433747387e+01 0.000000000000000000e+00 0.000000000000000000e+00 -1.883048664743824929e-02
-1.181453417388248681e+03 -1.543836031168966656e+02 -3.036855010939542154e+01 0.000000000000000000e+00 0.000000000000000000e+00 4.186635078773903729e-02
-1.549303488709178737e+03 -1.542655280606358872e+02 -3.834816592770553711e+01 0.000000000000000000e+00 0.000000000000000000e+00 5.610382150024406656e-02
-1.168591190117456108e+03 -4.815862806288667457e+02 -3.148686297428536562e+01 0.000000000000000000e+00 0.000000000000000000e+00 3.740831871153105226e-02
-1.556541323379750338e+03 -4.853006849922740003e+02 -3.992112059773325683e+01 0.000000000000000000e+00 0.000000000000000000e+00 6.262538601858125276e-02
-1.358090454642204804e+03 -6.411758752100201946e+02 -3.646512885335374676e+01 0.000000000000000000e+00 0.000000000000000000e+00 3.527535537628523343e-04
-1.545320417244393866e+03 -8.967846544682878402e+02 -4.332560180722882137e+01 0.000000000000000000e+00 0.000000000000000000e+00 2.878857191079475797e-02
-1.184202916107168676e+03 -8.989559414788149070e+02 -3.550809448847613226e+01 0.000000000000000000e+00 0.000000000000000000e+00 2.364238625148828987e-02
-1.541728271831635993e+03 -1.221158740736240816e+03 -4.765899942937493705e+01 0.000000000000000000e+00 0.000000000000000000e+00 -5.376586242344671973e-02
-1.176374502854474940e+03 -1.224661597286792812e+03 -3.982294890992517367e+01 0.000000000000000000e+00 0.000000000000000000e+00 6.183392536793519412e-02
-1.373305151425375925e+03 -1.393230280100158325e+03 -4.665610821063985725e+01 0.000000000000000000e+00 0.000000000000000000e+00 4.242014285230055748e-02
-1.546432065466645099e+03 -1.652042841226323162e+03 -5.570306446274138068e+01 0.000000000000000000e+00 0.000000000000000000e+00 7.001232535941426249e-03
-1.173191809078263077e+03 -1.646149104535106744e+03 -4.754584313856999245e+01 0.000000000000000000e+00 0.000000000000000000e+00 1.005507270560457300e-02
-1.534942528739251202e+03 -1.973357747230096265e+03 -6.284279923712368543e+01 0.000000000000000000e+00 0.000000000000000000e+00 5.755313345730428409e-03
-1.162548351694075336e+03 -1.978691146860562185e+03 -5.506660847590903529e+01 0.000000000000000000e+00 0.000000000000000000e+00 4.632920886777469605e-03
-1.339222743769369117e+03 -2.144750689707407219e+03 -6.290857019599594935e+01 0.000000000000000000e+00 0.000000000000000000e+00 3.442514034214383400e-02
-1.150973073091386823e+03 -2.381544085754318075e+03 -6.602585182186399493e+01 0.000000000000000000e+00 0.000000000000000000e+00 -1.201296018120956433e-02
-1.534797206075963231e+03 -2.391117705475423008e+03 -7.435828326908689689e+01 0.000000000000000000e+00 0.000000000000000000e+00 7.149018026613873644e-02
-8.723164442224514232e+02 -2.459309135990672075e+03 -6.398808409721863200e+01 0.000000000000000000e+00 0.000000000000000000e+00 -5.945258626107374766e-02
-5.089297663215157854e+02 -2.421276799269668572e+03 -5.885693085754022036e+01 0.000000000000000000e+00 0.000000000000000000e+00 -5.490185260084246011e-02
-4.606102030798340934e+02 -2.033996179945733957e+03 -4.745042323931265571e+01 0.000000000000000000e+00 0.000000000000000000e+00 -3.272806962130658803e-02
-6.367462011838913440e+02 -2.185438056269517801e+03 -5.308086583682867143e+01 0.000000000000000000e+00 0.000000000000000000e+00 -6.619251612217880165e-02
-8.275132382074426687e+02 -2.024939705001313769e+03 -5.097091525672713885e+01 0.000000000000000000e+00 0.000000000000000000e+00 -3.747764626005789523e-03
-5.141435709237597393e+02 -1.663560194516657930e+03 -3.905211327397189081e+01 0.000000000000000000e+00 0.000000000000000000e+00 -6.252626719949461176e-02
-6.256671133004988405e+02 -1.429557636355482828e+03 -3.539915767307793715e+01 0.000000000000000000e+00 0.000000000000000000e+00 -3.223484973377566121e-02
-8.617672350008381272e+02 -1.636623454955090210e+03 -4.230057915014153025e+01 0.000000000000000000e+00 0.000000000000000000e+00 -3.207506904156076644e-02
-8.254095914076119698e+02 -1.297428403481310625e+03 -3.539422225471061267e+01 0.000000000000000000e+00 0.000000000000000000e+00 -8.110831302869314641e-02
-5.248424200201608301e+02 -1.230598188919614586e+03 -3.104899415298107357e+01 0.000000000000000000e+00 0.000000000000000000e+00 -7.949906967019515491e-02
-5.346354644154789639e+02 -9.358936187350710725e+02 -2.700399999449193800e+01 0.000000000000000000e+00 0.000000000000000000e+00 -7.976071567824050135e-02
-8.169193320084015113e+02 -9.512366109366623732e+02 -3.025368860364682888e+01 0.000000000000000000e+00 0.000000000000000000e+00 -3.423887188511542945e-02
-7.213643910328310085e+02 -6.850612950923998596e+02 -2.625893187840330611e+01 0.000000000000000000e+00 0.000000000000000000e+00 3.426975766302575721e-03
-5.385536637207716240e+02 -4.914444891129502935e+02 -2.293731617743688744e+01 0.000000000000000000e+00 0.000000000000000000e+00 -8.072861395381281113e-02
-8.254330235285306117e+02 -5.322625214630234041e+02 -2.634710183083189250e+01 0.000000000000000000e+00 0.000000000000000000e+00 -3.295666843549938108e-02
-8.370397916539006928e+02 -2.034718276809649637e+02 -2.493356767803269491e+01 0.000000000000000000e+00 0.000000000000000000e+00 -9.594163787373943819e-02
-5.250226156872204228e+02 -2.067654360974626115e+02 -2.153759474347031500e+01 0.000000000000000000e+00 0.000000000000000000e+00 -7.851272301764566919e-02
-7.141816454301535941e+02 5.869842754542192154e+01 -2.315539166933505655e+01 0.000000000000000000e+00 0.000000000000000000e+00 -5.880429330876069116e-02
-8.099604830015022117e+02 2.423179234719821409e+02 -2.466633273637852497e+01 0.000000000000000000e+00 0.000000000000000000e+00 -3.785866206983357074e-02
-5.417390269459574483e+02 2.708840546449358726e+02 -2.186556834964748219e+01 0.000000000000000000e+00 0.000000000000000000e+00 2.241765144862739589e-02
-8.166022377022088676e+02 5.450665855902170733e+02 -2.625359877564012834e+01 0.000000000000000000e+00 0.000000000000000000e+00 7.230825524734996179e-02
-5.395109244951175924e+02 5.668236432545778598e+02 -2.341827702075142525e+01 0.000000000000000000e+00 0.000000000000000000e+00 5.278507822430000829e-02
-6.910508790384344593e+02 7.903206809287047463e+02 -2.681474038172636298e+01 0.000000000000000000e+00 0.000000000000000000e+00 6.208483110748375111e-02
-5.159881602642344660e+02 1.012723245939154481e+03 -2.766551010642890418e+01 0.000000000000000000e+00 0.000000000000000000e+00 3.378630284566597197e-02
-8.334597771806919582e+02 1.009499943378582429e+03 -3.100872467526441767e+01 0.000000000000000000e+00 0.000000000000000000e+00 -3.423601251553520797e-02
-8.941485147924690864e+02 1.287554377045977617e+03 -3.582092388741208566e+01 0.000000000000000000e+00 0.000000000000000000e+00 9.021571206432099643e-03
-5.440880967203038381e+02 1.335208550253858675e+03 -3.264499728332418016e+01 0.000000000000000000e+00 0.000000000000000000e+00 -6.269949606405589293e-04
-7.288553850433477237e+02 1.546418507657128885e+03 -3.827789793180955513e+01 0.000000000000000000e+00 0.000000000000000000e+00 2.110812309226162142e-03
-5.621667523979123189e+02 1.737195410647660310e+03 -4.047859905089226373e+01 0.000000000000000000e+00 0.000000000000000000e+00 3.238010581477368532e-02
-8.423150803612055597e+02 1.728697159865326967e+03 -4.336296041933037770e+01 0.000000000000000000e+00 0.000000000000000000e+00 2.380802584356445095e-02
-5.453598460926248208e+02 2.060645291535794513e+03 -4.790527656870522577e+01 0.000000000000000000e+00 0.000000000000000000e+00 4.535399412571905486e-02
-8.508133685313976002e+02 2.051084298627332828e+03 -5.096480464375234476e+01 0.000000000000000000e+00 0.000000000000000000e+00 5.204915747349758703e-02
-7.383668145221106442e+02 2.317549412592248245e+03 -5.669520387994182187e+01 0.000000000000000000e+00 0.000000000000000000e+00 4.505229075891037382e-02
-5.563594294209530062e+02 2.486980216416051462e+03 -5.983534583239755023e+01 0.000000000000000000e+00 0.000000000000000000e+00 4.855243705272016541e-02
-8.311847649625148051e+02 2.485161903474315750e+03 -6.270217560092239495e+01 0.000000000000000000e+00 0.000000000000000000e+00 7.769017969251734712e-02
9.393678912325546548e+01 2.485321325076728954e+03 -5.747754646686573210e+01 0.000000000000000000e+00 0.000000000000000000e+00 6.254346307316893672e-02
-1.861358190992364996e+02 2.471050867526983893e+03 -5.724554489435229243e+01 0.000000000000000000e+00 0.000000000000000000e+00 3.351962041226386191e-02
-5.589816778480220449e+01 2.340192774274597923e+03 -5.316494796511362608e+01 0.000000000000000000e+00 0.000000000000000000e+00 2.844317067288670842e-02
-1.768290619539115482e+02 2.107262223745115080e+03 -4.703670256931762594e+01 0.000000000000000000e+00 0.000000000000000000e+00 3.487633924630983984e-02
1.250488992325621211e+02 2.114599970150198260e+03 -4.710591974363055812e+01 0.000000000000000000e+00 0.000000000000000000e+00 8.575320468331426582e-03
-2.443496950029592369e+02 1.760588012952487588e+03 -3.898514593024124508e+01 0.000000000000000000e+00 0.000000000000000000e+00 2.465330516302088881e-02
1.406816617399066445e+02 1.778950157190919981e+03 -3.907629030852966423e+01 0.000000000000000000e+00 0.000000000000000000e+00 8.554167886941854704e-03
1.533439286706062710e+01 1.621309785457404587e+03 -3.559602362747205007e+01 0.000000000000000000e+00 0.000000000000000000e+00 1.349648649934209743e-02
1.434802741365721488e+02 1.370353459467464745e+03 -3.107289569333982016e+01 0.000000000000000000e+00 0.000000000000000000e+00 3.798915711375983051e-02
-1.939140018222782942e+02 1.372118589409732976e+03 -3.123704908354372023e+01 0.000000000000000000e+00 0.000000000000000000e+00 1.298113465225370078e-02
-2.129847711337023100e+02 1.025517946629458265e+03 -2.608220731263176972e+01 0.000000000000000000e+00 0.000000000000000000e+00 -3.332129510479120427e-03
1.308496970711706240e+02 1.053010787505818598e+03 -2.621872031279479032e+01 0.000000000000000000e+00 0.000000000000000000e+00 -4.168937411800399673e-02
-9.497168142322928830e+00 8.644940378159712964e+02 -2.380233482651392052e+01 0.000000000000000000e+00 0.000000000000000000e+00 -2.043190870907451995e-02
1.282783828901150684e+02 6.129072026181419233e+02 -2.157659084107253733e+01 0.000000000000000000e+00 0.000000000000000000e+00 -6.076668861788903087e-02
-1.864427380240098273e+02 6.191636398590626413e+02 -2.177135425256878776e+01 0.000000000000000000e+00 0.000000000000000000e+00 -2.359578843951126714e-02
1.467345596069744431e+02 2.953947730324724148e+02 -1.978052834755482081e+01 0.000000000000000000e+00 0.000000000000000000e+00 -3.808280240953365592e-03
-1.602050348739076355e+02 2.283764170159681726e+02 -1.958935500264900043e+01 0.000000000000000000e+00 0.000000000000000000e+00 -2.957786126416550587e-02
-1.093231737470965470e+01 1.249060963148755974e+02 -1.915095435058854534e+01 0.000000000000000000e+00 0.000000000000000000e+00 -2.536496400493959413e-02
1.704574189033122309e+02 -1.232774909079080317e+02 -1.938089340106008507e+01 0.000000000000000000e+00 0.000000000000000000e+00 -5.221706091536759686e-02
-1.926725708370784957e+02 -1.458892165329891668e+02 -1.948482319827524378e+01 0.000000000000000000e+00 0.000000000000000000e+00 1.618706482094012244e-02
1.577438417273887410e+02 -4.720777937907662931e+02 -2.068544332990408918e+01 0.000000000000000000e+00 0.000000000000000000e+00 -4.124376355115089154e-02
-1.519139247475127377e+02 -5.207984376642665438e+02 -2.098304163378988818e+01 0.000000000000000000e+00 0.000000000000000000e+00 -5.882784815192110273e-04
-3.142887957500343532e+01 -6.386130767198656031e+02 -2.168713911384699955e+01 0.000000000000000000e+00 0.000000000000000000e+00 8.411767939025693863e-02
1.301722517218137227e+02 -8.687651537634526449e+02 -2.405776529397008545e+01 0.000000000000000000e+00 0.000000000000000000e+00 -7.514341932121126888e-02
-1.811681830225510055e+02 -8.775991825022147168e+02 -2.428533737305508211e+01 0.000000000000000000e+00 0.000000000000000000e+00 -1.285938467235041571e-01
-2.146717840930132013e+02 -1.219738773058830930e+03 -2.903375473276744145e+01 0.000000000000000000e+00 0.000000000000000000e+00 -1.086441528011157232e-01
1.807700957100809092e+02 -1.206362662069217095e+03 -2.871601087222174442e+01 0.000000000000000000e+00 0.000000000000000000e+00 2.922588603906817184e-02
-1.727739622345917425e+01 -1.387361870095618087e+03 -3.149225707911704220e+01 0.000000000000000000e+00 0.000000000000000000e+00 -6.531096738241259914e-02
1.396000598286305490e+02 -1.616432565127543285e+03 -3.609328562239608118e+01 0.000000000000000000e+00 0.000000000000000000e+00 -7.369429814470862539e-02
-1.863955045976190377e+02 -1.710728951146381178e+03 -3.824084344761678267e+01 0.000000000000000000e+00 0.000000000000000000e+00 -1.196220091831534660e-01
1.627543633372078489e+02 -1.945744359576605575e+03 -4.371259552988257724e+01 0.000000000000000000e+00 0.000000000000000000e+00 -5.861517152545303588e-02
-1.828126632659471511e+02 -1.970710868375574364e+03 -4.439704441228749232e+01 0.000000000000000000e+00 0.000000000000000000e+00 -1.302945712659919764e-01
-1.517038135169460134e+01 -2.138400734680562437e+03 -4.855974515259946855e+01 0.000000000000000000e+00 0.000000000000000000e+00 -5.413502007224479939e-02
-1.798365110223190868e+02 -2.394627870035978503e+03 -5.624777518738339666e+01 0.000000000000000000e+00 0.000000000000000000e+00 -5.358274499730697471e-02
1.807273331211655432e+02 -2.459160307072121213e+03 -5.824770576898428232e+01 0.000000000000000000e+00 0.000000000000000000e+00 -9.110763583437631041e-02
