# x y z x_res y_res z_res
2.497172618364015761e+03 2.541504862869454428e+03 -6.815027002262749534e+01 0.000000000000000000e+00 0.000000000000000000e+00 4.132148404447377743e-02
2.905223264819369433e+03 2.531347318193374576e+03 -8.416099624774746246e+01 0.000000000000000000e+00 0.000000000000000000e+00 1.526254294536499856e-02
2.892913692413791978e+03 2.088036375519076500e+03 -7.176784156686031224e+01 0.000000000000000000e+00 0.000000000000000000e+00 8.329377370833412897e-02
2.501903574136465522e+03 2.067439965247504460e+03 -5.549523209097597487e+01 0.000000000000000000e+00 0.000000000000000000e+00 7.657045965801501097e-02
2.926984649604034075e+03 1.789276085125642112e+03 -6.649861666135267058e+01 0.000000000000000000e+00 0.000000000000000000e+00 -1.639532133680177139e-03
2.483471270443398680e+03 1.789897493166435197e+03 -4.847182288876861378e+01 0.000000000000000000e+00 0.000000000000000000e+00 1.358952358880571865e-02
2.678588795374547317e+03 1.553585853445754310e+03 -5.141602760849882969e+01 0.000000000000000000e+00 0.000000000000000000e+00 -1.270091749848489826e-02
2.886744405695982095e+03 1.322361268740265132e+03 -5.625307451583999807e+01 0.000000000000000000e+00 0.000000000000000000e+00 -1.541096916106710069e-02
2.495508577765547670e+03 1.312415870139494473e+03 -4.012917740470929573e+01 0.000000000000000000e+00 0.000000000000000000e+00 -1.688959544577528504e-02
2.898246770384726005e+03 1.038513961496693810e+03 -5.283816301226465129e+01 0.000000000000000000e+00 0.000000000000000000e+00 -3.615019180640643981e-02
2.534796399685954384e+03 1.018194890694316655e+03 -3.756442883291477131e+01 0.000000000000000000e+00 0.000000000000000000e+00 -1.057599490697782585e-01
2.688179799664822895e+03 8.154994969874303479e+02 -4.149670568984476660e+01 0.000000000000000000e+00 0.000000000000000000e+00 -5.587374373181575038e-02
2.502139024946080099e+03 5.638887047497338472e+02 -3.205518785473234544e+01 0.000000000000000000e+00 0.000000000000000000e+00 -1.267322745919514659e-01
2.874212354575152403e+03 5.591720431945041128e+02 -4.734481895987508437e+01 0.000000000000000000e+00 0.000000000000000000e+00 -3.953934910026646321e-02
2.905222374130541994e+03 2.491469934232610797e+02 -4.731267541544585242e+01 0.000000000000000000e+00 0.000000000000000000e+00 -2.025420913852826743e-02
2.528211936239989882e+03 2.477878947528453466e+02 -3.159452414153430411e+01 0.000000000000000000e+00 0.000000000000000000e+00 -2.836339987836211662e-02
2.681239835514832066e+03 6.177607159069027887e+01 -3.744836658660034345e+01 0.000000000000000000e+00 0.000000000000000000e+00 -6.330700053787552406e-02
2.884114417820689596e+03 -1.881654735933489917e+02 -4.639540197601520788e+01 0.000000000000000000e+00 0.000000000000000000e+00 -3.011626438464531930e-03
2.513088775858745521e+03 -1.777886174794293765e+02 -3.096660496628172865e+01 0.000000000000000000e+00 0.000000000000000000e+00 -8.983709876776657666e-02
2.863150176590209867e+03 -4.636320278963218016e+02 -4.668205832363847207e+01 0.000000000000000000e+00 0.000000000000000000e+00 -7.317866571811748599e-02
2.505752374666197284e+03 -4.555499646992428779e+02 -3.186472658404037261e+01 0.000000000000000000e+00 0.000000000000000000e+00 -5.305874184966086204e-03
2.704857161328664006e+03 -6.957018867856803581e+02 -4.166265369056162626e+01 0.000000000000000000e+00 0.000000000000000000e+00 1.414598960245427861e-02
2.848112636770590143e+03 -9.068021473035081499e+02 -4.991418483997386346e+01 0.000000000000000000e+00 0.000000000000000000e+00 5.607922700685463724e-02
2.500175663561277815e+03 -8.774326021435036864e+02 -3.527502647364948984e+01 0.000000000000000000e+00 0.000000000000000000e+00 -2.135884246547448129e-02
2.505039975498780223e+03 -1.282311281771069162e+03 -4.100838404440703755e+01 0.000000000000000000e+00 0.000000000000000000e+00 -3.823866716420809553e-02
2.874528456218083647e+03 -1.267386032732613558e+03 -5.598803225431299779e+01 0.000000000000000000e+00 0.000000000000000000e+00 -2.043358116212345976e-02
2.672180010125096032e+03 -1.440807133081520305e+03 -5.036207246018533112e+01 0.000000000000000000e+00 0.000000000000000000e+00 -7.967479171603031318e-02
2.877153251751763946e+03 -1.695632050472483115e+03 -6.396040587316272763e+01 0.000000000000000000e+00 0.000000000000000000e+00 -3.910178932903818350e-02
2.531528498537958058e+03 -1.659668860984624871e+03 -4.899672706348023610e+01 0.000000000000000000e+00 0.000000000000000000e+00 -5.770097022816855770e-02
2.873540543572801653e+03 -1.946260140318749563e+03 -6.939589111058621995e+01 0.000000000000000000e+00 0.000000000000000000e+00 -5.549932381354949484e-02
2.520920320862665449e+03 -1.939315155033715200e+03 -5.484213934778433952e+01 0.000000000000000000e+00 0.000000000000000000e+00 -3.804173659507625871e-02
2.696516542874091556e+03 -2.121812582295147877e+03 -6.634222005886438467e+01 0.000000000000000000e+00 0.000000000000000000e+00 -2.119584313618361193e-02
2.879424256492745826e+03 -2.352856792188672443e+03 -8.022721651919322028e+01 0.000000000000000000e+00 0.000000000000000000e+00 -1.156424881626918477e-01
2.529128670721861909e+03 -2.349292708092350949e+03 -6.596378528003324959e+01 0.000000000000000000e+00 0.000000000000000000e+00 -4.183173643878035364e-02
2.228357679901016127e+03 -2.718064996564969078e+03 -6.657201292105872881e+01 0.000000000000000000e+00 0.000000000000000000e+00 -1.992949531759791171e-02
1.809998161997870739e+03 -2.719970075395737695e+03 -5.382670303462360550e+01 0.000000000000000000e+00 0.000000000000000000e+00 -1.654813119667153387e-02
2.017525614082297807e+03 -2.890684426985611481e+03 -6.571991987836807425e+01 0.000000000000000000e+00 0.000000000000000000e+00 -5.577977601620887071e-02
2.170424036069705835e+03 -3.180060833042191916e+03 -8.107458981661471853e+01 0.000000000000000000e+00 0.000000000000000000e+00 -3.962515921688236631e-02
1.799961861672128862e+03 -3.176297793908157928e+03 -6.998374562930021625e+01 0.000000000000000000e+00 0.000000000000000000e+00 -1.800634720129039579e-01
1.551818429658176456e+03 -3.197025654099586518e+03 -6.453190023046140311e+01 0.000000000000000000e+00 0.000000000000000000e+00 -1.565489497505723193e-02
1.552620884191660934e+03 -2.715397299477197521e+03 -4.704048963377590553e+01 0.000000000000000000e+00 0.000000000000000000e+00 -9.139337487810905714e-02
1.351162267837657282e+03 -2.956894319767713114e+03 -5.104113013810079735e+01 0.000000000000000000e+00 0.000000000000000000e+00 -6.297520138075185514e-02
1.118296435966017953e+03 -2.756125556342275104e+03 -3.947175050891807757e+01 0.000000000000000000e+00 0.000000000000000000e+00 1.646900915685023392e-02
1.113449516657009326e+03 -3.192064260654094596e+03 -5.547924623065578942e+01 0.000000000000000000e+00 0.000000000000000000e+00 -5.123709824670186208e-02
8.960148152519328733e+02 -2.750777546826124762e+03 -3.580850540789644754e+01 0.000000000000000000e+00 0.000000000000000000e+00 -9.140625438419647253e-03
8.975087923803632748e+02 -3.184415718291933445e+03 -5.186195419469411405e+01 0.000000000000000000e+00 0.000000000000000000e+00 8.847859531436341740e-02
7.083270989512403730e+02 -2.918822027489356515e+03 -3.944370309167652522e+01 0.000000000000000000e+00 0.000000000000000000e+00 -2.705483321059887203e-02
5.266263675991173159e+02 -2.758078623477325436e+03 -3.196300054887203856e+01 0.000000000000000000e+00 0.000000000000000000e+00 -3.931869134201093630e-02
5.283718995423440674e+02 -3.189602575035547488e+03 -4.802900350072803803e+01 0.000000000000000000e+00 0.000000000000000000e+00 1.150356768957294662e-02
2.035753793182335585e+02 -3.203523094344516721e+03 -4.675217196049959512e+01 0.000000000000000000e+00 0.000000000000000000e+00 1.806780787838278002e-01
1.811332823431226302e+02 -2.731099908719774703e+03 -2.911410597395661881e+01 0.000000000000000000e+00 0.000000000000000000e+00 1.936267799372615173e-03
2.822591247951248050e+01 -2.956105997343499439e+03 -3.692524146604563384e+01 0.000000000000000000e+00 0.000000000000000000e+00 -8.054478969199863059e-02
-1.740166272502385709e+02 -3.207571532419446157e+03 -4.682735837175368943e+01 0.000000000000000000e+00 0.000000000000000000e+00 -7.136524345551720216e-02
-1.676868104804779023e+02 -2.788578119853055796e+03 -3.108164959028564667e+01 0.000000000000000000e+00 0.000000000000000000e+00 -2.536767814058649151e-02
-4.362836877659852917e+02 -2.720564215949794288e+03 -2.998513959850783550e+01 0.000000000000000000e+00 0.000000000000000000e+00 3.877087454192462701e-03
-4.478081348530506602e+02 -3.182592633297518660e+03 -4.714708825095998890e+01 0.000000000000000000e+00 0.000000000000000000e+00 4.696504126150813363e-02
-6.387863315531620856e+02 -2.927298469076817128e+03 -3.902708570247050091e+01 0.000000000000000000e+00 0.000000000000000000e+00 -6.164366816491906320e-03
-8.168207462483558174e+02 -2.747463118042019687e+03 -3.463744554431626455e+01 0.000000000000000000e+00 0.000000000000000000e+00 8.687935843386185297e-02
-8.232421278592530598e+02 -3.164350690029037196e+03 -5.009570939731057138e+01 0.000000000000000000e+00 0.000000000000000000e+00 -1.198885485493406122e-02
-1.110529739840002549e+03 -2.751463476685731166e+03 -3.917671811703359452e+01 0.000000000000000000e+00 0.000000000000000000e+00 -3.008240784975413362e-02
-1.113265378158694602e+03 -3.180644080101049894e+03 -5.502863252616353407e+01 0.000000000000000000e+00 0.000000000000000000e+00 -5.501474038065623517e-02
-1.298691153219077933e+03 -2.910540343882935758e+03 -4.829023244674848314e+01 0.000000000000000000e+00 0.000000000000000000e+00 3.719746412354396625e-02
-1.485527911782162164e+03 -2.754824779085130558e+03 -4.681273487762864960e+01 0.000000000000000000e+00 0.000000000000000000e+00 1.328495056274121566e-01
-1.490235372352857667e+03 -3.191998675533171081e+03 -6.292213107121169458e+01 0.000000000000000000e+00 0.000000000000000000e+00 9.490586787082122555e-02
-1.836618927550347507e+03 -2.749414991656733491e+03 -5.555982925876001843e+01 0.000000000000000000e+00 0.000000000000000000e+00 -1.631466837721973206e-02
-1.844369701724283686e+03 -3.186006878309065996e+03 -7.156805795720501351e+01 0.000000000000000000e+00 0.000000000000000000e+00 5.713239272722603346e-03
-1.970311342877712150e+03 -2.926460044774546986e+03 -6.556719277148721403e+01 0.000000000000000000e+00 0.000000000000000000e+00 5.384973339857879182e-02
-2.174855826445903404e+03 -2.723975917217055212e+03 -6.499292006010372802e+01 0.000000000000000000e+00 0.000000000000000000e+00 6.151689714219799043e-02
-2.210414752606720413e+03 -3.181148427424825968e+03 -8.240971559953774772e+01 0.000000000000000000e+00 0.000000000000000000e+00 3.253635925675268936e-02
-2.467233844593122740e+03 -2.467571604057162858e+03 -6.710827659823050340e+01 0.000000000000000000e+00 0.000000000000000000e+00 1.230530447271860339e-02
-2.869144142941780501e+03 -2.487408820779622147e+03 -8.368858618317365483e+01 0.000000000000000000e+00 0.000000000000000000e+00 9.106769512644063980e-02
-2.672955392602585107e+03 -2.210129981965309980e+03 -6.772537536215240550e+01 0.000000000000000000e+00 0.000000000000000000e+00 1.892672533452355310e-02
-2.459852365334764727e+03 -2.022216552483768510e+03 -5.455665464834157774e+01 0.000000000000000000e+00 0.000000000000000000e+00 -1.292012283233248127e-01
-2.894212479443050597e+03 -2.041646155048151968e+03 -7.260506031764205659e+01 0.000000000000000000e+00 0.000000000000000000e+00 -1.739516894929238333e-03
-2.855522880883339894e+03 -1.708100053504995685e+03 -6.328521659537264554e+01 0.000000000000000000e+00 0.000000000000000000e+00 -9.161705919964902023e-03
-2.484181615610366862e+03 -1.712537380909718877e+03 -4.828919231089105324e+01 0.000000000000000000e+00 0.000000000000000000e+00 -7.159892834678771578e-02
-2.686707409024895696e+03 -1.463529323066333063e+03 -5.136918192971189256e+01 0.000000000000000000e+00 0.000000000000000000e+00 2.274164692621383210e-02
-2.883960546310676818e+03 -1.296123766841825727e+03 -5.686004865341088532e+01 0.000000000000000000e+00 0.000000000000000000e+00 -2.114446354059396072e-02
-2.478698798310632355e+03 -1.291715423377868547e+03 -4.014857991945242333e+01 0.000000000000000000e+00 0.000000000000000000e+00 -2.793626128998027980e-03
-2.494649204051106153e+03 -9.587687207388345314e+02 -3.601384500529717059e+01 0.000000000000000000e+00 0.000000000000000000e+00 -4.643330905761899885e-02
-2.880692780263442273e+03 -9.651312322965775365e+02 -5.202830609270273499e+01 0.000000000000000000e+00 0.000000000000000000e+00 3.450703904557883561e-02
-2.681331881286944736e+03 -7.048799608601970021e+02 -4.077052605162913324e+01 0.000000000000000000e+00 0.000000000000000000e+00 3.775429063239243987e-03
-2.495286755471639481e+03 -5.412503748087981421e+02 -3.201753539480865385e+01 0.000000000000000000e+00 0.000000000000000000e+00 1.366763866270304106e-02
-2.907280014098711945e+03 -5.378237039772980097e+02 -4.911187446638832910e+01 0.000000000000000000e+00 0.000000000000000000e+00 -1.084366548880666414e-03
-2.870269490424688684e+03 -2.194938854037734473e+02 -4.587695070101904093e+01 0.000000000000000000e+00 0.000000000000000000e+00 -1.782052464098171640e-02
-2.478357694958305729e+03 -2.298911453883237357e+02 -2.977315397250874796e+01 0.000000000000000000e+00 0.000000000000000000e+00 3.265492594461960607e-03
-2.692250217808348680e+03 3.017151755830113302e+01 -3.789718313951980377e+01 0.000000000000000000e+00 0.000000000000000000e+00 -7.654231525073385001e-03
-2.505728683359616753e+03 2.076431263472418607e+02 -3.062141262479311976e+01 0.000000000000000000e+00 0.000000000000000000e+00 9.713692503520832133e-03
-2.881989348178331511e+03 1.944044731337236271e+02 -4.616136442247119476e+01 0.000000000000000000e+00 0.000000000000000000e+00 -7.027262643873655179e-03
-2.510698259176848751e+03 1.980497566320624117e+02 -3.079322622884375349e+01 0.000000000000000000e+00 0.000000000000000000e+00 -2.998859931113528887e-02
-2.886457796166711887e+03 5.307166395497310987e+02 -4.770503122202323709e+01 0.000000000000000000e+00 0.000000000000000000e+00 -3.409071500155391732e-02
-2.512240498672200374e+03 5.412711585156492902e+02 -3.229932646772795124e+01 0.000000000000000000e+00 0.000000000000000000e+00 2.773508507317501426e-03
-2.702976172496725667e+03 7.877549270786611260e+02 -4.184541272256402067e+01 0.000000000000000000e+00 0.000000000000000000e+00 1.677820639400806613e-04
-2.503724861862481703e+03 9.562272189351205043e+02 -3.563917373351362272e+01 0.000000000000000000e+00 0.000000000000000000e+00 2.036026785342670564e-02
-2.875324886743300340e+03 9.587361303662910359e+02 -5.090627373448572257e+01 0.000000000000000000e+00 0.000000000000000000e+00 6.811083070741119627e-02
-2.892391934673969899e+03 1.299264455010897336e+03 -5.614485182174782096e+01 0.000000000000000000e+00 0.000000000000000000e+00 -2.561597178453212109e-02
-2.519601746144424851e+03 1.286630183962531873e+03 -4.065230315934070404e+01 0.000000000000000000e+00 0.000000000000000000e+00 -1.120787481140439468e-02
-2.719811239533581102e+03 1.539604634735164382e+03 -5.284230109737907100e+01 0.000000000000000000e+00 0.000000000000000000e+00 1.958320116880685191e-02
-2.534614099406066543e+03 1.715666598648583431e+03 -4.887192670839476705e+01 0.000000000000000000e+00 0.000000000000000000e+00 7.523006574700730198e-03
-2.888299803639164111e+03 1.674594855716799202e+03 -6.249634957880734021e+01 0.000000000000000000e+00 0.000000000000000000e+00 -6.013271220112414994e-03
-2.510217919744954543e+03 2.032963076304045217e+03 -5.497463978583137134e+01 0.000000000000000000e+00 0.000000000000000000e+00 2.140412302318850379e-02
-2.904725736086124471e+03 2.022162515131223699e+03 -7.070177945321967172e+01 0.000000000000000000e+00 0.000000000000000000e+00 9.205673553822180111e-03
-2.710983567397111074e+03 2.278075602277461712e+03 -6.901950390851109773e+01 0.000000000000000000e+00 0.000000000000000000e+00 4.136846607961786049e-02
-2.536007708249451753e+03 2.464813489964608834e+03 -6.735984648472765457e+01 0.000000000000000000e+00 0.000000000000000000e+00 3.045534745837130686e-03
-2.885145643712884976e+03 2.441343619192494771e+03 -8.071867124547569006e+01 0.000000000000000000e+00 0.000000000000000000e+00 6.385837022548912500e-03
-1.579524475127794176e+03 3.251417549289913040e+03 -6.442111102875561812e+01 0.000000000000000000e+00 0.000000000000000000e+00 -4.467174028349063519e-03
-1.558019295767623817e+03 2.861928192295480130e+03 -4.986227545356172186e+01 0.000000000000000000e+00 0.000000000000000000e+00 -2.517640816620314581e-03
-1.366675960735329681e+03 3.040118338170908828e+03 -5.189576783473607691e+01 0.000000000000000000e+00 0.000000000000000000e+00 -4.294559692829125197e-02
-1.190659729020087298e+03 3.213334054939977705e+03 -5.493418023344650436e+01 0.000000000000000000e+00 0.000000000000000000e+00 -2.553711052033946771e-02
-1.188808784005246707e+03 2.880807371574139779e+03 -4.286441441096624771e+01 0.000000000000000000e+00 0.000000000000000000e+00 -3.873355156396485199e-02
-1.583533326373367572e+03 3.247551685853891286e+03 -6.436793220806553961e+01 0.000000000000000000e+00 0.000000000000000000e+00 -3.621252818862785716e-02
-9.010319071615010671e+02 3.249561871561063526e+03 -5.178231770618719310e+01 0.000000000000000000e+00 0.000000000000000000e+00 -5.757260668995201058e-02
-8.923224640935310390e+02 2.855937010990623548e+03 -3.734250878408587937e+01 0.000000000000000000e+00 0.000000000000000000e+00 -1.577084851034271651e-02
-7.185261210657220090e+02 3.063794824685775893e+03 -4.258430192528599889e+01 0.000000000000000000e+00 0.000000000000000000e+00 -2.083901797755061125e-02
-5.349599751135818906e+02 3.242352712156179223e+03 -4.755821139296609346e+01 0.000000000000000000e+00 0.000000000000000000e+00 -7.428706734465606587e-03
-5.156468240517109507e+02 2.865313804326663558e+03 -3.364008045537732983e+01 0.000000000000000000e+00 0.000000000000000000e+00 -1.905351808487409926e-02
-2.274046904772579296e+02 3.251589145664449916e+03 -4.615171251565703869e+01 0.000000000000000000e+00 0.000000000000000000e+00 4.979994577729485172e-02
1.875111290028686994e+02 3.255198374199025238e+03 -4.616693917698947303e+01 0.000000000000000000e+00 0.000000000000000000e+00 2.716845889509045264e-02
1.709138964865156254e+02 2.828302050289399631e+03 -3.057197696160832123e+01 0.000000000000000000e+00 0.000000000000000000e+00 -1.122127322882917611e-01
-2.248511103398752198e+01 3.073177365334023307e+03 -3.903169374216788867e+01 0.000000000000000000e+00 0.000000000000000000e+00 -1.637602595854730225e-01
-2.113854219090906099e+02 2.822274595342726116e+03 -3.048453486139678148e+01 0.000000000000000000e+00 0.000000000000000000e+00 -1.698027631347827082e-01
4.479112749509072273e+02 3.254362235580760625e+03 -4.737890372693743046e+01 0.000000000000000000e+00 0.000000000000000000e+00 1.705313900607308142e-02
8.649747028444035095e+02 3.254578120684569512e+03 -5.149825017458128684e+01 0.000000000000000000e+00 0.000000000000000000e+00 2.218188447737645674e-02
8.437508306521900749e+02 2.829900831623883278e+03 -3.581516905279774221e+01 0.000000000000000000e+00 0.000000000000000000e+00 -1.002285429624691915e-01
6.500204168826539899e+02 3.078886441894183008e+03 -4.243003518369251026e+01 0.000000000000000000e+00 0.000000000000000000e+00 -1.099131090033154123e-01
4.613209485536847865e+02 2.830622346323961210e+03 -3.204813128788021004e+01 0.000000000000000000e+00 0.000000000000000000e+00 -2.873815808035402597e-01
1.153740256423466917e+03 3.260039417081241481e+03 -5.607347574655869238e+01 0.000000000000000000e+00 0.000000000000000000e+00 1.497642177032076916e-02
1.529540398264252644e+03 3.263901639190064998e+03 -6.374271553821571956e+01 0.000000000000000000e+00 0.000000000000000000e+00 6.268618099949208045e-02
1.518323865786282568e+03 2.845184677961255602e+03 -4.837596953764124663e+01 0.000000000000000000e+00 0.000000000000000000e+00 -1.240838036357203578e-01
1.325635289672657109e+03 3.081741694516890675e+03 -5.257652390957797195e+01 0.000000000000000000e+00 0.000000000000000000e+00 -1.333172546468972541e-01
1.132851143770275939e+03 2.833366430558448883e+03 -4.026280441376398755e+01 0.000000000000000000e+00 0.000000000000000000e+00 -1.194125039580029579e-01
1.815556111296073141e+03 3.263165180436929404e+03 -7.081654794161329391e+01 0.000000000000000000e+00 0.000000000000000000e+00 -8.725863360524499512e-02
2.185311509165883763e+03 3.267872423438630904e+03 -8.191116778290943046e+01 0.000000000000000000e+00 0.000000000000000000e+00 -1.246510395898781098e-01
1.993020281430032355e+03 3.087201823390967547e+03 -6.929507728048066895e+01 0.000000000000000000e+00 0.000000000000000000e+00 -8.357409244089808453e-02
2.182536171134522647e+03 2.835036766446613001e+03 -6.643281584088272496e+01 0.000000000000000000e+00 0.000000000000000000e+00 -9.316475373836397011e-02
1.806442846010512540e+03 2.835898380393721709e+03 -5.525865902639259275e+01 0.000000000000000000e+00 0.000000000000000000e+00 -1.476355959114954430e-01
-2.204272140626964301e+03 2.763599348006202490e+03 -6.479813602405353379e+01 0.000000000000000000e+00 0.000000000000000000e+00 -2.722411229835586255e-02
-1.819099925929879873e+03 2.763019981713016477e+03 -5.318927635009629995e+01 0.000000000000000000e+00 0.000000000000000000e+00 -3.388434977619425581e-02
-2.039720356287235745e+03 3.029885169038897857e+03 -6.864191875861760650e+01 0.000000000000000000e+00 0.000000000000000000e+00 -2.517972604755414068e-02
-1.863981937066017281e+03 2.838648715381504644e+03 -5.693283287748308652e+01 0.000000000000000000e+00 0.000000000000000000e+00 -4.448941754827018258e-02
-1.817424557135660280e+03 3.208028464328478549e+03 -6.878087908045033316e+01 0.000000000000000000e+00 0.000000000000000000e+00 -3.762642284895889588e-02
2.203473038121531772e+03 2.516124786901022162e+03 -5.708587327041759352e+01 0.000000000000000000e+00 0.000000000000000000e+00 5.625976592548909139e-02
2.013433859669166623e+03 2.342049912758734536e+03 -4.604288416594090450e+01 0.000000000000000000e+00 0.000000000000000000e+00 4.976407037756302998e-02
1.828189685170455050e+03 2.506995038939838196e+03 -4.542752004611443795e+01 0.000000000000000000e+00 0.000000000000000000e+00 3.223566325203819360e-02
1.832530369342826361e+03 2.090783501425300074e+03 -3.409902611308248765e+01 0.000000000000000000e+00 0.000000000000000000e+00 1.318972561782913999e-01
2.210076942933463215e+03 2.102056578308400731e+03 -4.597735350265799070e+01 0.000000000000000000e+00 0.000000000000000000e+00 3.142496368960223663e-02
2.216901259245751135e+03 1.739656883551057035e+03 -3.790038775571161977e+01 0.000000000000000000e+00 0.000000000000000000e+00 5.966895290086426940e-02
1.837286869684424346e+03 1.743399874698483245e+03 -2.620105175136469455e+01 0.000000000000000000e+00 0.000000000000000000e+00 5.017716399999727628e-02
1.988504973823173486e+03 1.607691466281789417e+03 -2.789651183083531905e+01 0.000000000000000000e+00 0.000000000000000000e+00 7.227115185927956986e-02
1.840209713244523755e+03 1.346140488969007720e+03 -1.883710454621247621e+01 0.000000000000000000e+00 0.000000000000000000e+00 4.200403772262362168e-02
2.152220043620831348e+03 1.328754852197840137e+03 -2.816636946425983368e+01 0.000000000000000000e+00 0.000000000000000000e+00 3.335499346026793432e-02
2.201657558944223638e+03 1.041644252399878042e+03 -2.572614142828740924e+01 0.000000000000000000e+00 0.000000000000000000e+00 6.309387514387410079e-02
1.846366721609010256e+03 9.984017240868528233e+02 -1.404603529104343096e+01 0.000000000000000000e+00 0.000000000000000000e+00 3.656921579482030893e-02
1.989680008984402093e+03 8.489870570380302297e+02 -1.664396804835227073e+01 0.000000000000000000e+00 0.000000000000000000e+00 4.161162961748487987e-02
2.198363373063702511e+03 6.231282457114222098e+02 -2.143081684929230590e+01 0.000000000000000000e+00 0.000000000000000000e+00 4.499924701112689718e-02
1.843262865437415257e+03 5.910961662050248151e+02 -1.001260971611765171e+01 0.000000000000000000e+00 0.000000000000000000e+00 1.088412735753010452e-01
2.222458428324539909e+03 2.761619186270577302e+02 -2.041991479112968833e+01 0.000000000000000000e+00 0.000000000000000000e+00 4.224630332448597869e-02
1.853603524660352605e+03 2.499319232352565052e+02 -8.587578610627488729e+00 0.000000000000000000e+00 0.000000000000000000e+00 -2.174273359912604064e-03
1.996184985229040649e+03 1.158890291686627592e+02 -1.261546854337946755e+01 0.000000000000000000e+00 0.000000000000000000e+00 3.954722068750626818e-02
1.838573724729359128e+03 -1.399188652038201894e+02 -7.962994671797289925e+00 0.000000000000000000e+00 0.000000000000000000e+00 3.575890820640381662e-02
2.184035401472008743e+03 -1.456268021422888239e+02 -1.887460478065084146e+01 0.000000000000000000e+00 0.000000000000000000e+00 9.695769107827345579e-02
2.203901364598046712e+03 -4.538527257507005288e+02 -2.079609241364200400e+01 0.000000000000000000e+00 0.000000000000000000e+00 3.235021498732137957e-02
1.850068597119496644e+03 -4.826660082929226974e+02 -9.714637863671082840e+00 0.000000000000000000e+00 0.000000000000000000e+00 3.473560501645422960e-02
2.014330675745454073e+03 -6.302862491380150232e+02 -1.577803389542194878e+01 0.000000000000000000e+00 0.000000000000000000e+00 4.819405023631162521e-02
2.187446516158879149e+03 -8.932857451575548566e+02 -2.405821762008732634e+01 0.000000000000000000e+00 0.000000000000000000e+00 2.065610773167492198e-02
1.848072956041755560e+03 -9.029710691176035198e+02 -1.342424916175787786e+01 0.000000000000000000e+00 0.000000000000000000e+00 9.500148950773024126e-02
1.828811124673356517e+03 -1.225790035879977495e+03 -1.727611612563198307e+01 0.000000000000000000e+00 0.000000000000000000e+00 8.680845315280905083e-02
2.187200640521535661e+03 -1.222663475987200172e+03 -2.850039777356031578e+01 0.000000000000000000e+00 0.000000000000000000e+00 7.596619864875009398e-02
2.020565929125232287e+03 -1.382416354526005989e+03 -2.567432235095748183e+01 0.000000000000000000e+00 0.000000000000000000e+00 4.359592484867391704e-03
1.833297665370743744e+03 -1.638580637501962883e+03 -2.494656301148124911e+01 0.000000000000000000e+00 0.000000000000000000e+00 5.970683244067132023e-02
2.204136030988768198e+03 -1.628874514031564786e+03 -3.641366302840731350e+01 0.000000000000000000e+00 0.000000000000000000e+00 5.815048110483189703e-02
1.829607606600569170e+03 -1.968096847780671169e+03 -3.236946130470649052e+01 0.000000000000000000e+00 0.000000000000000000e+00 1.470660370439702547e-02
2.196719548857278824e+03 -1.971474448434585611e+03 -4.390516907914302180e+01 0.000000000000000000e+00 0.000000000000000000e+00 -4.269771150214296540e-02
2.017883547300267992e+03 -2.137983421363753678e+03 -4.237139474297346453e+01 0.000000000000000000e+00 0.000000000000000000e+00 -8.665689107687057913e-03
1.834393071540623168e+03 -2.383115244936978343e+03 -4.384137637847273083e+01 0.000000000000000000e+00 0.000000000000000000e+00 7.474166754519728784e-02
2.214928302939441892e+03 -2.384489681813814968e+03 -5.569342677827069110e+01 0.000000000000000000e+00 0.000000000000000000e+00 -4.873655422474598709e-02
1.544020748190077029e+03 -2.386202399830166542e+03 -3.633862085448420487e+01 0.000000000000000000e+00 0.000000000000000000e+00 -9.134071266284138346e-02
1.161141277159546689e+03 -2.401418173415404908e+03 -2.871763632431285629e+01 0.000000000000000000e+00 0.000000000000000000e+00 1.039008465657573765e-01
1.327199118040583244e+03 -2.165356938783032547e+03 -2.512636526097950096e+01 0.000000000000000000e+00 0.000000000000000000e+00 2.988435599202787785e-02
1.170071699374540913e+03 -1.972821377338008915e+03 -1.696189295901463012e+01 0.000000000000000000e+00 0.000000000000000000e+00 -4.401236943850150851e-02
1.542077261657460440e+03 -1.963480003611370648e+03 -2.467398612719827611e+01 0.000000000000000000e+00 0.000000000000000000e+00 -3.988091234491975001e-02
1.500205952886663908e+03 -1.691402429423293597e+03 -1.733768543379727589e+01 0.000000000000000000e+00 0.000000000000000000e+00 1.700938175643784689e-02
1.189714900410996961e+03 -1.683243779171207734e+03 -1.055212883153750880e+01 0.000000000000000000e+00 0.000000000000000000e+00 6.447230312166851718e-02
1.344289143759144736e+03 -1.441487311441437214e+03 -8.812698542363296639e+00 0.000000000000000000e+00 0.000000000000000000e+00 3.243569935925094683e-02
1.533741058915788471e+03 -1.284599836510055184e+03 -1.038946179805689241e+01 0.000000000000000000e+00 0.000000000000000000e+00 3.718632539623456523e-03
1.152698279284926684e+03 -1.237325648535806977e+03 -1.487060502757660885e+00 0.000000000000000000e+00 0.000000000000000000e+00 7.362902448401698052e-02
1.139345398132861192e+03 -9.458920974405244806e+02 2.862489173384698660e+00 0.000000000000000000e+00 0.000000000000000000e+00 2.845396528664068114e-02
1.554260281121127264e+03 -9.432140679293454468e+02 -5.999800587542743813e+00 0.000000000000000000e+00 0.000000000000000000e+00 6.215161437583560655e-02
1.343672109809661151e+03 -6.951432086145617859e+02 1.475543481006269531e+00 0.000000000000000000e+00 0.000000000000000000e+00 5.105071445044728762e-02
1.554525592611635830e+03 -5.223610738204683912e+02 -2.017576338214620790e+00 0.000000000000000000e+00 0.000000000000000000e+00 5.507719935843979897e-02
1.163867848979704831e+03 -5.283868889693668507e+02 6.392556992695656248e+00 0.000000000000000000e+00 0.000000000000000000e+00 6.752666540808505147e-02
1.536058078824567474e+03 -1.945266557578048037e+02 -2.241085807921194828e-02 0.000000000000000000e+00 0.000000000000000000e+00 3.569802122657250720e-02
1.152374269253044986e+03 -2.011844038227417855e+02 8.160300470829735531e+00 0.000000000000000000e+00 0.000000000000000000e+00 5.114296031268850129e-02
1.350291431476696062e+03 6.021434692521442855e+01 4.481694428511806549e+00 0.000000000000000000e+00 0.000000000000000000e+00 -8.509454428425655692e-03
1.523094786127419866e+03 2.319637250007857006e+02 2.546443702220706484e-01 0.000000000000000000e+00 0.000000000000000000e+00 2.122163732586201945e-02
1.158532298463845791e+03 2.245438120197788976e+02 8.022204814394552130e+00 0.000000000000000000e+00 0.000000000000000000e+00 3.013340733676983518e-03
1.163703577202448969e+03 5.577014266174867316e+02 6.306395240279906389e+00 0.000000000000000000e+00 0.000000000000000000e+00 4.563435880605304362e-02
1.544088095615007433e+03 5.520124618116565216e+02 -1.785619764435296020e+00 0.000000000000000000e+00 0.000000000000000000e+00 1.839586931987469143e-02
1.338603630254842528e+03 7.939769860891567532e+02 8.648398332526241461e-01 0.000000000000000000e+00 0.000000000000000000e+00 5.205929209457593743e-02
1.150084135840189902e+03 9.618262075576844836e+02 2.726276936595620981e+00 0.000000000000000000e+00 0.000000000000000000e+00 7.355599083998853871e-02
1.534424729703038111e+03 9.671937661035409519e+02 -5.438074868944049456e+00 0.000000000000000000e+00 0.000000000000000000e+00 5.828655556765482970e-02
1.520037818720002633e+03 1.289584710971002323e+03 -9.572089568144971139e+00 0.000000000000000000e+00 0.000000000000000000e+00 3.067673935828096887e-02
1.148772623539089182e+03 1.289276467770539966e+03 -1.828877621788745245e+00 0.000000000000000000e+00 0.000000000000000000e+00 6.142997925840987250e-02
1.340089232722822544e+03 1.547489803359153257e+03 -1.006266525988093363e+01 0.000000000000000000e+00 0.000000000000000000e+00 -7.714655623200172840e-03
1.513102154167871959e+03 1.726771803330463399e+03 -1.748187350253641270e+01 0.000000000000000000e+00 0.000000000000000000e+00 1.132128132379861540e-02
1.140972282282002652e+03 1.713579251526874714e+03 -9.552257540560454174e+00 0.000000000000000000e+00 0.000000000000000000e+00 3.975933494215411201e-02
1.133470123908141886e+03 2.037719094772714470e+03 -1.686682548257524061e+01 0.000000000000000000e+00 0.000000000000000000e+00 8.617131669897304391e-03
1.539763023743459371e+03 2.052026968053204655e+03 -2.557810856101680486e+01 0.000000000000000000e+00 0.000000000000000000e+00 2.623848066741629736e-02
1.324025220190711025e+03 2.302657412427258350e+03 -2.744856040486346060e+01 0.000000000000000000e+00 0.000000000000000000e+00 -4.075065420886048173e-02
1.147129114807376936e+03 2.452439553588230865e+03 -2.841022478968733367e+01 0.000000000000000000e+00 0.000000000000000000e+00 8.960124318934958865e-02
1.517627531412407052e+03 2.466817878960594044e+03 -3.635913902427394362e+01 0.000000000000000000e+00 0.000000000000000000e+00 1.384573115305443025e-02
8.741797880001377052e+02 1.772079842786307609e+03 -6.628343616630612445e+00 0.000000000000000000e+00 0.000000000000000000e+00 -1.794231713732230560e-02
4.879754986011287201e+02 1.775169411158038429e+03 -2.598847537933849594e+00 0.000000000000000000e+00 0.000000000000000000e+00 -9.130138847268653990e-05
6.482019441557740720e+02 1.610740713111856849e+03 -5.715812676654898894e-01 0.000000000000000000e+00 0.000000000000000000e+00 1.493675385890114171e-02
4.822451813222322698e+02 1.363025220663524351e+03 5.483570877464249094e+00 0.000000000000000000e+00 0.000000000000000000e+00 -4.857057688528954031e-03
8.538529003722292146e+02 1.351106016384984059e+03 1.786119838854649089e+00 0.000000000000000000e+00 0.000000000000000000e+00 -5.471851389350135264e-02
4.783463979017112138e+02 1.016234234940394231e+03 1.068462024308882619e+01 0.000000000000000000e+00 0.000000000000000000e+00 -4.061586714534115572e-02
8.727313598775161836e+02 1.025362811273161469e+03 6.359003334299321963e+00 0.000000000000000000e+00 0.000000000000000000e+00 -5.874083099984162004e-03
6.953348850097409013e+02 8.622834448456774226e+02 1.048851427974267558e+01 0.000000000000000000e+00 0.000000000000000000e+00 3.382883470491115929e-02
4.934527222921753378e+02 6.223262777126933543e+02 1.464173101592582249e+01 0.000000000000000000e+00 0.000000000000000000e+00 1.374304465239539752e-02
8.692740184125536871e+02 6.089305587824156873e+02 1.067629040477949687e+01 0.000000000000000000e+00 0.000000000000000000e+00 1.584052649606348950e-02
8.572593096171447087e+02 2.769598338517952243e+02 1.269124484740336456e+01 0.000000000000000000e+00 0.000000000000000000e+00 -2.351214914046906301e-02
4.982186579989575534e+02 2.818938654029925601e+02 1.655694621352511220e+01 0.000000000000000000e+00 0.000000000000000000e+00 -2.852985251764295072e-02
6.610258159092672940e+02 1.183663195978539591e+02 1.546279815093850729e+01 0.000000000000000000e+00 0.000000000000000000e+00 -8.449934179363793874e-03
4.799516807171345931e+02 -1.533682773588981831e+02 1.704983050191036398e+01 0.000000000000000000e+00 0.000000000000000000e+00 3.705430177081581178e-03
8.806599775834515640e+02 -1.476100806764358708e+02 1.269454334165396503e+01 0.000000000000000000e+00 0.000000000000000000e+00 -3.132073110272415306e-04
5.060582363459742510e+02 -4.700273181040915915e+02 1.556788172056932495e+01 0.000000000000000000e+00 0.000000000000000000e+00 3.715968304612005113e-02
8.818428814912263078e+02 -4.835463902845121993e+02 1.130042915039532225e+01 0.000000000000000000e+00 0.000000000000000000e+00 3.427417192015802527e-02
6.950101742712248551e+02 -6.366978998928719875e+02 1.255300422493358070e+01 0.000000000000000000e+00 0.000000000000000000e+00 6.733712730003560409e-02
8.772122460654593397e+02 -8.923818690759705987e+02 7.727330665681762412e+00 0.000000000000000000e+00 0.000000000000000000e+00 -4.667559066340842833e-02
5.159336741358272320e+02 -9.070446492544731427e+02 1.159671241889469329e+01 0.000000000000000000e+00 0.000000000000000000e+00 -7.494362897585205019e-02
5.223514090764792854e+02 -1.227037855628048874e+03 7.126984756312022995e+00 0.000000000000000000e+00 0.000000000000000000e+00 1.265149235765505864e-02
8.877385741738572733e+02 -1.211133190529275225e+03 3.246485379707600316e+00 0.000000000000000000e+00 0.000000000000000000e+00 -1.518911994602234472e-02
6.797771097975130488e+02 -1.391790967073696265e+03 2.820790288114608302e+00 0.000000000000000000e+00 0.000000000000000000e+00 3.201734849568538266e-02
5.017935099988413299e+02 -1.630894538030493550e+03 -1.600047551298473536e-01 0.000000000000000000e+00 0.000000000000000000e+00 4.059792493805503000e-02
8.792347143634418671e+02 -1.649203122169850076e+03 -4.712278076210509425e+00 0.000000000000000000e+00 0.000000000000000000e+00 -7.771638445987605337e-03
8.953759865008439647e+02 -1.976043387013916572e+03 -1.254960218917831938e+01 0.000000000000000000e+00 0.000000000000000000e+00 -1.176174441816257854e-02
5.330975943770421281e+02 -2.006804528002057168e+03 -9.221883216238790482e+00 0.000000000000000000e+00 0.000000000000000000e+00 -2.497445494859462656e-02
6.616118679373565783e+02 -2.137711282184337961e+03 -1.392079714098656851e+01 0.000000000000000000e+00 0.000000000000000000e+00 -1.150545094010979597e-02
5.092773769603663254e+02 -2.397214090889274303e+03 -2.002595737208632087e+01 0.000000000000000000e+00 0.000000000000000000e+00 4.917543866081786064e-03
9.066312202716651427e+02 -2.379330240259182119e+03 -2.391731680607474786e+01 0.000000000000000000e+00 0.000000000000000000e+00 4.921528905197547488e-02
-2.217061375288944873e+03 -2.398100082491591820e+03 -5.616678620178801395e+01 0.000000000000000000e+00 0.000000000000000000e+00 1.135580282019077458e-02
-1.810936146208431410e+03 -2.379668752695363310e+03 -4.307916058287015915e+01 0.000000000000000000e+00 0.000000000000000000e+00 3.148102371184791082e-03
-1.997638075415304456e+03 -2.146226702789103911e+03 -4.196463972898567363e+01 0.000000000000000000e+00 0.000000000000000000e+00 1.549453519652388422e-02
-1.830834879748749927e+03 -1.983872783310464911e+03 -3.279796453199323736e+01 0.000000000000000000e+00 0.000000000000000000e+00 3.234822557480043770e-02
-2.185358440119224724e+03 -1.966070438388533375e+03 -4.338844176802811603e+01 0.000000000000000000e+00 0.000000000000000000e+00 1.030433434002020476e-01
-1.851762888624439029e+03 -1.684308354233017553e+03 -2.644453175303949877e+01 0.000000000000000000e+00 0.000000000000000000e+00 -3.012208952414141550e-02
-2.153280093116151875e+03 -1.685557499241499272e+03 -3.587967242109242250e+01 0.000000000000000000e+00 0.000000000000000000e+00 7.691171027610721467e-02
-2.037005083726849307e+03 -1.447612937064853895e+03 -2.736871729010609755e+01 0.000000000000000000e+00 0.000000000000000000e+00 1.702315784619656824e-03
-1.863277637546224469e+03 -1.258565868558968305e+03 -1.879804489278995305e+01 0.000000000000000000e+00 0.000000000000000000e+00 -2.849240715172385308e-02
-2.159256912395705058e+03 -1.245309539756729464e+03 -2.790906416617260533e+01 0.000000000000000000e+00 0.000000000000000000e+00 -2.878622332659830363e-02
-1.833663599532556191e+03 -9.445078430467583530e+02 -1.349982646439378087e+01 0.000000000000000000e+00 0.000000000000000000e+00 -4.698114695364452587e-02
-2.196572880018360593e+03 -9.565146982562082485e+02 -2.512013019064397312e+01 0.000000000000000000e+00 0.000000000000000000e+00 5.152919220936880151e-02
-2.015248034608453281e+03 -7.066798352553605582e+02 -1.646808554375025224e+01 0.000000000000000000e+00 0.000000000000000000e+00 2.151925890268202579e-02
-1.859386943782746130e+03 -5.032298717990273644e+02 -1.011942893868526383e+01 0.000000000000000000e+00 0.000000000000000000e+00 -2.994430722518259813e-02
-2.167726551846371422e+03 -5.170257751765286685e+02 -1.996102304596800536e+01 0.000000000000000000e+00 0.000000000000000000e+00 1.223953311163938906e-02
-1.853348482230559284e+03 -2.089461701421458031e+02 -8.558701230709257146e+00 0.000000000000000000e+00 0.000000000000000000e+00 -2.787464649017934448e-02
-2.186840380966621979e+03 -2.192506695195976931e+02 -1.915846228991014044e+01 0.000000000000000000e+00 0.000000000000000000e+00 -2.603602729636378399e-02
-2.047950404289063044e+03 4.375160968944663153e+01 -1.420054152189757701e+01 0.000000000000000000e+00 0.000000000000000000e+00 4.003777630392590936e-02
-1.855236461667373760e+03 2.364036666080492353e+02 -8.596679826976885153e+00 0.000000000000000000e+00 0.000000000000000000e+00 1.934312354606859685e-02
-2.170423467492630607e+03 2.383078553290318382e+02 -1.852883178059401104e+01 0.000000000000000000e+00 0.000000000000000000e+00 7.434693788353285981e-02
-1.854637783663552455e+03 5.584301134095917405e+02 -1.011404250110213354e+01 0.000000000000000000e+00 0.000000000000000000e+00 -5.010806607432982673e-02
-2.196646354175302804e+03 5.192055900125213839e+02 -2.066528667061940183e+01 0.000000000000000000e+00 0.000000000000000000e+00 7.162413739321493722e-02
-2.030054660391730749e+03 7.942866982978332544e+02 -1.736158324697444044e+01 0.000000000000000000e+00 0.000000000000000000e+00 4.451921046912588054e-02
-1.834775334718274735e+03 9.552294455892414362e+02 -1.319938623193513649e+01 0.000000000000000000e+00 0.000000000000000000e+00 1.534115281728531954e-03
-2.200764791991298807e+03 9.588355142204110280e+02 -2.469914871156005631e+01 0.000000000000000000e+00 0.000000000000000000e+00 -4.206765286812697013e-02
-2.226200714684898685e+03 1.292634108241028343e+03 -3.008661047103776554e+01 0.000000000000000000e+00 0.000000000000000000e+00 2.939907298993915674e-02
-1.871554276968784961e+03 1.327148017202462825e+03 -1.942859529419677145e+01 0.000000000000000000e+00 0.000000000000000000e+00 -1.746287341248731195e-02
-2.012000791837543147e+03 1.539946504058309984e+03 -2.733124125874631005e+01 0.000000000000000000e+00 0.000000000000000000e+00 4.204222538957225197e-02
-1.858665388082596792e+03 1.724942766681839885e+03 -2.642084796701482219e+01 0.000000000000000000e+00 0.000000000000000000e+00 2.366064337741136114e-02
-2.200722597991860312e+03 1.715978340011251930e+03 -3.686555407069133139e+01 0.000000000000000000e+00 0.000000000000000000e+00 2.638866447135512772e-02
-2.193397718617462488e+03 2.041510929347923593e+03 -4.392753813145963449e+01 0.000000000000000000e+00 0.000000000000000000e+00 1.591813575039680018e-03
-1.871674791053741728e+03 2.060567700340963256e+03 -3.445116728894412006e+01 0.000000000000000000e+00 0.000000000000000000e+00 1.243615816895271564e-02
-1.994241834574540235e+03 2.271909640763397420e+03 -4.353297870283431337e+01 0.000000000000000000e+00 0.000000000000000000e+00 -1.176618281633068364e-03
-1.855212957063368322e+03 2.450404723204687798e+03 -4.450840178906518219e+01 0.000000000000000000e+00 0.000000000000000000e+00 -4.385840633936766153e-03
-2.219584073127459760e+03 2.448239700499474566e+03 -5.563124982981001665e+01 0.000000000000000000e+00 0.000000000000000000e+00 -6.614318842579791635e-03
-1.567215875142877167e+03 2.476448509251897121e+03 -3.780671976287505487e+01 0.000000000000000000e+00 0.000000000000000000e+00 3.688531306635667306e-02
-1.212813509107156506e+03 2.504423547336475622e+03 -3.114769552067404490e+01 0.000000000000000000e+00 0.000000000000000000e+00 3.704107594669991954e-02
-1.372977951771936205e+03 2.357975948130660981e+03 -3.001455609845623940e+01 0.000000000000000000e+00 0.000000000000000000e+00 7.964105920862607491e-03
-1.185234243142240985e+03 2.088884535938778299e+03 -1.907918265010434666e+01 0.000000000000000000e+00 0.000000000000000000e+00 2.702127378448082595e-02
-1.571076346875060608e+03 2.087448778320423116e+03 -2.721218567997018312e+01 0.000000000000000000e+00 0.000000000000000000e+00 -1.088815518728125653e-02
-1.549664232679294400e+03 1.773233589458798633e+03 -1.933759634762426316e+01 0.000000000000000000e+00 0.000000000000000000e+00 2.263709019877069295e-02
-1.191053200309432896e+03 1.780424082222943753e+03 -1.189238338789618155e+01 0.000000000000000000e+00 0.000000000000000000e+00 2.986226790415003052e-02
-1.354747541615512546e+03 1.617753365603709426e+03 -1.173471436602588724e+01 0.000000000000000000e+00 0.000000000000000000e+00 -6.643228865986117171e-03
-1.547670393243320859e+03 1.366157037518141806e+03 -1.148009812331136104e+01 0.000000000000000000e+00 0.000000000000000000e+00 1.396470000500826814e-02
-1.193314341859196020e+03 1.358967654576718360e+03 -3.787341426371128250e+00 0.000000000000000000e+00 0.000000000000000000e+00 1.414110725836081883e-02
-1.540076351076308811e+03 1.016929400382914991e+03 -6.181975742226612169e+00 0.000000000000000000e+00 0.000000000000000000e+00 -3.428991644299372865e-02
-1.183907625116913550e+03 1.023484532961391665e+03 1.343612503169968164e+00 0.000000000000000000e+00 0.000000000000000000e+00 -1.872570468377787734e-02
-1.377286539530369510e+03 8.477822123761210378e+02 -5.093390524881336034e-01 0.000000000000000000e+00 0.000000000000000000e+00 -4.723541373114059638e-02
-1.186941913658658905e+03 5.933053844524235956e+02 5.618613639706529383e+00 0.000000000000000000e+00 0.000000000000000000e+00 -1.518959926107577019e-02
-1.542637646276117721e+03 6.101068362707800361e+02 -2.165630695790767390e+00 0.000000000000000000e+00 0.000000000000000000e+00 2.471519803284394357e-02
-1.189004044508672678e+03 2.732620144173166636e+02 7.304534860919751793e+00 0.000000000000000000e+00 0.000000000000000000e+00 2.543051375347715748e-03
-1.555861149882043492e+03 2.757759877991965141e+02 -6.760229531330281816e-01 0.000000000000000000e+00 0.000000000000000000e+00 2.889223509908589449e-02
-1.364804733446869250e+03 1.091647686546825611e+02 4.122293525865156738e+00 0.000000000000000000e+00 0.000000000000000000e+00 1.544170271549560880e-02
-1.181135664716087831e+03 -1.535420126330795654e+02 7.737439564505262268e+00 0.000000000000000000e+00 0.000000000000000000e+00 7.997486275847620618e-03
-1.548881954258293263e+03 -1.533564154426447317e+02 -2.388400662599963198e-01 0.000000000000000000e+00 0.000000000000000000e+00 5.742582188972278345e-03
-1.168438466480647094e+03 -4.807684172701485750e+02 6.619234660561108541e+00 0.000000000000000000e+00 0.000000000000000000e+00 2.089831337190872773e-02
-1.556263620396366150e+03 -4.842342511917023558e+02 -1.810671930926339712e+00 0.000000000000000000e+00 0.000000000000000000e+00 4.337958907969863276e-02
-1.358014904081854638e+03 -6.403535768236239392e+02 1.640743723061024895e+00 0.000000000000000000e+00 0.000000000000000000e+00 1.735368472180098820e-02
-1.545265778576969296e+03 -8.956761066312193407e+02 -5.215001354129093158e+00 0.000000000000000000e+00 0.000000000000000000e+00 4.005497771769483961e-02
-1.184260232039281163e+03 -8.980078910843443509e+02 2.599460533329331469e+00 0.000000000000000000e+00 0.000000000000000000e+00 1.317412236866388753e-02
-1.541829095777349039e+03 -1.219797742182925958e+03 -9.544196356625171518e+00 0.000000000000000000e+00 0.000000000000000000e+00 1.093359796664827854e-02
-1.176651782905222262e+03 -1.223614984288670257e+03 -1.714523746922608893e+00 0.000000000000000000e+00 0.000000000000000000e+00 -9.122462204736336844e-03
-1.373529324800394534e+03 -1.392132260332598662e+03 -8.545186152527751489e+00 0.000000000000000000e+00 0.000000000000000000e+00 -2.378453064286034646e-02
-1.546732277954735082e+03 -1.650651413948785830e+03 -1.758607682885546453e+01 0.000000000000000000e+00 0.000000000000000000e+00 1.545287829781472055e-03
-1.173670769459138455e+03 -1.645015495006872015e+03 -9.434643601942315883e+00 0.000000000000000000e+00 0.000000000000000000e+00 -1.712935602447274164e-02
-1.535487765036798919e+03 -1.971867020514888509e+03 -2.472445649577916171e+01 0.000000000000000000e+00 0.000000000000000000e+00 8.515564286259547089e-03
-1.163335134512883997e+03 -1.976335653718172807e+03 -1.692628602760607848e+01 0.000000000000000000e+00 0.000000000000000000e+00 1.871513204027408506e-02
-1.339930718126289548e+03 -2.143168747586792961e+03 -2.478614606016679645e+01 0.000000000000000000e+00 0.000000000000000000e+00 -3.524905392942301319e-02
-1.151861085527815021e+03 -2.380200682231187784e+03 -2.790738718174756272e+01 0.000000000000000000e+00 0.000000000000000000e+00 -2.471350607261868504e-02
-1.535533899373285067e+03 -2.389422944313930202e+03 -3.623214932304912850e+01 0.000000000000000000e+00 0.000000000000000000e+00 6.570129353488596280e-02
-8.733564786125513137e+02 -2.458054064268711500e+03 -2.586885457037899982e+01 0.000000000000000000e+00 0.000000000000000000e+00 -1.053308375969947974e-01
-5.099596844146406056e+02 -2.420280485948147088e+03 -2.073942134909074397e+01 0.000000000000000000e+00 0.000000000000000000e+00 -7.005978281182834166e-02
-4.615946127946444335e+02 -2.033096629409605839e+03 -9.337695519440725178e+00 0.000000000000000000e+00 0.000000000000000000e+00 1.068233899102821738e-02
-6.376817788161719136e+02 -2.184371173499278029e+03 -1.496475868235376083e+01 0.000000000000000000e+00 0.000000000000000000e+00 -2.328083221190979657e-02
-8.283392886340963059e+02 -2.023801213706940871e+03 -1.285631429901741640e+01 0.000000000000000000e+00 0.000000000000000000e+00 2.746607863105765546e-03
-5.148835359280594730e+02 -1.662897007034257967e+03 -9.465013588592903204e-01 0.000000000000000000e+00 0.000000000000000000e+00 -6.972902540993075604e-02
-6.266468905183223796e+02 -1.428487608811131395e+03 2.708652234063759323e+00 0.000000000000000000e+00 0.000000000000000000e+00 -4.368930008278582022e-02
-8.622989029672304468e+02 -1.635580240048170936e+03 -4.188949427883031262e+00 0.000000000000000000e+00 0.000000000000000000e+00 -4.687939329092216667e-02
-8.259591670390029776e+02 -1.296737629740801822e+03 2.707904748567337094e+00 0.000000000000000000e+00 0.000000000000000000e+00 9.322962974415816007e-03
-5.254326106110553383e+02 -1.229868318695390371e+03 7.056094780197399885e+00 0.000000000000000000e+00 0.000000000000000000e+00 -3.387350637189534552e-02
-5.349692072257422524e+02 -9.353804983335624001e+02 1.109829076099024547e+01 0.000000000000000000e+00 0.000000000000000000e+00 -5.122285829312289707e-02
-8.171554355013624900e+02 -9.506741115225698877e+02 7.848590223120842424e+00 0.000000000000000000e+00 0.000000000000000000e+00 -7.750957598599406140e-02
-7.214718675832438066e+02 -6.845134981347007397e+02 1.184365914119187302e+01 0.000000000000000000e+00 0.000000000000000000e+00 -3.408838641588651797e-02
-5.386079635947864972e+02 -4.910667453993085019e+02 1.516406239419544200e+01 0.000000000000000000e+00 0.000000000000000000e+00 -9.896242486107631464e-02
-8.254461885410397599e+02 -5.317161345195652302e+02 1.175542074412765814e+01 0.000000000000000000e+00 0.000000000000000000e+00 -3.793078587829867843e-02
-8.369497250396949539e+02 -2.028794602319038631e+02 1.316831705769651606e+01 0.000000000000000000e+00 0.000000000000000000e+00 -7.691420094313627942e-02
-5.249404593942433621e+02 -2.064954205974486570e+02 1.656344646900110362e+01 0.000000000000000000e+00 0.000000000000000000e+00 -7.982659159821281492e-02
-7.138840499846080547e+02 5.908225633907115792e+01 1.494710588812075791e+01 0.000000000000000000e+00 0.000000000000000000e+00 -5.494170598389480631e-02
-8.094563115240790694e+02 2.422683470899886800e+02 1.343948939725057024e+01 0.000000000000000000e+00 0.000000000000000000e+00 -2.009859442764572179e-02
-5.414520187267580695e+02 2.711341690616902724e+02 1.623564208043744017e+01 0.000000000000000000e+00 0.000000000000000000e+00 -1.778451231686517531e-03
-8.160394556146288778e+02 5.453004803245889889e+02 1.185106860736645729e+01 0.000000000000000000e+00 0.000000000000000000e+00 7.764749420389449597e-02
-5.390156614639680583e+02 5.669510502949832471e+02 1.468446280674769611e+01 0.000000000000000000e+00 0.000000000000000000e+00 1.242853402137455987e-02
-6.903380992578142923e+02 7.901475535248395090e+02 1.129374298719898562e+01 0.000000000000000000e+00 0.000000000000000000e+00 1.103709134028605376e-01
-5.152008713414821841e+02 1.012636543300671747e+03 1.044091760113781220e+01 0.000000000000000000e+00 0.000000000000000000e+00 5.415970229064015484e-02
-8.325740419502329814e+02 1.009321683771914763e+03 7.103583600573626811e+00 0.000000000000000000e+00 0.000000000000000000e+00 3.856622109305263280e-03
-8.931297813286106475e+02 1.287567728690653894e+03 2.290978574109686861e+00 0.000000000000000000e+00 0.000000000000000000e+00 9.998166506065331305e-03
-5.431411130264509666e+02 1.335087720728791510e+03 5.463420107641994150e+00 0.000000000000000000e+00 0.000000000000000000e+00 -9.635681667290896257e-03
-7.277909215974892732e+02 1.546276923608490961e+03 -1.654563715704071569e-01 0.000000000000000000e+00 0.000000000000000000e+00 -5.460200658049529920e-03
-5.610763940027502485e+02 1.736904793351030094e+03 -2.365415761034135755e+00 0.000000000000000000e+00 0.000000000000000000e+00 1.348482536548090138e-02
-8.411193850915957455e+02 1.728484269572974654e+03 -5.245776598428125936e+00 0.000000000000000000e+00 0.000000000000000000e+00 3.720395744681681549e-02
-5.440580254662073685e+02 2.060210889713052893e+03 -9.786778499673943088e+00 0.000000000000000000e+00 0.000000000000000000e+00 5.210100354300806202e-02
-8.494091694699350228e+02 2.050769637816033537e+03 -1.284235167896360963e+01 0.000000000000000000e+00 0.000000000000000000e+00 4.817372230429839419e-02
-7.368946374638753696e+02 2.317132213966060135e+03 -1.857126177666721034e+01 0.000000000000000000e+00 0.000000000000000000e+00 3.028203406785578977e-02
-5.548990149898515938e+02 2.486356550961602807e+03 -2.170892762624777461e+01 0.000000000000000000e+00 0.000000000000000000e+00 4.699599766168560677e-02
-8.295905829965860221e+02 2.484907740589746936e+03 -2.457950599890024534e+01 0.000000000000000000e+00 0.000000000000000000e+00 4.679576501141724520e-02
9.526502616415204727e+01 2.484423950109082853e+03 -1.935688762416456754e+01 0.000000000000000000e+00 0.000000000000000000e+00 5.114958009962933261e-02
-1.848092790818491267e+02 2.470410656126423874e+03 -1.912703435505736849e+01 0.000000000000000000e+00 0.000000000000000000e+00 2.942460197927232457e-02
-5.462751338881644614e+01 2.339365755956929661e+03 -1.504426953548694001e+01 0.000000000000000000e+00 0.000000000000000000e+00 2.383915391877877710e-02
-1.756565250390462438e+02 2.106762750100861467e+03 -8.923900822169350988e+00 0.000000000000000000e+00 0.000000000000000000e+00 4.219069504083705624e-02
1.261895807776026146e+02 2.113977152324720919e+03 -8.995298582050676117e+00 0.000000000000000000e+00 0.000000000000000000e+00 3.030764751583703287e-02
-2.433206459147193641e+02 1.760099473359461399e+03 -8.729636719039177706e-01 0.000000000000000000e+00 0.000000000000000000e+00 1.285581638793331649e-02
1.416267481652054698e+02 1.778300383771689667e+03 -9.664488657312553244e-01 0.000000000000000000e+00 0.000000000000000000e+00 1.969159997495850689e-02
1.594278799583701378e+01 1.621315582719476652e+03 2.501727398743401665e+00 0.000000000000000000e+00 0.000000000000000000e+00 1.328488719400766627e-02
1.440225232336700287e+02 1.369835219574441680e+03 7.033311673333358272e+00 0.000000000000000000e+00 0.000000000000000000e+00 5.815128150588577682e-02
-1.931292676950161535e+02 1.371786299698532957e+03 6.869570754456484352e+00 0.000000000000000000e+00 0.000000000000000000e+00 -8.869966564279962995e-04
-2.123046001966436620e+02 1.024981975060472450e+03 1.202614874741376383e+01 0.000000000000000000e+00 0.000000000000000000e+00 4.153877086622870252e-02
1.308048265326846149e+02 1.053072322644500446e+03 1.187968669250254905e+01 0.000000000000000000e+00 0.000000000000000000e+00 1.701563124193938847e-02
-8.996300787100100393e+00 8.639333918467921194e+02 1.430329254719389098e+01 0.000000000000000000e+00 0.000000000000000000e+00 -2.302748742843618857e-02
1.285731494700356734e+02 6.126362530914846047e+02 1.652460533819161626e+01 0.000000000000000000e+00 0.000000000000000000e+00 -4.416522125382016384e-02
-1.860324696550626413e+02 6.190035150512711652e+02 1.633078390234473432e+01 0.000000000000000000e+00 0.000000000000000000e+00 -7.205708336446292606e-03
1.469658019508459006e+02 2.949106938843813168e+02 1.832065935617871943e+01 0.000000000000000000e+00 0.000000000000000000e+00 -1.945244058829231903e-02
-1.598119941723692818e+02 2.284308302061639608e+02 1.851142089802467439e+01 0.000000000000000000e+00 0.000000000000000000e+00 -3.543022310748256132e-02
-1.091445259685881020e+01 1.248509862849704319e+02 1.894912460430779433e+01 0.000000000000000000e+00 0.000000000000000000e+00 -2.066878053133436310e-02
1.703249962943651212e+02 -1.234421610464840739e+02 1.871915984213029205e+01 0.000000000000000000e+00 0.000000000000000000e+00 -2.822256879784035277e-02
-1.927282003562065142e+02 -1.459469208595226632e+02 1.861483385444481087e+01 0.000000000000000000e+00 0.000000000000000000e+00 6.474380543387781017e-02
1.574676181784869868e+02 -4.696815306610411653e+02 1.742961021142726352e+01 0.000000000000000000e+00 0.000000000000000000e+00 -4.741122078333503964e-02
-1.489786887037159318e+02 -5.174279781478652467e+02 1.714640758209405647e+01 0.000000000000000000e+00 0.000000000000000000e+00 7.334912141047311707e-03
-3.170994964039894271e+01 -6.383769973598897423e+02 1.641434129161387290e+01 0.000000000000000000e+00 0.000000000000000000e+00 -6.137611095238781900e-02
1.296962579695547788e+02 -8.685977446746453552e+02 1.404449187289896805e+01 0.000000000000000000e+00 0.000000000000000000e+00 -1.067440456974555474e-01
-1.816486671350846223e+02 -8.772934857535407218e+02 1.381607680350224854e+01 0.000000000000000000e+00 0.000000000000000000e+00 -8.916996742481231308e-02
-2.152228583258485628e+02 -1.219186247793827988e+03 9.071818181197771835e+00 0.000000000000000000e+00 0.000000000000000000e+00 -8.806599261798275791e-02
1.800451096537200897e+02 -1.206135140203007495e+03 9.388447274813925603e+00 0.000000000000000000e+00 0.000000000000000000e+00 2.947355500369397419e-03
-1.799203243139701414e+01 -1.386867717149039891e+03 6.614875539032228247e+00 0.000000000000000000e+00 0.000000000000000000e+00 -8.763936486437096107e-02
1.384424599780396079e+02 -1.616184362718889815e+03 2.012375842712405216e+00 0.000000000000000000e+00 0.000000000000000000e+00 -3.207453419843631082e-03
-1.872982848283071462e+02 -1.710015028213322012e+03 -1.301554087706442431e-01 0.000000000000000000e+00 0.000000000000000000e+00 -9.372367906201972687e-02
1.616122757476610445e+02 -1.945087768100562471e+03 -5.596234065754988052e+00 0.000000000000000000e+00 0.000000000000000000e+00 -2.214821700278335470e-02
-1.838114116651767631e+02 -1.969886989750360726e+03 -6.282203438560848952e+00 0.000000000000000000e+00 0.000000000000000000e+00 -7.497317599391806198e-02
-1.636169245469740474e+01 -2.137736755199462095e+03 -1.044544862094799242e+01 0.000000000000000000e+00 0.000000000000000000e+00 -8.210286662093579935e-02
-1.810225146014028610e+02 -2.393693659214919990e+03 -1.812717883396840435e+01 0.000000000000000000e+00 0.000000000000000000e+00 -1.113350396279848553e-01
1.793282440144610064e+02 -2.458444031036582146e+03 -2.012609157293834627e+01 0.000000000000000000e+00 0.000000000000000000e+00 -9.077207808583764859e-02
