0.001792 39.256881
0.004464 46.892678
0.003266 54.528476
0.005503 62.164273
nan 69.800070
0.008354 77.435868
0.005302 85.071665
0.004493 92.707462
0.003798 100.343260
0.002313 107.979057
nan 115.614854
0.006069 123.250651
0.001520 130.886449
0.005783 138.522246
0.006069 146.158043
nan 153.793841
nan 161.429638
nan 169.065435
nan 176.701233
nan 184.337030
nan 191.972827
nan 199.608625
nan 207.244422
nan 214.880219
0.005069 222.516016
nan 230.151814
0.002946 237.787611
0.009861 245.423408
nan 253.059206
nan 260.695003
0.005752 268.330800
0.006091 275.966598
0.005214 283.602395
0.004195 291.238192
0.003339 298.873990
0.007029 306.509787
0.005186 314.145584
0.003917 321.781382
0.000830 329.417179
0.001395 337.052976
0.006715 344.688773
0.002626 352.324571
0.006878 359.960368
0.007640 367.596165
0.006473 375.231963
0.005748 382.867760
0.003009 390.503557
0.003484 398.139355
0.002319 405.775152
0.003671 413.410949
0.003863 421.046747
0.006110 428.682544
0.006138 436.318341
0.001342 443.954138
0.005927 451.589936
0.006605 459.225733
0.002254 466.861530
0.003077 474.497328
0.001303 482.133125
0.003107 489.768922
0.002425 497.404720
0.001163 505.040517
0.001609 512.676314
0.004352 520.312112
0.003042 527.947909
0.005665 535.583706
0.006925 543.219504
0.001138 550.855301
0.005039 558.491098
nan 566.126895
0.001853 573.762693
0.001714 581.398490
0.005921 589.034287
0.001851 596.670085
nan 604.305882
0.009745 611.941679
0.002038 619.577477
nan 627.213274
0.005432 634.849071
nan 642.484869
nan 650.120666
0.002977 657.756463
0.010503 665.392260
0.003528 673.028058
nan 680.663855
0.002008 688.299652
0.002358 695.935450
nan 703.571247
0.006694 711.207044
0.001865 718.842842
nan 726.478639
0.002748 734.114436
0.000356 741.750234
nan 749.386031
0.002201 757.021828
nan 764.657626
nan 772.293423
nan 779.929220
nan 787.565017
0.001957 795.200815
