0.005637 20.577557
0.005242 29.764602
0.006002 38.951648
0.005636 48.138694
0.007757 57.325740
0.007486 66.512786
0.005744 75.699831
0.005056 84.886877
0.003835 94.073923
0.006217 103.260969
0.008691 112.448015
0.007645 121.635061
0.008622 130.822106
0.007342 140.009152
0.007911 149.196198
0.009768 158.383244
0.009053 167.570290
0.008157 176.757335
0.009478 185.944381
0.008426 195.131427
0.008806 204.318473
0.008211 213.505519
0.009959 222.692565
0.008850 231.879610
0.010052 241.066656
0.009397 250.253702
0.011214 259.440748
0.010051 268.627794
0.009470 277.814839
0.009867 287.001885
0.011414 296.188931
0.011847 305.375977
0.008692 314.563023
0.008868 323.750069
0.007868 332.937114
0.010780 342.124160
0.012202 351.311206
0.011240 360.498252
0.008020 369.685298
0.009650 378.872343
0.009022 388.059389
0.007741 397.246435
0.008455 406.433481
0.007229 415.620527
0.009899 424.807572
0.007671 433.994618
0.006691 443.181664
0.009244 452.368710
0.008668 461.555756
0.006977 470.742802
0.010294 479.929847
0.006757 489.116893
0.007765 498.303939
0.007737 507.490985
0.008497 516.678031
0.008097 525.865076
0.009661 535.052122
0.007292 544.239168
0.009234 553.426214
0.008080 562.613260
0.006386 571.800306
0.010223 580.987351
0.012858 590.174397
0.008196 599.361443
0.007868 608.548489
0.008446 617.735535
0.011766 626.922580
0.009908 636.109626
0.008287 645.296672
0.011503 654.483718
0.009691 663.670764
0.009654 672.857810
0.009224 682.044855
0.007727 691.231901
0.007047 700.418947
0.009119 709.605993
0.015029 718.793039
0.004855 727.980084
0.006494 737.167130
0.008625 746.354176
0.011795 755.541222
0.001412 764.728268
0.007994 773.915314
0.015869 783.102359
0.007553 792.289405
0.006424 801.476451
0.008322 810.663497
0.005379 819.850543
0.019746 829.037588
nan 838.224634
0.002006 847.411680
nan 856.598726
0.005020 865.785772
nan 874.972817
nan 884.159863
0.006616 893.346909
nan 902.533955
0.001336 911.721001
nan 920.908047
0.001617 930.095092
