0.002133 22.976497
0.005421 31.363959
0.002019 39.751421
0.004926 48.138883
0.008388 56.526345
0.005354 64.913807
0.006523 73.301269
0.007507 81.688731
0.009138 90.076193
0.011916 98.463654
0.003464 106.851116
0.009645 115.238578
0.007514 123.626040
0.007319 132.013502
0.004555 140.400964
0.004325 148.788426
0.008114 157.175888
0.006766 165.563350
0.004774 173.950812
0.006753 182.338274
0.005387 190.725735
0.008824 199.113197
0.008190 207.500659
0.007301 215.888121
0.008608 224.275583
0.004638 232.663045
0.003888 241.050507
nan 249.437969
0.005386 257.825431
0.007824 266.212893
0.005891 274.600355
0.004337 282.987817
0.005245 291.375278
0.008013 299.762740
0.006247 308.150202
0.006359 316.537664
0.003547 324.925126
0.007363 333.312588
0.008903 341.700050
0.006039 350.087512
0.007516 358.474974
0.018296 366.862436
0.002979 375.249898
0.005113 383.637359
0.004637 392.024821
0.005848 400.412283
0.006895 408.799745
0.005235 417.187207
0.008669 425.574669
0.002434 433.962131
0.005227 442.349593
0.006547 450.737055
0.005286 459.124517
0.003312 467.511979
0.006536 475.899440
0.004658 484.286902
0.007836 492.674364
0.005340 501.061826
0.000175 509.449288
0.004093 517.836750
0.005883 526.224212
0.005863 534.611674
0.008502 542.999136
0.005520 551.386598
0.005415 559.774060
0.006442 568.161521
0.006922 576.548983
0.005238 584.936445
0.003828 593.323907
0.007920 601.711369
0.005672 610.098831
0.005258 618.486293
0.005248 626.873755
0.006328 635.261217
0.012616 643.648679
0.003535 652.036141
0.009713 660.423603
0.000028 668.811064
0.009365 677.198526
0.006566 685.585988
0.008262 693.973450
0.008003 702.360912
0.007169 710.748374
0.004625 719.135836
0.003721 727.523298
0.003821 735.910760
0.012150 744.298222
0.006309 752.685684
0.009476 761.073145
0.001119 769.460607
0.011347 777.848069
0.001837 786.235531
0.007063 794.622993
0.005864 803.010455
nan 811.397917
nan 819.785379
0.005527 828.172841
nan 836.560303
nan 844.947765
0.005189 853.335226
