# x y z x_res y_res z_res
2.850009719627016693e+03 2.493270272755468795e+03 -1.188018389553107426e+02 0.000000000000000000e+00 0.000000000000000000e+00 3.152220889974444162e-02
2.473187993373701374e+03 2.490001633178182601e+03 -1.038352698696263445e+02 0.000000000000000000e+00 0.000000000000000000e+00 -5.300485361674134310e-02
2.628464711849555442e+03 2.347066614009600016e+03 -1.056916632360680239e+02 0.000000000000000000e+00 0.000000000000000000e+00 1.443321275128539583e-01
2.483062816657731673e+03 2.068581292788323026e+03 -9.290699138748286146e+01 0.000000000000000000e+00 0.000000000000000000e+00 -3.955414619127850528e-03
2.855463670881929374e+03 2.073118965267813564e+03 -1.078933479989749173e+02 0.000000000000000000e+00 0.000000000000000000e+00 -4.014805994978587478e-02
2.858428992218089206e+03 1.734852307297028119e+03 -1.005002146620077070e+02 0.000000000000000000e+00 0.000000000000000000e+00 9.196406105516530261e-03
2.478453373388187629e+03 1.734063694195919652e+03 -8.520775401361950685e+01 0.000000000000000000e+00 0.000000000000000000e+00 7.375441819363004470e-03
2.666447912827104574e+03 1.565820863902736392e+03 -8.924107419483655690e+01 0.000000000000000000e+00 0.000000000000000000e+00 3.699235836052139348e-05
2.481192804339365466e+03 1.316826299715891764e+03 -7.774644541217779192e+01 0.000000000000000000e+00 0.000000000000000000e+00 1.461439010327580945e-02
2.860239004650150491e+03 1.319562148250279279e+03 -9.315047480433129579e+01 0.000000000000000000e+00 0.000000000000000000e+00 6.644296604477517576e-03
2.853607628511675102e+03 9.868699173639049604e+02 -8.837253687829218052e+01 0.000000000000000000e+00 0.000000000000000000e+00 -9.428707594281604543e-03
2.492017194507687236e+03 9.866098690829694533e+02 -7.363352771665519469e+01 0.000000000000000000e+00 0.000000000000000000e+00 -8.047595284953956707e-02
2.636944432470049378e+03 8.421468116282140954e+02 -7.776219871023572239e+01 0.000000000000000000e+00 0.000000000000000000e+00 2.376417115968365579e-03
2.493467889198566354e+03 5.646721663744793887e+02 -6.981919460614263073e+01 0.000000000000000000e+00 0.000000000000000000e+00 -2.572932601925970175e-02
2.869223766868164148e+03 5.695114182244511767e+02 -8.528367574095764780e+01 0.000000000000000000e+00 0.000000000000000000e+00 -1.098764986045352998e-02
2.859999678709161344e+03 2.400341403781017107e+02 -8.339026249689430870e+01 0.000000000000000000e+00 0.000000000000000000e+00 5.177303212263950627e-03
2.486937121574407229e+03 2.305659630163067959e+02 -6.804344568651177383e+01 0.000000000000000000e+00 0.000000000000000000e+00 1.201679937713606705e-02
2.643242581612376853e+03 8.775970233783840513e+01 -7.399778328806490890e+01 0.000000000000000000e+00 0.000000000000000000e+00 2.951968436661900341e-02
2.499771437293953113e+03 -1.768430196307201072e+02 -6.854002424608411559e+01 0.000000000000000000e+00 0.000000000000000000e+00 1.874988337077354572e-02
2.868308804727117149e+03 -1.803842814645574322e+02 -8.376997187673042333e+01 0.000000000000000000e+00 0.000000000000000000e+00 4.724684869032103052e-03
2.870228700086533536e+03 -4.562320261852623275e+02 -8.503802259670182195e+01 0.000000000000000000e+00 0.000000000000000000e+00 -6.727089103733874254e-03
2.502251104684185975e+03 -5.088046053377146904e+02 -7.015740926382866860e+01 0.000000000000000000e+00 0.000000000000000000e+00 -3.773996673049850870e-02
2.654410565635912917e+03 -6.553560397433351454e+02 -7.732281834473263871e+01 0.000000000000000000e+00 0.000000000000000000e+00 1.263025625641489569e-02
2.523152431236876510e+03 -9.180547203521647361e+02 -7.472461936081141687e+01 0.000000000000000000e+00 0.000000000000000000e+00 2.580219353646384661e-03
2.855843604307833630e+03 -9.183461887627770466e+02 -8.847398223123056482e+01 0.000000000000000000e+00 0.000000000000000000e+00 3.918483703600372792e-02
2.852835612428105833e+03 -1.257232776385152874e+03 -9.297223470698604331e+01 0.000000000000000000e+00 0.000000000000000000e+00 -1.101479952784245597e-02
2.516251466353414799e+03 -1.261926481837726442e+03 -7.920648790886841084e+01 0.000000000000000000e+00 0.000000000000000000e+00 2.048193151634336573e-02
2.653246808243178293e+03 -1.393853137734491611e+03 -8.684836357364032722e+01 0.000000000000000000e+00 0.000000000000000000e+00 -1.688609477496072486e-02
2.509136572331638945e+03 -1.680167622239752973e+03 -8.664952194472812153e+01 0.000000000000000000e+00 0.000000000000000000e+00 -2.873725700936802241e-03
2.889154659832234756e+03 -1.671272945560148401e+03 -1.020663945213148622e+02 0.000000000000000000e+00 0.000000000000000000e+00 1.727120322095743177e-02
2.873826165937827682e+03 -1.948265681215606719e+03 -1.075435903739528669e+02 0.000000000000000000e+00 0.000000000000000000e+00 -8.654465596339377953e-02
2.507732102250535718e+03 -1.953319941474228244e+03 -9.276402571088756588e+01 0.000000000000000000e+00 0.000000000000000000e+00 -1.460191364761698196e-01
2.660385513346192965e+03 -2.153477477887956411e+03 -1.037999003510618792e+02 0.000000000000000000e+00 0.000000000000000000e+00 5.690409060734680224e-02
2.517650226549767467e+03 -2.373321856713896523e+03 -1.043083008285171331e+02 0.000000000000000000e+00 0.000000000000000000e+00 -2.380019563184987419e-02
2.850121700175355727e+03 -2.391667877637132278e+03 -1.181741265066725077e+02 0.000000000000000000e+00 0.000000000000000000e+00 4.252338749267892126e-03
2.248872114951437652e+03 -3.173489469953414755e+03 -1.214725571946322731e+02 0.000000000000000000e+00 0.000000000000000000e+00 -6.647810989407787474e-02
1.861774926271897584e+03 -3.185350655705909503e+03 -1.101137811273349598e+02 0.000000000000000000e+00 0.000000000000000000e+00 -1.248911197617417201e-01
2.035125947802277096e+03 -2.929132489534499655e+03 -1.057050535486737886e+02 0.000000000000000000e+00 0.000000000000000000e+00 -8.165447653394153349e-02
1.853777827640159103e+03 -2.767302507310600959e+03 -9.473963453441433558e+01 0.000000000000000000e+00 0.000000000000000000e+00 9.193642415482372598e-03
2.226507344098175054e+03 -2.763428596918687163e+03 -1.061098476872139145e+02 0.000000000000000000e+00 0.000000000000000000e+00 2.986435941394915972e-02
2.220598520992039539e+03 -2.426701296428471323e+03 -9.522626286481023783e+01 0.000000000000000000e+00 0.000000000000000000e+00 -4.545561839815093208e-02
1.848783173467865481e+03 -2.436158669876826934e+03 -8.393483047142791520e+01 0.000000000000000000e+00 0.000000000000000000e+00 8.077155084151854680e-05
2.025463213088509519e+03 -2.188893942916760807e+03 -8.207606610092891231e+01 0.000000000000000000e+00 0.000000000000000000e+00 -1.709619690396806391e-01
1.834632614066125825e+03 -2.019727670030247509e+03 -7.190460048798223625e+01 0.000000000000000000e+00 0.000000000000000000e+00 -5.102045764203921863e-03
2.211298013672783327e+03 -2.008575639505699883e+03 -8.341362873922717824e+01 0.000000000000000000e+00 0.000000000000000000e+00 -5.928706156142027339e-02
2.215577755051748227e+03 -1.694134139436278701e+03 -7.626323682185645225e+01 0.000000000000000000e+00 0.000000000000000000e+00 -9.818110226441945088e-02
1.836884903425711627e+03 -1.684788192957596493e+03 -6.411901113186685564e+01 0.000000000000000000e+00 0.000000000000000000e+00 -7.237527231977480824e-02
2.020073506667413312e+03 -1.436609134202872838e+03 -6.472385278399093522e+01 0.000000000000000000e+00 0.000000000000000000e+00 3.752135412506163448e-02
1.830405319358698989e+03 -1.273000499672391243e+03 -5.617152917174985305e+01 0.000000000000000000e+00 0.000000000000000000e+00 1.072737208730245584e-03
2.212678861647099893e+03 -1.261985008101487665e+03 -6.808776731262508974e+01 0.000000000000000000e+00 0.000000000000000000e+00 8.391057754948860747e-03
2.203893150357286231e+03 -9.325612735139866345e+02 -6.317531408861398745e+01 0.000000000000000000e+00 0.000000000000000000e+00 1.224507194776691676e-02
1.829508644653925558e+03 -9.331618545751292686e+02 -5.133805668611410766e+01 0.000000000000000000e+00 0.000000000000000000e+00 -3.768973699735767013e-02
2.008828840637397661e+03 -6.807633673785445581e+02 -5.412748971793517683e+01 0.000000000000000000e+00 0.000000000000000000e+00 -3.728028951046269412e-02
1.824701917838732697e+03 -5.225134952018950116e+02 -4.733651916828787876e+01 0.000000000000000000e+00 0.000000000000000000e+00 -2.768155931924809465e-02
2.201811000655904081e+03 -5.080882356834049460e+02 -5.915953627781919977e+01 0.000000000000000000e+00 0.000000000000000000e+00 -6.712849424616251781e-03
2.197950683942608521e+03 -1.879171015726822702e+02 -5.754482697784287382e+01 0.000000000000000000e+00 0.000000000000000000e+00 -6.283485231492136336e-02
1.821873263503387534e+03 -1.886134180586525417e+02 -4.568814759309994145e+01 0.000000000000000000e+00 0.000000000000000000e+00 -5.586291170728685529e-02
1.997653159893736301e+03 6.141633807646820742e+01 -5.070904226365975376e+01 0.000000000000000000e+00 0.000000000000000000e+00 -7.648786139703389608e-02
1.812021584488011740e+03 2.258999912097729066e+02 -4.541935650145141778e+01 0.000000000000000000e+00 0.000000000000000000e+00 -3.877697991472217609e-02
2.188142090530161113e+03 2.339023153424121801e+02 -5.721324453429291168e+01 0.000000000000000000e+00 0.000000000000000000e+00 -2.765484755737190881e-02
2.191054580877431363e+03 5.650896428035654253e+02 -5.886465246740218049e+01 0.000000000000000000e+00 0.000000000000000000e+00 1.343172214935606235e-02
1.813673379926577354e+03 5.634332039330058706e+02 -4.706743585828051835e+01 0.000000000000000000e+00 0.000000000000000000e+00 -2.687283204598855946e-02
1.999615545223616209e+03 8.159090629572982607e+02 -5.471334910175339417e+01 0.000000000000000000e+00 0.000000000000000000e+00 9.416576330664838679e-03
1.812959176961719777e+03 9.837983072283680031e+02 -5.101311396725787972e+01 0.000000000000000000e+00 0.000000000000000000e+00 -9.102894755983470532e-03
2.189179033033808992e+03 9.918570764421448303e+02 -6.278755015575839593e+01 0.000000000000000000e+00 0.000000000000000000e+00 -3.841775805820901724e-02
2.182687055915370365e+03 1.314672069257404928e+03 -6.705112483594358253e+01 0.000000000000000000e+00 0.000000000000000000e+00 3.332645765324571130e-02
1.810370599741582055e+03 1.317898404085735592e+03 -5.563054204757062848e+01 0.000000000000000000e+00 0.000000000000000000e+00 -3.496894665327232588e-02
1.986536679714304228e+03 1.564944722300824878e+03 -6.511117958307741560e+01 0.000000000000000000e+00 0.000000000000000000e+00 -4.732753035005998754e-02
1.802016957768918019e+03 1.734332076784923174e+03 -6.311782015699694881e+01 0.000000000000000000e+00 0.000000000000000000e+00 3.438660743864119240e-02
2.180339287030762534e+03 1.745029239104592762e+03 -7.487902347994705110e+01 0.000000000000000000e+00 0.000000000000000000e+00 2.903672144640268016e-03
2.170324285928323661e+03 2.068262268514953121e+03 -8.191129668133362429e+01 0.000000000000000000e+00 0.000000000000000000e+00 -3.569722019432219895e-02
1.800707621298349977e+03 2.061123317201781902e+03 -7.056929311955039452e+01 0.000000000000000000e+00 0.000000000000000000e+00 2.278813621526865063e-02
1.978311239044180411e+03 2.312842221933251949e+03 -8.226471434716478370e+01 0.000000000000000000e+00 0.000000000000000000e+00 1.105900438224693971e-02
1.800838657080236317e+03 2.476925509844046246e+03 -8.187620568717467506e+01 0.000000000000000000e+00 0.000000000000000000e+00 -4.445993053323604727e-03
2.170529850953550067e+03 2.485748000622627387e+03 -9.319846567239909518e+01 0.000000000000000000e+00 0.000000000000000000e+00 6.524356863337743562e-04
2.169949959476567983e+03 2.810262676978133186e+03 -1.032948907676015438e+02 0.000000000000000000e+00 0.000000000000000000e+00 -7.122416443280599196e-03
1.795558146432451167e+03 2.815470832487969801e+03 -9.237315557443291425e+01 0.000000000000000000e+00 0.000000000000000000e+00 -2.325337978130903593e-02
1.979358252643154401e+03 3.063775187584664764e+03 -1.061387065738940407e+02 0.000000000000000000e+00 0.000000000000000000e+00 -6.786737508178930511e-03
1.799474927792206472e+03 3.236910923728582020e+03 -1.074777161629627784e+02 0.000000000000000000e+00 0.000000000000000000e+00 -1.189800618833203316e-02
2.166875290061585019e+03 3.238232535867457045e+03 -1.182911462440831514e+02 0.000000000000000000e+00 0.000000000000000000e+00 -5.576739578103229178e-03
1.506104553196583311e+03 3.231091866926028160e+03 -1.000510195375902782e+02 0.000000000000000000e+00 0.000000000000000000e+00 3.754050469352421260e-02
1.116767397811922365e+03 3.225418786531183741e+03 -9.220945763697790198e+01 0.000000000000000000e+00 0.000000000000000000e+00 -1.779918772490418633e-02
1.281193912879734171e+03 3.075878242929343742e+03 -8.958507000595558623e+01 0.000000000000000000e+00 0.000000000000000000e+00 -3.907155640639814465e-02
1.133058382993326859e+03 2.804477251720039021e+03 -7.738496011650651951e+01 0.000000000000000000e+00 0.000000000000000000e+00 1.609336097600078119e-02
1.491960964487904903e+03 2.803948141972654867e+03 -8.448482295954951837e+01 0.000000000000000000e+00 0.000000000000000000e+00 -2.104879851924579270e-02
1.510625148339393718e+03 2.479017740152801252e+03 -7.465312204224697723e+01 0.000000000000000000e+00 0.000000000000000000e+00 -1.280559575107531600e-03
1.133683120801234509e+03 2.475007616793819579e+03 -6.694164353297703940e+01 0.000000000000000000e+00 0.000000000000000000e+00 2.971098230507607241e-02
1.308187585229631395e+03 2.307616991190359386e+03 -6.536210230296512691e+01 0.000000000000000000e+00 0.000000000000000000e+00 -3.980274431003749669e-02
1.140541010561609482e+03 2.044040050962380519e+03 -5.524377399652968279e+01 0.000000000000000000e+00 0.000000000000000000e+00 -2.713091702891290424e-02
1.516299415501157000e+03 2.054053543775777143e+03 -6.317272760784420882e+01 0.000000000000000000e+00 0.000000000000000000e+00 1.410573782458612868e-02
1.514674908548525309e+03 1.727738207565142602e+03 -5.563425968720626713e+01 0.000000000000000000e+00 0.000000000000000000e+00 3.996256268403897138e-02
1.141791890427737371e+03 1.721426284667174741e+03 -4.782877408570659128e+01 0.000000000000000000e+00 0.000000000000000000e+00 -4.195320295281135259e-03
1.322775228072974642e+03 1.559405947246715868e+03 -4.802792855898433544e+01 0.000000000000000000e+00 0.000000000000000000e+00 9.293559648270388607e-03
1.144685106244761528e+03 1.306754555862428106e+03 -4.013381915774765218e+01 0.000000000000000000e+00 0.000000000000000000e+00 4.933625896562432445e-02
1.516645160826005622e+03 1.301217500643673020e+03 -4.777309308882905725e+01 0.000000000000000000e+00 0.000000000000000000e+00 4.031876965792235978e-02
1.519616445709849131e+03 9.835476462816112644e+02 -4.337719188251294611e+01 0.000000000000000000e+00 0.000000000000000000e+00 2.351534334107441282e-02
1.148825300308222268e+03 9.720495021995346860e+02 -3.547178079344260482e+01 0.000000000000000000e+00 0.000000000000000000e+00 2.503634486242845014e-02
1.332434950688885237e+03 8.051645301510175159e+02 -3.721386778597576495e+01 0.000000000000000000e+00 0.000000000000000000e+00 6.902036723388960127e-03
1.150926903188527604e+03 5.517136551134487945e+02 -3.151622132738493320e+01 0.000000000000000000e+00 0.000000000000000000e+00 4.165117417033670222e-02
1.538241155853650753e+03 5.589115156105176538e+02 -3.978781459726643277e+01 0.000000000000000000e+00 0.000000000000000000e+00 3.931426982489227839e-02
1.539771819384161518e+03 2.274152459419806860e+02 -3.823355620032896240e+01 0.000000000000000000e+00 0.000000000000000000e+00 6.058691967915308396e-03
1.165705038536322263e+03 2.195075759425534443e+02 -3.019483380654607885e+01 0.000000000000000000e+00 0.000000000000000000e+00 5.288751063929808538e-02
1.339697524278501533e+03 6.067933392550584415e+01 -3.339024282375339681e+01 0.000000000000000000e+00 0.000000000000000000e+00 7.257675329093871142e-02
1.159574750571941422e+03 -1.961273653964307755e+02 -3.005748676617580628e+01 0.000000000000000000e+00 0.000000000000000000e+00 7.188227224051857434e-02
1.533360665867899115e+03 -2.046384086087711580e+02 -3.808101636183610594e+01 0.000000000000000000e+00 0.000000000000000000e+00 1.204608791735495288e-01
1.544644466960785849e+03 -4.586420354042260783e+02 -3.946452810525597954e+01 0.000000000000000000e+00 0.000000000000000000e+00 2.999455807420758902e-02
1.171623432321268638e+03 -4.621524219004311931e+02 -3.142442513700960305e+01 0.000000000000000000e+00 0.000000000000000000e+00 9.631030123476591598e-02
1.392502298460869724e+03 -6.448133358387683529e+02 -3.724868383426223772e+01 0.000000000000000000e+00 0.000000000000000000e+00 4.004743001809174530e-02
1.544218581389952305e+03 -9.502834084321034425e+02 -4.393567757352089842e+01 0.000000000000000000e+00 0.000000000000000000e+00 -2.352429830760627283e-02
1.163230876570418332e+03 -1.286772489182822255e+03 -4.058288740662295879e+01 0.000000000000000000e+00 0.000000000000000000e+00 4.833162316312211715e-02
1.542343973768772685e+03 -1.277262226053090444e+03 -4.857414330561741167e+01 0.000000000000000000e+00 0.000000000000000000e+00 9.738496752800784861e-02
1.357784818750865043e+03 -1.442312852193456820e+03 -4.721350390251029694e+01 0.000000000000000000e+00 0.000000000000000000e+00 4.033901981235032963e-02
1.168662221141110422e+03 -1.695599669999103526e+03 -4.852188799162281896e+01 0.000000000000000000e+00 0.000000000000000000e+00 7.541205382184301698e-02
1.546368095395289174e+03 -1.696615564447655515e+03 -5.665431805648127295e+01 0.000000000000000000e+00 0.000000000000000000e+00 1.171869084711971709e-01
1.552162178003257623e+03 -2.014382862615133718e+03 -6.429785083340419760e+01 0.000000000000000000e+00 0.000000000000000000e+00 1.502064972541461430e-02
1.172718305222994104e+03 -2.025983262722090785e+03 -5.646308232225707968e+01 0.000000000000000000e+00 0.000000000000000000e+00 -7.810854442858072844e-02
1.352802866589329597e+03 -2.192636660553633192e+03 -6.451300917832182336e+01 0.000000000000000000e+00 0.000000000000000000e+00 1.473897416683200845e-01
1.174668106320716333e+03 -2.440889369901443388e+03 -6.826705753254600495e+01 0.000000000000000000e+00 0.000000000000000000e+00 9.233588137246329097e-02
1.554754040478622073e+03 -2.441840008827003203e+03 -7.637588732500630329e+01 0.000000000000000000e+00 0.000000000000000000e+00 6.487177452994785654e-02
1.556257985224161530e+03 -2.767209983025417387e+03 -8.698208840104214801e+01 0.000000000000000000e+00 0.000000000000000000e+00 7.000002437115426801e-02
1.164619484186574482e+03 -2.768307395053870550e+03 -7.880480636802141703e+01 0.000000000000000000e+00 0.000000000000000000e+00 1.913411111503648954e-01
1.367832864511505250e+03 -2.942494023410621139e+03 -8.895428619800964043e+01 0.000000000000000000e+00 0.000000000000000000e+00 3.348543302948314704e-02
1.181238426206446093e+03 -3.186546619997571725e+03 -9.453872947059196008e+01 0.000000000000000000e+00 0.000000000000000000e+00 5.318345715238592675e-02
1.560363599243826457e+03 -3.190938015055060077e+03 -1.025855989537799928e+02 0.000000000000000000e+00 0.000000000000000000e+00 9.429386594533184507e-02
8.463175339345357315e+02 3.224418870500138837e+03 -8.819176976788384081e+01 0.000000000000000000e+00 0.000000000000000000e+00 2.467568718572010766e-03
4.691962203289000399e+02 3.219087811412527572e+03 -8.425980547781388452e+01 0.000000000000000000e+00 0.000000000000000000e+00 7.349644262276910922e-03
6.156741532561879922e+02 3.071252924325907770e+03 -7.991443495822532839e+01 0.000000000000000000e+00 0.000000000000000000e+00 -6.727950683156791456e-03
4.923457455338880209e+02 2.820722182352358232e+03 -7.003039807610183232e+01 0.000000000000000000e+00 0.000000000000000000e+00 1.156338509672139025e-02
8.165321812856556107e+02 2.791340810341760971e+03 -7.226409105799649524e+01 0.000000000000000000e+00 0.000000000000000000e+00 -3.232048113639507392e-02
8.339720868162222587e+02 2.482051920395421803e+03 -6.264412748465414893e+01 0.000000000000000000e+00 0.000000000000000000e+00 -1.688970525346178420e-02
4.622105559756665798e+02 2.469118122348244469e+03 -5.856183840939990404e+01 0.000000000000000000e+00 0.000000000000000000e+00 9.306879523620636974e-04
6.405608798678700850e+02 2.306449737886943240e+03 -5.534466973525574929e+01 0.000000000000000000e+00 0.000000000000000000e+00 1.654035721053048746e-03
4.773977313259552488e+02 2.051289022983098221e+03 -4.713037664485339917e+01 0.000000000000000000e+00 0.000000000000000000e+00 1.516628232431571632e-02
8.443820320170776768e+02 2.032695402296171551e+03 -5.042051239900285964e+01 0.000000000000000000e+00 0.000000000000000000e+00 -1.609587534008483090e-02
8.435482081554179103e+02 1.726398155267361972e+03 -4.333012959355934868e+01 0.000000000000000000e+00 0.000000000000000000e+00 3.339216771497888203e-02
4.645106716814719903e+02 1.704283870089128868e+03 -3.899468433348934582e+01 0.000000000000000000e+00 0.000000000000000000e+00 2.596299034242832704e-02
6.586544709866552694e+02 1.553670384503747755e+03 -3.765542093336130591e+01 0.000000000000000000e+00 0.000000000000000000e+00 5.999500783655520308e-02
4.693647886879532507e+02 1.307251136761499083e+03 -3.158764894449575422e+01 0.000000000000000000e+00 0.000000000000000000e+00 -1.835359801274805136e-02
8.423160245657995802e+02 1.309847960420808249e+03 -3.547489790852545610e+01 0.000000000000000000e+00 0.000000000000000000e+00 1.470885348143724514e-02
4.864634525907167131e+02 9.636723112194905525e+02 -2.682136939601554815e+01 0.000000000000000000e+00 0.000000000000000000e+00 4.972234048491230851e-02
8.528566120235468588e+02 9.761216056555272189e+02 -3.085183545543499406e+01 0.000000000000000000e+00 0.000000000000000000e+00 -3.267808974625197038e-02
7.019487991515675276e+02 8.341725901849324600e+02 -2.738348777667477663e+01 0.000000000000000000e+00 0.000000000000000000e+00 4.145811848720271087e-02
5.204763358021623390e+02 5.888905987758780611e+02 -2.341921971498354083e+01 0.000000000000000000e+00 0.000000000000000000e+00 3.398114116331285572e-02
8.436937340431701386e+02 5.519426616802445551e+02 -2.665841556064261653e+01 0.000000000000000000e+00 0.000000000000000000e+00 3.802919577699626075e-02
8.692522376236443051e+02 2.210039512149811003e+02 -2.539818839458282085e+01 0.000000000000000000e+00 0.000000000000000000e+00 8.946065513365653032e-02
4.854299807136474101e+02 2.152281893460174160e+02 -2.123165490249435550e+01 0.000000000000000000e+00 0.000000000000000000e+00 4.446133889218728541e-02
6.733478359862667730e+02 4.707963472601973365e+01 -2.269487980715423703e+01 0.000000000000000000e+00 0.000000000000000000e+00 7.676274686099304745e-02
5.078574145803507918e+02 -2.029921171860918889e+02 -2.138537551696873606e+01 0.000000000000000000e+00 0.000000000000000000e+00 2.141938590382252983e-02
8.494694134839273829e+02 -1.935491616996072821e+02 -2.507557347395484726e+01 0.000000000000000000e+00 0.000000000000000000e+00 7.127995132495001940e-02
9.083590570508946485e+02 -5.018853671115662110e+02 -2.729557409081649411e+01 0.000000000000000000e+00 0.000000000000000000e+00 1.001998934792602824e-01
5.051339714853812666e+02 -5.309148549034541702e+02 -2.291778248184526490e+01 0.000000000000000000e+00 0.000000000000000000e+00 7.482666527623393904e-02
6.504916959504070064e+02 -6.782460064488128637e+02 -2.541837468038050574e+01 0.000000000000000000e+00 0.000000000000000000e+00 2.890511350975444316e-02
5.182485009821746189e+02 -9.430811516841990851e+02 -2.695265841919460570e+01 0.000000000000000000e+00 0.000000000000000000e+00 -3.988859768483266066e-02
8.672985875553704318e+02 -9.479858844068619419e+02 -3.089388240547071263e+01 0.000000000000000000e+00 0.000000000000000000e+00 -6.369428723571957107e-02
8.835327532752578463e+02 -1.190646151179600338e+03 -3.447404789175586615e+01 0.000000000000000000e+00 0.000000000000000000e+00 -7.201160415241503188e-02
5.288286910630868078e+02 -1.252124349229379504e+03 -3.142820524198524623e+01 0.000000000000000000e+00 0.000000000000000000e+00 -2.950312193162218932e-02
6.835864514916003145e+02 -1.443454200643903505e+03 -3.626432838950432114e+01 0.000000000000000000e+00 0.000000000000000000e+00 1.712181545411795014e-02
4.988266020983832618e+02 -1.700913688106490099e+03 -3.973833919471748288e+01 0.000000000000000000e+00 0.000000000000000000e+00 4.417982628197592021e-04
8.734661565030319252e+02 -1.711318937836033228e+03 -4.407148109116162260e+01 0.000000000000000000e+00 0.000000000000000000e+00 3.075463694102609225e-03
9.117579921616890033e+02 -1.971279508324601920e+03 -5.075998270867091833e+01 0.000000000000000000e+00 0.000000000000000000e+00 5.259119216967178545e-02
5.406923209485827329e+02 -2.008777849512752255e+03 -4.743413744152871914e+01 0.000000000000000000e+00 0.000000000000000000e+00 -1.664594393366840563e-01
6.657698071788378229e+02 -2.168914174010046736e+03 -5.292028496504551072e+01 0.000000000000000000e+00 0.000000000000000000e+00 -5.783744805398782773e-03
5.239114132193212754e+02 -2.434952778475609648e+03 -5.940187519091733037e+01 0.000000000000000000e+00 0.000000000000000000e+00 -6.004115449087521483e-02
8.860608902046313915e+02 -2.769516581139526352e+03 -7.441338706056728824e+01 0.000000000000000000e+00 0.000000000000000000e+00 1.966379916524374494e-02
5.126352483545272207e+02 -2.774244828526857418e+03 -7.050695796987335484e+01 0.000000000000000000e+00 0.000000000000000000e+00 -7.504972966728473693e-03
6.718079321062876943e+02 -2.948907025493897891e+03 -7.825011240457017436e+01 0.000000000000000000e+00 0.000000000000000000e+00 -4.086956817967291045e-02
5.226961537243112161e+02 -3.195868481721548505e+03 -8.632294271141645936e+01 0.000000000000000000e+00 0.000000000000000000e+00 1.756274113949984894e-02
8.507969908908914931e+02 -3.184126490647456194e+03 -8.931665642475380196e+01 0.000000000000000000e+00 0.000000000000000000e+00 6.243420134450161640e-02
2.183265581439941059e+02 -3.218522259126637891e+03 -8.548971304363071511e+01 0.000000000000000000e+00 0.000000000000000000e+00 2.379209005634663754e-02
-1.543437684544276465e+02 -3.200986599897494216e+03 -8.460767661947144802e+01 0.000000000000000000e+00 0.000000000000000000e+00 1.159644263992731794e-02
1.441784682541089957e+01 -2.945730316851541829e+03 -7.462956127583848343e+01 0.000000000000000000e+00 0.000000000000000000e+00 6.361984539267950822e-03
-1.609689288903589670e+02 -2.790892164613633213e+03 -6.923972802061244636e+01 0.000000000000000000e+00 0.000000000000000000e+00 6.248980855879437968e-02
1.908509033361770548e+02 -2.791054391385776853e+03 -6.932766548597760448e+01 0.000000000000000000e+00 0.000000000000000000e+00 -2.755979201253921929e-03
2.326918647059063971e+02 -2.442270091533146115e+03 -5.788982988641149774e+01 0.000000000000000000e+00 0.000000000000000000e+00 -5.138782889671489329e-02
-1.257433978410094966e+02 -2.445439793022598224e+03 -5.768570978765686164e+01 0.000000000000000000e+00 0.000000000000000000e+00 -2.330418067838024854e-02
5.705623524770707888e+01 -2.185300889842224933e+03 -4.988445436271844358e+01 0.000000000000000000e+00 0.000000000000000000e+00 -3.640957473673722689e-02
-1.539300809371744094e+02 -2.040032840266904032e+03 -4.610714474579305033e+01 0.000000000000000000e+00 0.000000000000000000e+00 -3.496300169167909644e-03
1.950930942508203145e+02 -2.028264300092396752e+03 -4.591395939665068227e+01 0.000000000000000000e+00 0.000000000000000000e+00 -6.574741210610568487e-02
1.937979270234790761e+02 -1.698822491772842568e+03 -3.800142792572081873e+01 0.000000000000000000e+00 0.000000000000000000e+00 4.661381841874856491e-02
-1.571446111648212707e+02 -1.705443529704781213e+03 -3.804384394407209413e+01 0.000000000000000000e+00 0.000000000000000000e+00 -3.825426331808046143e-02
2.581023300010684451e+01 -1.459882608606218355e+03 -3.283031954308436440e+01 0.000000000000000000e+00 0.000000000000000000e+00 -2.630399985530118556e-02
2.145034029362462320e+02 -1.277762048478689394e+03 -2.997053427793751013e+01 0.000000000000000000e+00 0.000000000000000000e+00 1.936387749310597428e-03
-1.618167444660653587e+02 -1.291182782746217981e+03 -3.003413914162500120e+01 0.000000000000000000e+00 0.000000000000000000e+00 -3.349189846463929143e-03
-1.462631826405672655e+02 -9.389237750833091241e+02 -2.491375156608557973e+01 0.000000000000000000e+00 0.000000000000000000e+00 -5.192020662004992460e-02
1.975673974657890426e+02 -9.478956718363733671e+02 -2.516523008673033956e+01 0.000000000000000000e+00 0.000000000000000000e+00 1.239467814059125317e-02
2.553011353508474812e+01 -6.988248327703122413e+02 -2.220463295499662593e+01 0.000000000000000000e+00 0.000000000000000000e+00 -3.005660732466708396e-02
-1.779871190076486585e+02 -5.394729382263360549e+02 -2.118003911011540552e+01 0.000000000000000000e+00 0.000000000000000000e+00 -3.037713486816429054e-02
1.755321946073358106e+02 -5.305575855366773794e+02 -2.111148361913661375e+01 0.000000000000000000e+00 0.000000000000000000e+00 5.218829078398101728e-02
1.890310587665513253e+02 -2.047021507193180128e+02 -1.960638333686452839e+01 0.000000000000000000e+00 0.000000000000000000e+00 -9.642906726064381928e-03
-1.598950212457389455e+02 -1.858611022290276082e+02 -1.947736425235110858e+01 0.000000000000000000e+00 0.000000000000000000e+00 -1.651636134589651306e-02
3.243773065542500689e+01 6.888295529821228058e+01 -1.908886232760156432e+01 0.000000000000000000e+00 0.000000000000000000e+00 1.602984328825840521e-02
-1.458884720723008286e+02 2.144700124919652922e+02 -1.951491947318585574e+01 0.000000000000000000e+00 0.000000000000000000e+00 -2.162940257472811822e-02
1.732291041471236213e+02 2.121563921642016908e+02 -1.957844073263657592e+01 0.000000000000000000e+00 0.000000000000000000e+00 -1.851818178960584760e-02
1.871345358891719286e+02 5.426903957285945808e+02 -2.120876422394450955e+01 0.000000000000000000e+00 0.000000000000000000e+00 9.793846345928614028e-03
-1.903223174068072865e+02 5.442831441290069279e+02 -2.122936609046022483e+01 0.000000000000000000e+00 0.000000000000000000e+00 -1.224377405387855333e-02
-1.925137803923314905e+00 7.863178245048160306e+02 -2.298485225117037345e+01 0.000000000000000000e+00 0.000000000000000000e+00 7.297646472208896284e-02
-1.855015242685453245e+02 9.651481214446870354e+02 -2.523777725757263113e+01 0.000000000000000000e+00 0.000000000000000000e+00 2.060766486826892674e-02
1.709934386033532121e+02 9.621811749248744263e+02 -2.516071691500511776e+01 0.000000000000000000e+00 0.000000000000000000e+00 3.414136876534712428e-02
1.789508534172170187e+02 1.304721128028626481e+03 -3.006391609486954053e+01 0.000000000000000000e+00 0.000000000000000000e+00 2.898494209091495577e-03
-1.910344538117606703e+02 1.295436476001020992e+03 -2.994790069479648764e+01 0.000000000000000000e+00 0.000000000000000000e+00 3.517633081145277174e-03
-2.076985912236270160e+00 1.555124027773166063e+03 -3.428552372768658785e+01 0.000000000000000000e+00 0.000000000000000000e+00 -1.860789111543681429e-02
-1.927947664662792704e+02 1.715431032950265262e+03 -3.783589279435167896e+01 0.000000000000000000e+00 0.000000000000000000e+00 2.695056115204153002e-02
1.694652300701316392e+02 1.726727645218981706e+03 -3.801108314792561771e+01 0.000000000000000000e+00 0.000000000000000000e+00 -4.792653761178655714e-03
1.619635533532319585e+02 2.041641598535762114e+03 -4.532350629236283623e+01 0.000000000000000000e+00 0.000000000000000000e+00 2.597251696567326462e-02
-1.947511894480399235e+02 2.048743304385793635e+03 -4.559301160837514999e+01 0.000000000000000000e+00 0.000000000000000000e+00 4.779002650145969255e-03
-7.960164579263053319e+00 2.286140626107297521e+03 -5.161294758796637439e+01 0.000000000000000000e+00 0.000000000000000000e+00 4.991075433697744757e-02
-1.979493644566010175e+02 2.466083767899538998e+03 -5.713117224911675152e+01 0.000000000000000000e+00 0.000000000000000000e+00 5.271240267958887671e-04
1.612674903224133800e+02 2.471294225299205664e+03 -5.718650045452677944e+01 0.000000000000000000e+00 0.000000000000000000e+00 4.591759924236527013e-02
1.638313485138585861e+02 2.779560522914141075e+03 -6.700011087120374498e+01 0.000000000000000000e+00 0.000000000000000000e+00 3.918700153228371619e-02
-1.977697410933886033e+02 2.800037350915763000e+03 -6.778271298734716765e+01 0.000000000000000000e+00 0.000000000000000000e+00 6.422690368140138162e-03
-1.472551432431045093e+01 3.040995333920744088e+03 -7.594480434157503623e+01 0.000000000000000000e+00 0.000000000000000000e+00 -9.939129084813203008e-03
-1.959721722586994872e+02 3.207853685588171174e+03 -8.246177560794831152e+01 0.000000000000000000e+00 0.000000000000000000e+00 1.909472535609779698e-02
1.717945531759335154e+02 3.211028536370337406e+03 -8.251622812591726586e+01 0.000000000000000000e+00 0.000000000000000000e+00 -8.923678010575031294e-04
-8.202478786860139053e+02 -3.142697814689543065e+03 -8.730443925463553967e+01 0.000000000000000000e+00 0.000000000000000000e+00 -1.095313516276945620e-01
-4.379271903248405238e+02 -3.139630698183583718e+03 -8.348469827371059182e+01 0.000000000000000000e+00 0.000000000000000000e+00 8.455006105145912443e-02
-6.433913316620158866e+02 -2.949883230017388541e+03 -7.799642053177822731e+01 0.000000000000000000e+00 0.000000000000000000e+00 -7.746058704901770398e-02
-8.180461124743118262e+02 -2.798616750757370937e+03 -7.452917672768160173e+01 0.000000000000000000e+00 0.000000000000000000e+00 -2.292958143078749345e-02
-4.427226668870335402e+02 -2.786426758249976501e+03 -7.041220237451707931e+01 0.000000000000000000e+00 0.000000000000000000e+00 -3.735725796889255435e-02
-8.324910634783210526e+02 -2.456270256490251086e+03 -6.335995333969464838e+01 0.000000000000000000e+00 0.000000000000000000e+00 -7.985417996731314361e-02
-4.441278997301470781e+02 -2.456502914609297022e+03 -5.946362738212570065e+01 0.000000000000000000e+00 0.000000000000000000e+00 -1.313802988526973081e-01
-6.665131759805366300e+02 -2.153860918773359117e+03 -5.251182676354594037e+01 0.000000000000000000e+00 0.000000000000000000e+00 -1.053975308448116266e-01
-8.199986745004883915e+02 -2.037514417864513916e+03 -5.119984999390963054e+01 0.000000000000000000e+00 0.000000000000000000e+00 1.436436471848168139e-02
-4.845201113928047789e+02 -1.983264655689006304e+03 -4.632142011103454138e+01 0.000000000000000000e+00 0.000000000000000000e+00 -2.755819970159478771e-02
-8.396728712789232532e+02 -1.716016330871073706e+03 -4.371360954110844688e+01 0.000000000000000000e+00 0.000000000000000000e+00 7.487412043166585818e-02
-4.599365953374085052e+02 -1.709220711870699688e+03 -3.962272770860565885e+01 0.000000000000000000e+00 0.000000000000000000e+00 -1.123622948040292613e-02
-6.430168125484773327e+02 -1.451649087262425837e+03 -3.598644265716364998e+01 0.000000000000000000e+00 0.000000000000000000e+00 -1.423503520265256839e-02
-8.414504812540960756e+02 -1.242061744687162218e+03 -3.470052604085587689e+01 0.000000000000000000e+00 0.000000000000000000e+00 2.811903876789756396e-03
-4.584351202969564270e+02 -1.228129011141576711e+03 -3.048533414494130511e+01 0.000000000000000000e+00 0.000000000000000000e+00 -5.348338710952660335e-02
-8.113463356077488697e+02 -9.595166826742008652e+02 -3.028319212702523089e+01 0.000000000000000000e+00 0.000000000000000000e+00 -2.829398356666956715e-02
-4.646247445173628421e+02 -9.482265281601203242e+02 -2.659190008555279761e+01 0.000000000000000000e+00 0.000000000000000000e+00 -6.178866433720386908e-02
-6.410568838036017496e+02 -7.018010738737368683e+02 -2.553065741786019061e+01 0.000000000000000000e+00 0.000000000000000000e+00 -4.599290567927383222e-02
-8.232910550605010940e+02 -5.481507848930842783e+02 -2.642985164663603825e+01 0.000000000000000000e+00 0.000000000000000000e+00 2.563544729585132131e-02
-4.408614592582122782e+02 -5.219266410154675668e+02 -2.236803603776411720e+01 0.000000000000000000e+00 0.000000000000000000e+00 7.261797720930474043e-02
-8.382008464076849350e+02 -2.114251812986078676e+02 -2.497065059467046311e+01 0.000000000000000000e+00 0.000000000000000000e+00 -4.351650092853986962e-02
-4.714473932723406051e+02 -2.140533629841226002e+02 -2.112912256138523404e+01 0.000000000000000000e+00 0.000000000000000000e+00 6.007881393890102117e-02
-6.379660901174512446e+02 4.896581693549452297e+01 -2.232487788089767378e+01 0.000000000000000000e+00 0.000000000000000000e+00 -5.966453034529806132e-02
-8.288748252205114113e+02 2.057146846228733921e+02 -2.481066947745048168e+01 0.000000000000000000e+00 0.000000000000000000e+00 -3.946969781495113239e-03
-4.591480850734426440e+02 2.131274310864789072e+02 -2.102746083942912492e+01 0.000000000000000000e+00 0.000000000000000000e+00 2.941989444297732348e-02
-8.387411709385578433e+02 5.538637949046337781e+02 -2.660560772242339311e+01 0.000000000000000000e+00 0.000000000000000000e+00 -4.556378999490817705e-02
-4.624516662733553858e+02 5.409854722682169950e+02 -2.262213460749616445e+01 0.000000000000000000e+00 0.000000000000000000e+00 -3.188113055834662646e-03
-6.688333424251727592e+02 7.972893926909985112e+02 -2.664493995882694932e+01 0.000000000000000000e+00 0.000000000000000000e+00 1.079216439578090103e-02
-8.379500171938329913e+02 9.604426771221947092e+02 -3.046263651338470879e+01 0.000000000000000000e+00 0.000000000000000000e+00 -2.984963848204458259e-02
-4.826898281014218810e+02 9.673006465327472370e+02 -2.683653356226695053e+01 0.000000000000000000e+00 0.000000000000000000e+00 -1.317565399726206010e-02
-8.344319477738289379e+02 1.282135400113143533e+03 -3.492371192666283264e+01 0.000000000000000000e+00 0.000000000000000000e+00 1.843860327643653818e-02
-4.777750401689901310e+02 1.295011380710462845e+03 -3.145114678182404333e+01 0.000000000000000000e+00 0.000000000000000000e+00 -1.584212380411287313e-03
-6.460378440970671363e+02 1.544527781372312575e+03 -3.735071753097128067e+01 0.000000000000000000e+00 0.000000000000000000e+00 -4.266357944054988138e-02
-8.534345646200252986e+02 1.711310395543995583e+03 -4.314066704711500222e+01 0.000000000000000000e+00 0.000000000000000000e+00 -1.028311616739330248e-02
-4.605083590871960268e+02 1.719065504909494393e+03 -3.927933557216537963e+01 0.000000000000000000e+00 0.000000000000000000e+00 -7.351267114520965151e-02
-8.219473649799954273e+02 2.063425747459112245e+03 -5.090240304068064603e+01 0.000000000000000000e+00 0.000000000000000000e+00 1.051316937500956783e-02
-4.748615136300390418e+02 2.047874841222579334e+03 -4.702565927619998121e+01 0.000000000000000000e+00 0.000000000000000000e+00 -4.713156430180731604e-02
-6.755640894692908205e+02 2.293268968376334669e+03 -5.532969280443087712e+01 0.000000000000000000e+00 0.000000000000000000e+00 -4.211673705250973399e-02
-8.402116799255634305e+02 2.505672738414395099e+03 -6.343752208517485514e+01 0.000000000000000000e+00 0.000000000000000000e+00 -3.121147182888250882e-02
-5.340268499860774227e+02 2.474502590957305529e+03 -5.927259471451975514e+01 0.000000000000000000e+00 0.000000000000000000e+00 -4.588302872056715387e-02
-8.901053768117869822e+02 2.791284356135021881e+03 -7.321574061611717354e+01 0.000000000000000000e+00 0.000000000000000000e+00 1.786257376703304089e-02
-5.289318628273618970e+02 2.799952858366311830e+03 -6.961190703515728728e+01 0.000000000000000000e+00 0.000000000000000000e+00 1.275862310001230071e-02
-7.164250370567636992e+02 3.054936672419390106e+03 -8.033079678301511706e+01 0.000000000000000000e+00 0.000000000000000000e+00 -6.161965773698341309e-02
-8.620217291062841696e+02 3.198834043958131588e+03 -8.741787298229225200e+01 0.000000000000000000e+00 0.000000000000000000e+00 4.133464291740551744e-03
-5.483240438331193900e+02 3.232453931488438229e+03 -8.537822268256455516e+01 0.000000000000000000e+00 0.000000000000000000e+00 -4.543808006637561903e-02
-1.505789145496898755e+03 3.202940105222750390e+03 -9.897840041521490662e+01 0.000000000000000000e+00 0.000000000000000000e+00 -2.504243919190685119e-02
-1.175222683617631446e+03 3.202526175979591699e+03 -9.234205207077327771e+01 0.000000000000000000e+00 0.000000000000000000e+00 1.967846136069795193e-02
-1.347299644361497712e+03 3.082290894300886066e+03 -9.112216819814231883e+01 0.000000000000000000e+00 0.000000000000000000e+00 -3.852900641625467415e-02
-1.556731984299413170e+03 2.850610245568670962e+03 -8.753999346009695159e+01 0.000000000000000000e+00 0.000000000000000000e+00 8.692376575112348291e-03
-1.172034318590257044e+03 2.769700818249686563e+03 -7.690510855774651588e+01 0.000000000000000000e+00 0.000000000000000000e+00 -2.330093229296892332e-02
-1.184676343403993314e+03 2.522638782398151307e+03 -6.927906000262044017e+01 0.000000000000000000e+00 0.000000000000000000e+00 -3.356351762556641916e-02
-1.488888879732872510e+03 2.488438398346788290e+03 -7.443845601016829505e+01 0.000000000000000000e+00 0.000000000000000000e+00 2.757695311666452653e-02
-1.374695843100376351e+03 2.331371179346236659e+03 -6.739183241962413717e+01 0.000000000000000000e+00 0.000000000000000000e+00 -1.821831404157592260e-03
-1.490740221982301364e+03 2.058064698475208388e+03 -6.268287410987095853e+01 0.000000000000000000e+00 0.000000000000000000e+00 -1.784685870739366464e-02
-1.200080699165509031e+03 2.051889875017675422e+03 -5.651407997352329460e+01 0.000000000000000000e+00 0.000000000000000000e+00 -1.645365935731035734e-02
-1.159601594271533031e+03 1.780893744640081195e+03 -4.942554091888506207e+01 0.000000000000000000e+00 0.000000000000000000e+00 -8.731040151722879727e-03
-1.471656594782449929e+03 1.717270276826382315e+03 -5.442126309964692155e+01 0.000000000000000000e+00 0.000000000000000000e+00 -2.770329306330410191e-02
-1.368072828785293723e+03 1.555659398857132146e+03 -4.890339921693121283e+01 0.000000000000000000e+00 0.000000000000000000e+00 1.106348387565248004e-02
-1.171554359770047085e+03 1.339416452772115917e+03 -4.115575795486485333e+01 0.000000000000000000e+00 0.000000000000000000e+00 -2.210712490554556098e-02
-1.491891396687811266e+03 1.330737219994824954e+03 -4.767045545651090066e+01 0.000000000000000000e+00 0.000000000000000000e+00 -1.032704117560001578e-02
-1.509698593009414253e+03 1.001556733283147310e+03 -4.336237577902062412e+01 0.000000000000000000e+00 0.000000000000000000e+00 -3.680744344311648319e-02
-1.153641991547642419e+03 9.583460954226543436e+02 -3.539438202925890664e+01 0.000000000000000000e+00 0.000000000000000000e+00 -4.459467409920847558e-02
-1.303981136398007038e+03 7.920170574624060009e+02 -3.649291642501508193e+01 0.000000000000000000e+00 0.000000000000000000e+00 -1.205067089057365592e-02
-1.458362847392217418e+03 5.355491161692266360e+02 -3.774475043361612592e+01 0.000000000000000000e+00 0.000000000000000000e+00 -1.903173058564533449e-02
-1.136870105605812341e+03 5.325887251989855713e+02 -3.113217496088100233e+01 0.000000000000000000e+00 0.000000000000000000e+00 -3.889772822823189813e-02
-1.185679379354194452e+03 2.370047552054528524e+02 -3.061700476958214168e+01 0.000000000000000000e+00 0.000000000000000000e+00 -3.644263662884483779e-02
-1.516409642665573983e+03 2.533142962873497481e+02 -3.774427186408679802e+01 0.000000000000000000e+00 0.000000000000000000e+00 -2.065746472986518256e-02
-1.364057815914436787e+03 5.554345549863998599e+01 -3.390971361157672703e+01 0.000000000000000000e+00 0.000000000000000000e+00 -8.590832581171525817e-02
-1.154382667164474469e+03 -1.696131865542927244e+02 -2.989749382759554663e+01 0.000000000000000000e+00 0.000000000000000000e+00 -7.038612185166215340e-03
-1.498182068036520832e+03 -1.577220932368998092e+02 -3.712093639953442903e+01 0.000000000000000000e+00 0.000000000000000000e+00 -3.365506410462160147e-02
-1.148217446828376751e+03 -4.937127641484232754e+02 -3.118683237820214060e+01 0.000000000000000000e+00 0.000000000000000000e+00 -5.719412657798983446e-02
-1.520869470590352648e+03 -4.712682538503219689e+02 -3.896283265409950047e+01 0.000000000000000000e+00 0.000000000000000000e+00 -1.408990927127078407e-01
-1.378150367435900762e+03 -6.532903066977103208e+02 -3.700355233640560471e+01 0.000000000000000000e+00 0.000000000000000000e+00 -2.972652479597570618e-02
-1.212071990604153598e+03 -9.265815324229530461e+02 -3.636666307090814598e+01 0.000000000000000000e+00 0.000000000000000000e+00 -1.364586675242662750e-02
-1.485277121958216640e+03 -9.031657340225327744e+02 -4.195552745934617178e+01 0.000000000000000000e+00 0.000000000000000000e+00 -7.567807369049717181e-02
-1.160913886914052455e+03 -1.246360385263769331e+03 -3.988038765352668236e+01 0.000000000000000000e+00 0.000000000000000000e+00 -1.977274163355957626e-02
-1.534471906086886747e+03 -1.238106337335573244e+03 -4.774991429781748309e+01 0.000000000000000000e+00 0.000000000000000000e+00 -4.669955696655847532e-02
-1.298775587348457066e+03 -1.455308429678981611e+03 -4.621097675464437060e+01 0.000000000000000000e+00 0.000000000000000000e+00 -5.226252961835342603e-02
-1.461773141254189341e+03 -1.698385401924249663e+03 -5.468557540981372256e+01 0.000000000000000000e+00 0.000000000000000000e+00 1.345426919857004577e-01
-1.133753223767706913e+03 -1.719410309435123963e+03 -4.840542728239516634e+01 0.000000000000000000e+00 0.000000000000000000e+00 -1.055007405315819824e-01
-1.121454411349924158e+03 -1.982493198600585401e+03 -5.442080169590047944e+01 0.000000000000000000e+00 0.000000000000000000e+00 6.071549208224524818e-02
-1.516455209484355009e+03 -1.998078377194288350e+03 -6.302353519434683449e+01 0.000000000000000000e+00 0.000000000000000000e+00 -9.856686215769627779e-03
-1.303195392791158156e+03 -2.156897405845005778e+03 -6.249266905834924302e+01 0.000000000000000000e+00 0.000000000000000000e+00 2.671519138613831501e-02
-1.108013871264377485e+03 -2.411982171820794520e+03 -6.618901793034771686e+01 0.000000000000000000e+00 0.000000000000000000e+00 4.060181307269772333e-02
-1.472818108836106376e+03 -2.415396271995074130e+03 -7.364260628957038080e+01 0.000000000000000000e+00 0.000000000000000000e+00 -6.070804537529284062e-03
-1.087738106096373485e+03 -2.715342871554481462e+03 -7.564298417181612422e+01 0.000000000000000000e+00 0.000000000000000000e+00 -8.701310415290208766e-03
-1.515141008163111337e+03 -2.731893089066732045e+03 -8.480604078583877481e+01 0.000000000000000000e+00 0.000000000000000000e+00 -8.100451656679297230e-02
-1.320764115894180122e+03 -2.936103147862401329e+03 -8.775175548991144581e+01 0.000000000000000000e+00 0.000000000000000000e+00 -2.507473604927810129e-01
-1.126003322504529478e+03 -3.157258422938310105e+03 -9.242519438901817352e+01 0.000000000000000000e+00 0.000000000000000000e+00 6.212188798593842876e-02
-1.499289110556021114e+03 -3.154127295527541719e+03 -9.975109009022729367e+01 0.000000000000000000e+00 0.000000000000000000e+00 -4.782602521473222623e-03
-2.155473979147594946e+03 -3.139590752986813186e+03 -1.171582486732202710e+02 0.000000000000000000e+00 0.000000000000000000e+00 3.903998857649071397e-02
-1.785929922676317119e+03 -3.165798020530748545e+03 -1.072930065464582157e+02 0.000000000000000000e+00 0.000000000000000000e+00 7.627636347460509114e-02
-2.012794561087857346e+03 -2.939831153550670479e+03 -1.054065276642453171e+02 0.000000000000000000e+00 0.000000000000000000e+00 1.018780820103870610e-02
-2.144911124826559899e+03 -2.798168125007539857e+03 -1.046011760549066310e+02 0.000000000000000000e+00 0.000000000000000000e+00 2.587921967642614618e-02
-1.772579409597561607e+03 -2.791277982046432953e+03 -9.331693726442603065e+01 0.000000000000000000e+00 0.000000000000000000e+00 1.210680597861824026e-02
-2.168780466092442566e+03 -2.471026245184273648e+03 -9.483266693650273282e+01 0.000000000000000000e+00 0.000000000000000000e+00 7.021677385861835319e-02
-1.785831420152226428e+03 -2.475671741285765620e+03 -8.338201164775904317e+01 0.000000000000000000e+00 0.000000000000000000e+00 -4.270352522763687375e-02
-1.963916908759144690e+03 -2.214164334498737844e+03 -8.087766462291888558e+01 0.000000000000000000e+00 0.000000000000000000e+00 -4.294320882912927573e-02
-2.157809493110729818e+03 -2.042365946158110773e+03 -8.246950959077719290e+01 0.000000000000000000e+00 0.000000000000000000e+00 5.962818098984712378e-02
-1.785128748357230052e+03 -2.036262091423408492e+03 -7.093260276278458321e+01 0.000000000000000000e+00 0.000000000000000000e+00 4.637507240060756430e-02
-2.174081187246491481e+03 -1.728044929871405657e+03 -7.558318868088699105e+01 0.000000000000000000e+00 0.000000000000000000e+00 -1.051921293034752125e-02
-1.815055000592372608e+03 -1.723272511903114719e+03 -6.432767686871865465e+01 0.000000000000000000e+00 0.000000000000000000e+00 -5.500070668934142759e-02
-1.984384769010562650e+03 -1.457702849125459124e+03 -6.399483632687059753e+01 0.000000000000000000e+00 0.000000000000000000e+00 -1.853673669410227376e-02
-2.141985006230780073e+03 -1.286522569101662384e+03 -6.608662010072714565e+01 0.000000000000000000e+00 0.000000000000000000e+00 7.277014067523168706e-02
-1.807038602006738301e+03 -1.307768590412750200e+03 -5.607666698114020676e+01 0.000000000000000000e+00 0.000000000000000000e+00 -8.165855359367668598e-02
-2.175785944628492871e+03 -9.527929534663650202e+02 -6.245844198031412731e+01 0.000000000000000000e+00 0.000000000000000000e+00 -8.727331903183710438e-02
-1.837730274397871881e+03 -9.590727046686524773e+02 -5.189096653481361443e+01 0.000000000000000000e+00 0.000000000000000000e+00 7.995114344232945314e-02
-1.993007092791726336e+03 -7.106286745358603412e+02 -5.389884848913382598e+01 0.000000000000000000e+00 0.000000000000000000e+00 1.086994257338602665e-02
-2.147418308287494256e+03 -5.401679240990114295e+02 -5.752911932678287599e+01 0.000000000000000000e+00 0.000000000000000000e+00 2.125747676450373547e-02
-1.794906046965848873e+03 -5.418354526394823552e+02 -4.661947796453954140e+01 0.000000000000000000e+00 0.000000000000000000e+00 -4.262549230892176411e-02
-2.160621923969815271e+03 -2.156083101590236879e+02 -5.635108398928859685e+01 0.000000000000000000e+00 0.000000000000000000e+00 -3.380652390404037533e-02
-1.804944864116639792e+03 -2.153614066144020285e+02 -4.527778826748326679e+01 0.000000000000000000e+00 0.000000000000000000e+00 -2.212508277577995841e-02
-1.978187744995006824e+03 3.065412118179257206e+01 -5.009179879166929084e+01 0.000000000000000000e+00 0.000000000000000000e+00 5.669240265220309993e-04
-2.155319608405816780e+03 1.986781054939536375e+02 -5.601661543308106417e+01 0.000000000000000000e+00 0.000000000000000000e+00 -2.433876753736541332e-02
-1.815583148328617881e+03 2.085791135450869547e+02 -4.547711141640249366e+01 0.000000000000000000e+00 0.000000000000000000e+00 -7.821326652724280848e-03
-2.154928228101874538e+03 5.466585384333511684e+02 -5.752268715214290040e+01 0.000000000000000000e+00 0.000000000000000000e+00 7.454222094899876083e-03
-1.820573754143387987e+03 5.380329742676718752e+02 -4.709406114045528824e+01 0.000000000000000000e+00 0.000000000000000000e+00 2.390224146675024031e-02
-1.989238039461993822e+03 7.927178571315224644e+02 -5.416541197968344790e+01 0.000000000000000000e+00 0.000000000000000000e+00 -1.637998332081025410e-02
-2.142542220696527693e+03 9.566949693498783063e+02 -6.081321506822684597e+01 0.000000000000000000e+00 0.000000000000000000e+00 1.135413261624051984e-02
-1.820621954833081645e+03 9.570408218044648265e+02 -5.091297994045012842e+01 0.000000000000000000e+00 0.000000000000000000e+00 -6.984133390399449581e-02
-2.189475867491170447e+03 1.277718101052745169e+03 -6.670286659002557883e+01 0.000000000000000000e+00 0.000000000000000000e+00 1.409294667386973288e-02
-1.998222406096331270e+03 1.533170534785112295e+03 -6.487448754751983415e+01 0.000000000000000000e+00 0.000000000000000000e+00 -1.222636167022983500e-02
-2.158794802530074321e+03 1.707471503861978363e+03 -7.338848147356003437e+01 0.000000000000000000e+00 0.000000000000000000e+00 -2.633964651280962244e-02
-1.833830259047303571e+03 1.713053770469258097e+03 -6.356288801287257684e+01 0.000000000000000000e+00 0.000000000000000000e+00 1.382717927929633106e-02
-1.827285234486839272e+03 2.018580970682432962e+03 -7.026109794881102744e+01 0.000000000000000000e+00 0.000000000000000000e+00 -3.585537250359038808e-02
-2.014155040668287711e+03 2.352408588420349133e+03 -8.444592067415170789e+01 0.000000000000000000e+00 0.000000000000000000e+00 -6.235505339328994978e-02
-2.189384628273257931e+03 2.448434288491239386e+03 -9.272778790101472168e+01 0.000000000000000000e+00 0.000000000000000000e+00 1.074635445121430166e-03
-1.837759366508539188e+03 2.448310334213536862e+03 -8.205188271414228041e+01 0.000000000000000000e+00 0.000000000000000000e+00 -2.558355097917797139e-03
-2.185639623250138357e+03 2.762761343434869559e+03 -1.022511323990262042e+02 0.000000000000000000e+00 0.000000000000000000e+00 1.789417758473632603e-02
-1.867218369173454676e+03 2.812908618295233282e+03 -9.425512605271228495e+01 0.000000000000000000e+00 0.000000000000000000e+00 -4.135651800297068803e-02
-2.007168345389118258e+03 3.008887604323394044e+03 -1.050106686886807950e+02 0.000000000000000000e+00 0.000000000000000000e+00 6.868880956091061307e-03
-2.176765865699850565e+03 3.192987745604247721e+03 -1.169190726899073667e+02 0.000000000000000000e+00 0.000000000000000000e+00 1.421787588806466829e-02
-1.882034764133059753e+03 3.209521045068613603e+03 -1.086979978128411659e+02 0.000000000000000000e+00 0.000000000000000000e+00 1.360642210052276369e-02
-2.851574965833778151e+03 2.426326215688035973e+03 -1.169611961448206614e+02 0.000000000000000000e+00 0.000000000000000000e+00 -6.297315668896885654e-02
-2.504089361021928198e+03 2.426087576945906221e+03 -1.031413687687223302e+02 0.000000000000000000e+00 0.000000000000000000e+00 4.786774408991334440e-02
-2.698932404318995395e+03 2.329352755896563394e+03 -1.080015806553476239e+02 0.000000000000000000e+00 0.000000000000000000e+00 7.109195491659647814e-02
-2.481380431470167423e+03 2.081103919505174872e+03 -9.315083341074374346e+01 0.000000000000000000e+00 0.000000000000000000e+00 3.255988632001560745e-02
-2.851518525546495312e+03 2.084890631722739272e+03 -1.080109231221624526e+02 0.000000000000000000e+00 0.000000000000000000e+00 6.668478581188708176e-02
-2.517544388359006007e+03 1.757132131734878612e+03 -8.716313507851833720e+01 0.000000000000000000e+00 0.000000000000000000e+00 4.870724807238957510e-02
-2.834329536715372797e+03 1.751489383488045178e+03 -9.981148777579706177e+01 0.000000000000000000e+00 0.000000000000000000e+00 1.045450143772796991e-01
-2.679443617003320924e+03 1.585094071023557717e+03 -9.012420181990677293e+01 0.000000000000000000e+00 0.000000000000000000e+00 6.646290644340524523e-03
-2.476475229591304924e+03 1.343788745372662333e+03 -7.799494834807202892e+01 0.000000000000000000e+00 0.000000000000000000e+00 -2.800853872716402293e-02
-2.841346094058356357e+03 1.337348552525628975e+03 -9.261457803607981987e+01 0.000000000000000000e+00 0.000000000000000000e+00 1.167298399707306089e-02
-2.846877753368402409e+03 9.721268609588287291e+02 -8.791288177316926067e+01 0.000000000000000000e+00 0.000000000000000000e+00 1.951771482430331162e-02
-2.571347187762149133e+03 9.659067674572875148e+02 -7.646964156664513723e+01 0.000000000000000000e+00 0.000000000000000000e+00 7.955110447127822226e-03
-2.622455800817490854e+03 8.082010983539347535e+02 -7.684963934534481211e+01 0.000000000000000000e+00 0.000000000000000000e+00 3.084183400632412031e-02
-2.485016900031268960e+03 5.908847902637018024e+02 -6.967254640482599370e+01 0.000000000000000000e+00 0.000000000000000000e+00 -2.183655293856645585e-02
-2.823428390777588447e+03 5.809216097566031749e+02 -8.337264672928530729e+01 0.000000000000000000e+00 0.000000000000000000e+00 -6.043708291613825168e-03
-2.530503136206523777e+03 2.424391009092506124e+02 -6.976208938785966041e+01 0.000000000000000000e+00 0.000000000000000000e+00 7.450242266965290128e-02
-2.862791876586112721e+03 2.537243294447613380e+02 -8.354797319729591720e+01 0.000000000000000000e+00 0.000000000000000000e+00 3.932815088845131868e-03
-2.692748974697009544e+03 8.821176699412659161e+01 -7.602993170709889625e+01 0.000000000000000000e+00 0.000000000000000000e+00 -4.068662066103456709e-03
-2.495905934625084683e+03 -1.496454958859544604e+02 -6.832645287224666220e+01 0.000000000000000000e+00 0.000000000000000000e+00 6.392372163499260296e-02
-2.844876222663775479e+03 -2.253406927081513800e+02 -8.287530866368427951e+01 0.000000000000000000e+00 0.000000000000000000e+00 5.460847900411636147e-02
-2.469854663378103851e+03 -4.816634765167244154e+02 -6.873374040890560366e+01 0.000000000000000000e+00 0.000000000000000000e+00 -5.671853927495362768e-03
-2.821938515512532831e+03 -5.164496001689989271e+02 -8.331676154333118234e+01 0.000000000000000000e+00 0.000000000000000000e+00 1.241693783509845161e-02
-2.645735638011636638e+03 -6.648770921035097672e+02 -7.704956154956428804e+01 0.000000000000000000e+00 0.000000000000000000e+00 1.459480973173299390e-02
-2.799991147011538487e+03 -9.480262728870131923e+02 -8.641018975792569279e+01 0.000000000000000000e+00 0.000000000000000000e+00 2.565696580690257633e-02
-2.507810801258149695e+03 -9.584560084040394941e+02 -7.461094717150555766e+01 0.000000000000000000e+00 0.000000000000000000e+00 -5.964245950499957871e-02
-2.522959930617159898e+03 -1.257542533790446669e+03 -7.939733867134546585e+01 0.000000000000000000e+00 0.000000000000000000e+00 4.025580583282817315e-02
-2.828921163536977929e+03 -1.234917048656721136e+03 -9.159011866701479221e+01 0.000000000000000000e+00 0.000000000000000000e+00 4.881037118727249435e-02
-2.681200000258925684e+03 -1.400941960776865699e+03 -8.811326832311425505e+01 0.000000000000000000e+00 0.000000000000000000e+00 6.616628836451354800e-02
-2.510575931023616249e+03 -1.674401356961115198e+03 -8.658418848428668468e+01 0.000000000000000000e+00 0.000000000000000000e+00 4.241437590870589247e-02
-2.828524496650168203e+03 -1.741111980284325227e+03 -1.009150942210112589e+02 0.000000000000000000e+00 0.000000000000000000e+00 3.435530643903916825e-02
-2.815731425686085458e+03 -2.007425935316588038e+03 -1.064892745602025457e+02 0.000000000000000000e+00 0.000000000000000000e+00 3.196418812567003442e-02
-2.473088290694663101e+03 -2.000254638310522068e+03 -9.259749217240630514e+01 0.000000000000000000e+00 0.000000000000000000e+00 -4.423475331276449651e-02
-2.622157806439043270e+03 -2.166268799308354119e+03 -1.026152200354709549e+02 0.000000000000000000e+00 0.000000000000000000e+00 1.596129036808235924e-02
-2.830720147067889684e+03 -2.461213719345473237e+03 -1.193806612591645688e+02 0.000000000000000000e+00 0.000000000000000000e+00 -5.409525920738644800e-02
