# x y z x_res y_res z_res
2.850477874597005666e+03 2.492166635649010004e+03 -1.187896892454400870e+02 0.000000000000000000e+00 0.000000000000000000e+00 -5.720036661557514890e-03
2.473657600527316845e+03 2.489322909516334221e+03 -1.038327896300473441e+02 0.000000000000000000e+00 0.000000000000000000e+00 -6.084696202407258170e-02
2.628843647047795912e+03 2.346096172643387035e+03 -1.056798796001291976e+02 0.000000000000000000e+00 0.000000000000000000e+00 1.373145397193269446e-01
2.483420598158256780e+03 2.067888530364692997e+03 -9.290344544571530605e+01 0.000000000000000000e+00 0.000000000000000000e+00 3.630140787294067195e-03
2.855745276862916398e+03 2.072138167231434636e+03 -1.078816334949947446e+02 0.000000000000000000e+00 0.000000000000000000e+00 -1.325623516525809009e-02
2.858699002120281875e+03 1.733911026642279467e+03 -1.004926839083500454e+02 0.000000000000000000e+00 0.000000000000000000e+00 2.194941604898303922e-04
2.478766223207121129e+03 1.733243426521087031e+03 -8.520263017960974139e+01 0.000000000000000000e+00 0.000000000000000000e+00 2.362020217977089942e-02
2.666599234108813562e+03 1.565081788549366593e+03 -8.923352005524961328e+01 0.000000000000000000e+00 0.000000000000000000e+00 4.644102075843647981e-03
2.481282155164992218e+03 1.315998796635689359e+03 -7.773686349106137072e+01 0.000000000000000000e+00 0.000000000000000000e+00 -1.266751176315494831e-02
2.860366550709168223e+03 1.318551218649883140e+03 -9.314035578532403292e+01 0.000000000000000000e+00 0.000000000000000000e+00 -1.429315631939687137e-02
2.853577063865254786e+03 9.860540390120783059e+02 -8.836181154994173426e+01 0.000000000000000000e+00 0.000000000000000000e+00 -1.683959361203335447e-02
2.491946629534450494e+03 9.858046102289119972e+02 -7.362139626678968796e+01 0.000000000000000000e+00 0.000000000000000000e+00 -3.679011084382466379e-02
2.636981515282389864e+03 8.413230298905867812e+02 -7.775553495310310836e+01 0.000000000000000000e+00 0.000000000000000000e+00 -4.119316916285242769e-02
2.493396846920911685e+03 5.638539584359269838e+02 -6.981106252287841585e+01 0.000000000000000000e+00 0.000000000000000000e+00 -4.418888202819459821e-02
2.869176542168113883e+03 5.685249241602074335e+02 -8.527519022731942755e+01 0.000000000000000000e+00 0.000000000000000000e+00 -2.670876042454040089e-02
2.859791086114771133e+03 2.392594961580972495e+02 -8.337919952207971619e+01 0.000000000000000000e+00 0.000000000000000000e+00 4.893153581235765159e-03
2.486775891557928844e+03 2.300670530301676706e+02 -6.803599662707044615e+01 0.000000000000000000e+00 0.000000000000000000e+00 -3.313752687294879706e-02
2.642978998919693822e+03 8.705723960103604497e+01 -7.398655731155562876e+01 0.000000000000000000e+00 0.000000000000000000e+00 -2.732295571914278298e-02
2.499458611785147696e+03 -1.774988620792261145e+02 -6.852957668683981751e+01 0.000000000000000000e+00 0.000000000000000000e+00 -4.073766173597448415e-02
2.868111762850296145e+03 -1.813115003685612407e+02 -8.376375013266294900e+01 0.000000000000000000e+00 0.000000000000000000e+00 1.223040998073088303e-02
2.869894189554785953e+03 -4.570157662827483591e+02 -8.502802968071063106e+01 0.000000000000000000e+00 0.000000000000000000e+00 -3.302470334720908340e-02
2.501828915949001384e+03 -5.094923048635400846e+02 -7.014561970973686300e+01 0.000000000000000000e+00 0.000000000000000000e+00 -6.545490635491546527e-02
2.653926797043041461e+03 -6.560955248564991962e+02 -7.730928400402774514e+01 0.000000000000000000e+00 0.000000000000000000e+00 -1.051833844158522879e-02
2.522490433690804821e+03 -9.186528649313743244e+02 -7.470580777439822384e+01 0.000000000000000000e+00 0.000000000000000000e+00 3.759769460580741907e-02
2.855419269189267197e+03 -9.192184272596890651e+02 -8.846561245753647995e+01 0.000000000000000000e+00 0.000000000000000000e+00 -1.362813809419662903e-01
2.852137518055186774e+03 -1.257969518314885818e+03 -9.295349856647021625e+01 0.000000000000000000e+00 0.000000000000000000e+00 -4.349783534999573931e-02
2.515593901670452397e+03 -1.262430654209366594e+03 -7.918901444885864294e+01 0.000000000000000000e+00 0.000000000000000000e+00 2.473322251015019901e-02
2.652686818161701922e+03 -1.394354330527213278e+03 -8.683436268190222052e+01 0.000000000000000000e+00 0.000000000000000000e+00 -5.659338869452312792e-02
2.508445643558361098e+03 -1.680597807949937533e+03 -8.663197672024475082e+01 0.000000000000000000e+00 0.000000000000000000e+00 -4.110078866430910693e-02
2.888419239725446459e+03 -1.672063569361354439e+03 -1.020505919533735408e+02 0.000000000000000000e+00 0.000000000000000000e+00 3.409096803191857816e-02
2.872924885492742305e+03 -1.948965960705992302e+03 -1.075213635685556994e+02 0.000000000000000000e+00 0.000000000000000000e+00 -7.148290491448960893e-02
2.506795161888403982e+03 -1.953782753114063553e+03 -9.273941474422301212e+01 0.000000000000000000e+00 0.000000000000000000e+00 -1.842484796630117216e-02
2.659613033721176180e+03 -2.153921776591964317e+03 -1.037806312955389956e+02 0.000000000000000000e+00 0.000000000000000000e+00 1.252299538487022801e-01
2.516825283560010121e+03 -2.373825081384532041e+03 -1.042915927319182003e+02 0.000000000000000000e+00 0.000000000000000000e+00 -2.004353794734470284e-02
2.849187751883978308e+03 -2.392210535490728944e+03 -1.181502346710574187e+02 0.000000000000000000e+00 0.000000000000000000e+00 6.399259053480932380e-02
2.247787693751513871e+03 -3.173766977208029402e+03 -1.214470750501310761e+02 0.000000000000000000e+00 0.000000000000000000e+00 -7.544677715908676419e-02
1.860713548208723751e+03 -3.185674474744771487e+03 -1.100966820064492708e+02 0.000000000000000000e+00 0.000000000000000000e+00 -3.607548300060159363e-02
2.034051721331143426e+03 -2.929369445647384964e+03 -1.056806212140673153e+02 0.000000000000000000e+00 0.000000000000000000e+00 -1.777722256768328180e-01
1.852840092702950642e+03 -2.767334303841985275e+03 -9.471426296810909662e+01 0.000000000000000000e+00 0.000000000000000000e+00 -4.519913628797667116e-02
2.225555024358116043e+03 -2.763798571336385976e+03 -1.060904035178059814e+02 0.000000000000000000e+00 0.000000000000000000e+00 -3.664779634129899932e-02
2.220092781957106581e+03 -2.427121241286777149e+03 -9.522173144541920919e+01 0.000000000000000000e+00 0.000000000000000000e+00 -1.222762649788649014e-01
1.847774201915455933e+03 -2.436622892297671115e+03 -8.392021015191153310e+01 0.000000000000000000e+00 0.000000000000000000e+00 -4.502304352608632598e-02
2.024715529227146135e+03 -2.189165643596213158e+03 -8.206015476225377370e+01 0.000000000000000000e+00 0.000000000000000000e+00 -6.170972970933519264e-02
1.833911962768982221e+03 -2.020191889593817450e+03 -7.189585274486086064e+01 0.000000000000000000e+00 0.000000000000000000e+00 6.301847442428254453e-02
2.210427817881031388e+03 -2.009087860361602225e+03 -8.339687207742515795e+01 0.000000000000000000e+00 0.000000000000000000e+00 -4.988269595965277858e-02
2.214856753025798298e+03 -1.694449042811597337e+03 -7.624522775151761778e+01 0.000000000000000000e+00 0.000000000000000000e+00 -1.142682136718775610e-01
1.836245268969753170e+03 -1.685099669274465441e+03 -6.410728657613974235e+01 0.000000000000000000e+00 0.000000000000000000e+00 -3.533138028882376602e-02
2.019458750316777241e+03 -1.436985072970432839e+03 -6.471131476459001419e+01 0.000000000000000000e+00 0.000000000000000000e+00 -4.267826718975697986e-02
1.829849744140205985e+03 -1.273452109489373470e+03 -5.616288820020366046e+01 0.000000000000000000e+00 0.000000000000000000e+00 3.539720279851366058e-02
2.212123010682046697e+03 -1.262544806909967519e+03 -6.807760020568629500e+01 0.000000000000000000e+00 0.000000000000000000e+00 -3.873371132806369133e-02
2.203345806985410491e+03 -9.329095896520059341e+02 -6.316064750497297098e+01 0.000000000000000000e+00 0.000000000000000000e+00 -2.309858859438662648e-02
1.828987299835816884e+03 -9.336898743639433178e+02 -5.132936293812370820e+01 0.000000000000000000e+00 0.000000000000000000e+00 -2.240869143520995976e-02
2.008493841383426570e+03 -6.812544557823238165e+02 -5.412124805649857251e+01 0.000000000000000000e+00 0.000000000000000000e+00 -2.527433142698498614e-02
1.824291037105735541e+03 -5.227799162794464110e+02 -4.732650780615668396e+01 0.000000000000000000e+00 0.000000000000000000e+00 -7.535059340312955101e-02
2.201355286110177985e+03 -5.086282165452527124e+02 -5.914744282936504760e+01 0.000000000000000000e+00 0.000000000000000000e+00 -3.175341172600809614e-02
2.197540507538154998e+03 -1.883949913944403534e+02 -5.753200420603910459e+01 0.000000000000000000e+00 0.000000000000000000e+00 -3.174414641421208216e-02
1.821630021311712881e+03 -1.892166561729323178e+02 -4.568272374169200845e+01 0.000000000000000000e+00 0.000000000000000000e+00 -6.380058929654808253e-02
1.997591733333238608e+03 6.074105932465612767e+01 -5.070676202561647017e+01 0.000000000000000000e+00 0.000000000000000000e+00 -1.353783597333091393e-02
1.811899902014577037e+03 2.255207358870063956e+02 -4.541489189608858368e+01 0.000000000000000000e+00 0.000000000000000000e+00 -6.003169975969768757e-02
2.188101243214046917e+03 2.331834537865302650e+02 -5.720995932253742922e+01 0.000000000000000000e+00 0.000000000000000000e+00 -6.457336848491479486e-03
2.191088412565467479e+03 5.645943949219175693e+02 -5.886247238384383706e+01 0.000000000000000000e+00 0.000000000000000000e+00 9.844062381084484059e-03
1.813432477410962974e+03 5.627380067414983387e+02 -4.705583882042198240e+01 0.000000000000000000e+00 0.000000000000000000e+00 -5.311684740828326312e-02
1.999641926693953337e+03 8.153595055841861949e+02 -5.470874018430012597e+01 0.000000000000000000e+00 0.000000000000000000e+00 3.582293586610774128e-03
1.813049385210464152e+03 9.832201413238907435e+02 -5.100871855678809652e+01 0.000000000000000000e+00 0.000000000000000000e+00 -2.079396157898827369e-02
2.189486739971738643e+03 9.911677387821245020e+02 -6.278973011591629927e+01 0.000000000000000000e+00 0.000000000000000000e+00 2.457144305338232471e-02
2.182839574029507276e+03 1.314007091540064721e+03 -6.704572420468983296e+01 0.000000000000000000e+00 0.000000000000000000e+00 3.711611904728329137e-02
1.986764962105805580e+03 1.564265311468200025e+03 -6.510530886572882991e+01 0.000000000000000000e+00 0.000000000000000000e+00 -1.691397072998768181e-02
1.802369271206269786e+03 1.733674201968709895e+03 -6.311376684744800514e+01 0.000000000000000000e+00 0.000000000000000000e+00 -3.519898916817254531e-02
2.180664968725659946e+03 1.744261939801111794e+03 -7.487382142773877547e+01 0.000000000000000000e+00 0.000000000000000000e+00 -2.761263766458910140e-03
2.170721472317247390e+03 2.067360449646555480e+03 -8.190214025080720717e+01 0.000000000000000000e+00 0.000000000000000000e+00 -3.211737819636084623e-02
1.801164936965520610e+03 2.060479822048967435e+03 -7.056590917913086969e+01 0.000000000000000000e+00 0.000000000000000000e+00 2.843960578593396349e-02
1.978846065959496627e+03 2.311970253064530880e+03 -8.225669472802421467e+01 0.000000000000000000e+00 0.000000000000000000e+00 8.695904261529108226e-03
1.801366767838234182e+03 2.476118525582154234e+03 -8.186675871727260301e+01 0.000000000000000000e+00 0.000000000000000000e+00 2.363291104863662895e-02
2.171075698388141973e+03 2.484812003633779113e+03 -9.318876864063115306e+01 0.000000000000000000e+00 0.000000000000000000e+00 1.177150154703099361e-02
2.170545984141358986e+03 2.809435254300053657e+03 -1.032868887150096668e+02 0.000000000000000000e+00 0.000000000000000000e+00 -5.429810469621543234e-03
1.796184961628322299e+03 2.814665075494737721e+03 -9.236320908209509639e+01 0.000000000000000000e+00 0.000000000000000000e+00 -2.180849826760322685e-02
1.980090593218990989e+03 3.062855217986735170e+03 -1.061272475500601331e+02 0.000000000000000000e+00 0.000000000000000000e+00 5.178171487514759974e-03
1.800268649065385944e+03 3.236012453772444132e+03 -1.074648879453036727e+02 0.000000000000000000e+00 0.000000000000000000e+00 -3.619797495521481778e-02
2.167642600212148409e+03 3.237369194146624068e+03 -1.182831998733867351e+02 0.000000000000000000e+00 0.000000000000000000e+00 1.593472965019770982e-02
1.506945762805416734e+03 3.230278268354492411e+03 -1.000389858299620016e+02 0.000000000000000000e+00 0.000000000000000000e+00 1.162732975927838197e-02
1.117616050788573602e+03 3.224849615151622857e+03 -9.220193646880571237e+01 0.000000000000000000e+00 0.000000000000000000e+00 -1.168041198155833627e-03
1.281969696485022951e+03 3.075194691622799382e+03 -8.957506933517738901e+01 0.000000000000000000e+00 0.000000000000000000e+00 -4.121609070276122111e-02
1.133778361965928298e+03 2.803810972486218361e+03 -7.737495642982119648e+01 0.000000000000000000e+00 0.000000000000000000e+00 -5.880040886552251322e-05
1.492618988650969868e+03 2.803207229213247501e+03 -8.447490376648758570e+01 0.000000000000000000e+00 0.000000000000000000e+00 -2.321869684818977930e-02
1.510941542880227416e+03 2.479005881754109851e+03 -7.466003312283974935e+01 0.000000000000000000e+00 0.000000000000000000e+00 -1.637403617273491818e-02
1.134602930993520431e+03 2.474785419768731572e+03 -6.695093452305873427e+01 0.000000000000000000e+00 0.000000000000000000e+00 4.109031596239276496e-02
1.308730667358487381e+03 2.306855535125788720e+03 -6.535173278769681815e+01 0.000000000000000000e+00 0.000000000000000000e+00 1.768883200206516904e-02
1.141054930200360104e+03 2.043588003363143798e+03 -5.524154449660974819e+01 0.000000000000000000e+00 0.000000000000000000e+00 -8.465860641663880415e-03
1.516778447361849430e+03 2.053303029302978757e+03 -6.316520241785228507e+01 0.000000000000000000e+00 0.000000000000000000e+00 5.441682725866314740e-03
1.515041256149854917e+03 1.727046911318712091e+03 -5.562826925982884063e+01 0.000000000000000000e+00 0.000000000000000000e+00 2.682978603558439090e-02
1.141779707257247992e+03 1.720953190690250040e+03 -4.781855120454365249e+01 0.000000000000000000e+00 0.000000000000000000e+00 2.583926030484207104e-02
1.323092011283898273e+03 1.558898589609102601e+03 -4.802472336464386160e+01 0.000000000000000000e+00 0.000000000000000000e+00 -5.388485948287780047e-05
1.144965538250676218e+03 1.306372980447053578e+03 -4.013266800123231803e+01 0.000000000000000000e+00 0.000000000000000000e+00 5.630756114267398971e-02
1.516901715910923713e+03 1.300648441064067811e+03 -4.777005922000596883e+01 0.000000000000000000e+00 0.000000000000000000e+00 3.912267026888116561e-02
1.519692817238134012e+03 9.828081124692031381e+02 -4.337004620319640935e+01 0.000000000000000000e+00 0.000000000000000000e+00 5.726813373417627417e-02
1.149021585462997109e+03 9.715871799804533566e+02 -3.546973633504968859e+01 0.000000000000000000e+00 0.000000000000000000e+00 6.185641887914528070e-02
1.332652741293908548e+03 8.045399427086653077e+02 -3.721219862335615147e+01 0.000000000000000000e+00 0.000000000000000000e+00 4.655142195674955019e-02
1.153034950923154611e+03 5.523583775715802631e+02 -3.155911156612432933e+01 0.000000000000000000e+00 0.000000000000000000e+00 9.992624571908592657e-02
1.538307706089298790e+03 5.584623812111825600e+02 -3.978634065071970127e+01 0.000000000000000000e+00 0.000000000000000000e+00 6.600424594425646774e-02
1.539749132292634613e+03 2.267031733489659757e+02 -3.823106990190453303e+01 0.000000000000000000e+00 0.000000000000000000e+00 3.642820379437239353e-02
1.165608059451448071e+03 2.190958956534101105e+02 -3.019192796977500137e+01 0.000000000000000000e+00 0.000000000000000000e+00 3.306495134058096141e-02
1.339536773329382868e+03 6.017441363636448415e+01 -3.338649602193009969e+01 0.000000000000000000e+00 0.000000000000000000e+00 2.039447420342810346e-02
1.159400008587001821e+03 -1.966035079175472333e+02 -3.005549215266606211e+01 0.000000000000000000e+00 0.000000000000000000e+00 6.463039053758379282e-02
1.533183250563031152e+03 -2.050362005586750627e+02 -3.807779779390860853e+01 0.000000000000000000e+00 0.000000000000000000e+00 1.085447515449757816e-01
1.544391993166751035e+03 -4.591337110054454342e+02 -3.946128434389075323e+01 0.000000000000000000e+00 0.000000000000000000e+00 3.542802754176221924e-02
1.171359868010505124e+03 -4.622404143709445634e+02 -3.142002539659844373e+01 0.000000000000000000e+00 0.000000000000000000e+00 1.105869551336731149e-01
1.391700765482740280e+03 -6.451113807815354448e+02 -3.723341934093500072e+01 0.000000000000000000e+00 0.000000000000000000e+00 6.284492604491020984e-02
1.543034895719668384e+03 -9.510966119710933526e+02 -4.391666052402219833e+01 0.000000000000000000e+00 0.000000000000000000e+00 9.881007567813071546e-03
1.164246555759708826e+03 -9.503726258158164910e+02 -3.574806430643291577e+01 0.000000000000000000e+00 0.000000000000000000e+00 1.056486775117875254e-01
1.163934184841868500e+03 -1.286891790677887002e+03 -4.059791066971048679e+01 0.000000000000000000e+00 0.000000000000000000e+00 2.399202105564768317e-02
1.541624486603538116e+03 -1.277365127178159582e+03 -4.855826377666218718e+01 0.000000000000000000e+00 0.000000000000000000e+00 3.334511258408667800e-03
1.357262694602623469e+03 -1.442316482335975479e+03 -4.720232365698100807e+01 0.000000000000000000e+00 0.000000000000000000e+00 8.519670846379057139e-02
1.168097237774106816e+03 -1.695933850284863865e+03 -4.851867863018957650e+01 0.000000000000000000e+00 0.000000000000000000e+00 4.162681285065161774e-02
1.545665367556832962e+03 -1.696775662714863529e+03 -5.664066194926101616e+01 0.000000000000000000e+00 0.000000000000000000e+00 8.907296039983947367e-02
1.551495170200086477e+03 -2.014412436176739902e+03 -6.428238260758746492e+01 0.000000000000000000e+00 0.000000000000000000e+00 8.093985131850445214e-03
1.171941170938876439e+03 -2.026185852123111772e+03 -5.645393411144817719e+01 0.000000000000000000e+00 0.000000000000000000e+00 -9.005891023782908178e-02
1.353882234637546844e+03 -2.192769612328891071e+03 -6.453961318766370425e+01 0.000000000000000000e+00 0.000000000000000000e+00 1.071060016951292937e-01
1.173879067684183156e+03 -2.440838631050451113e+03 -6.825100151120246039e+01 0.000000000000000000e+00 0.000000000000000000e+00 5.721102743983408345e-02
1.554036454565806935e+03 -2.442388359224868054e+03 -7.637538075846769914e+01 0.000000000000000000e+00 0.000000000000000000e+00 7.989474834140253279e-02
1.555479486897336301e+03 -2.767376150805689122e+03 -8.696919660175646527e+01 0.000000000000000000e+00 0.000000000000000000e+00 1.246170542129618752e-01
1.163479296273470254e+03 -2.768275247959789795e+03 -7.878313949089877610e+01 0.000000000000000000e+00 0.000000000000000000e+00 3.646241185172982568e-02
1.366875433301559497e+03 -2.942710768085061318e+03 -8.894211668561220563e+01 0.000000000000000000e+00 0.000000000000000000e+00 1.497354357287008497e-01
1.179721875950276626e+03 -3.187012516463426437e+03 -9.452970250358660564e+01 0.000000000000000000e+00 0.000000000000000000e+00 1.626070733909301680e-01
1.559111648747727486e+03 -3.190028480489557751e+03 -1.025208513424548897e+02 0.000000000000000000e+00 0.000000000000000000e+00 -2.325477243013551742e-02
8.472522321305604009e+02 3.223716408891954870e+03 -8.817677609910249714e+01 0.000000000000000000e+00 0.000000000000000000e+00 -6.331904721406544923e-03
4.701647968819269181e+02 3.218563793549139518e+03 -8.424657713855825136e+01 0.000000000000000000e+00 0.000000000000000000e+00 1.240204738378736238e-02
6.165090950268692040e+02 3.070684140891512016e+03 -7.990134267918783451e+01 0.000000000000000000e+00 0.000000000000000000e+00 2.283943534209242898e-03
4.944212347799614236e+02 2.820264591983860100e+03 -7.003043896642930122e+01 0.000000000000000000e+00 0.000000000000000000e+00 -1.445210191522505738e-02
8.172564620282963688e+02 2.790693800219245077e+03 -7.225137989642068703e+01 0.000000000000000000e+00 0.000000000000000000e+00 -4.312235352770699137e-02
8.347063739273124838e+02 2.481393457137219229e+03 -6.263370907891389550e+01 0.000000000000000000e+00 0.000000000000000000e+00 -1.173470887401606433e-03
4.628026039485009164e+02 2.468830325827720571e+03 -5.855740376989923845e+01 0.000000000000000000e+00 0.000000000000000000e+00 1.778723796554260161e-02
6.406919143475324745e+02 2.306344151392660933e+03 -5.534299272846293860e+01 0.000000000000000000e+00 0.000000000000000000e+00 2.420245603509840748e-03
4.777435560069214375e+02 2.050874853997646369e+03 -4.712249741623375598e+01 0.000000000000000000e+00 0.000000000000000000e+00 2.104959521790306098e-02
8.447514313502729237e+02 2.032568054489764108e+03 -5.042216748411902927e+01 0.000000000000000000e+00 0.000000000000000000e+00 3.363597218772440556e-03
8.438929710534736159e+02 1.725973786463484657e+03 -4.332561843807768298e+01 0.000000000000000000e+00 0.000000000000000000e+00 1.775841553882884227e-02
4.650034935092201636e+02 1.703971319491689655e+03 -3.899165972086034060e+01 0.000000000000000000e+00 0.000000000000000000e+00 2.338379963617143176e-02
6.589844813478604237e+02 1.553260461749733167e+03 -3.765091610453609405e+01 0.000000000000000000e+00 0.000000000000000000e+00 2.852943536280605485e-02
4.697209653974884986e+02 1.306973150991845387e+03 -3.158573672614148364e+01 0.000000000000000000e+00 0.000000000000000000e+00 1.994583815614703326e-02
8.427299672928608061e+02 1.309415950897342555e+03 -3.547332784708731168e+01 0.000000000000000000e+00 0.000000000000000000e+00 1.206338464268696953e-02
4.872549744194746495e+02 9.639959715102771725e+02 -2.683139786710937003e+01 0.000000000000000000e+00 0.000000000000000000e+00 2.974488779351247558e-02
8.533065326273185747e+02 9.758169757992253608e+02 -3.085417092691186269e+01 0.000000000000000000e+00 0.000000000000000000e+00 -1.098774557484460956e-02
7.022604497953421969e+02 8.336544474911155476e+02 -2.738151601482780961e+01 0.000000000000000000e+00 0.000000000000000000e+00 3.642070809488373584e-02
5.207893053428067560e+02 5.883810528505262027e+02 -2.341801395803593522e+01 0.000000000000000000e+00 0.000000000000000000e+00 1.804633947644163072e-02
8.437847517917788309e+02 5.514946585558915331e+02 -2.665652363081531462e+01 0.000000000000000000e+00 0.000000000000000000e+00 5.253713693828743203e-02
8.691618107540399478e+02 2.206672603202152345e+02 -2.539600516159269006e+01 0.000000000000000000e+00 0.000000000000000000e+00 7.828562902209412755e-02
4.854332318225568201e+02 2.153943520093004622e+02 -2.123213459866923714e+01 0.000000000000000000e+00 0.000000000000000000e+00 7.405290136883024843e-02
6.733483280399804016e+02 4.657200738793873995e+01 -2.269459669709647898e+01 0.000000000000000000e+00 0.000000000000000000e+00 1.201044607681573950e-01
5.087368221460304767e+02 -2.027642214668735221e+02 -2.139194904438113554e+01 0.000000000000000000e+00 0.000000000000000000e+00 3.925674135419043864e-02
8.490492848946421418e+02 -1.932929227778088546e+02 -2.506921721251534763e+01 0.000000000000000000e+00 0.000000000000000000e+00 4.719354993186186675e-02
9.085883725196962359e+02 -5.016210401172697857e+02 -2.729719286194136174e+01 0.000000000000000000e+00 0.000000000000000000e+00 1.005378399020848690e-01
5.072479278594624930e+02 -5.303431290979924597e+02 -2.293105891377475203e+01 0.000000000000000000e+00 0.000000000000000000e+00 6.535381455067579282e-02
6.502343871554382986e+02 -6.784449575736704219e+02 -2.541743199605108217e+01 0.000000000000000000e+00 0.000000000000000000e+00 3.206274613674864327e-02
5.185684915688964338e+02 -9.431219302808192424e+02 -2.695582239130483515e+01 0.000000000000000000e+00 0.000000000000000000e+00 -1.500414922518089611e-02
8.668959089831528217e+02 -9.480737138514664366e+02 -3.088936282632431940e+01 0.000000000000000000e+00 0.000000000000000000e+00 -4.764935967801164907e-02
8.830736540899910096e+02 -1.190882905195132707e+03 -3.447119620151654118e+01 0.000000000000000000e+00 0.000000000000000000e+00 -5.772089860042228793e-02
5.281927437006452237e+02 -1.251838073515043561e+03 -3.141817476415361199e+01 0.000000000000000000e+00 0.000000000000000000e+00 5.604730662252777051e-02
6.831122103175624716e+02 -1.443590049151983976e+03 -3.626166977727916674e+01 0.000000000000000000e+00 0.000000000000000000e+00 -2.884357494404810041e-02
8.727932926729916971e+02 -1.711228417454489772e+03 -4.406012508758236379e+01 0.000000000000000000e+00 0.000000000000000000e+00 3.622187707525625910e-02
9.111169638771574455e+02 -1.971282037615090758e+03 -5.075077557927825467e+01 0.000000000000000000e+00 0.000000000000000000e+00 2.594773211118450718e-02
5.400815017627542147e+02 -2.008640559693769774e+03 -4.742534168807853945e+01 0.000000000000000000e+00 0.000000000000000000e+00 -6.073698852893016920e-02
6.650969611019336298e+02 -2.168948073079547157e+03 -5.291412748617031525e+01 0.000000000000000000e+00 0.000000000000000000e+00 5.888089382545302897e-02
5.231507798752741110e+02 -2.434780575391723232e+03 -5.939025466637696127e+01 0.000000000000000000e+00 0.000000000000000000e+00 -1.225351151799003446e-02
8.851724450658794012e+02 -2.769470086381177680e+03 -7.439952847917112422e+01 0.000000000000000000e+00 0.000000000000000000e+00 1.350964671760834790e-02
5.118455338178358716e+02 -2.774252536975768635e+03 -7.050090824627329766e+01 0.000000000000000000e+00 0.000000000000000000e+00 -2.630909975350448349e-02
6.716188996259131727e+02 -2.948190672793554768e+03 -7.822172562065000534e+01 0.000000000000000000e+00 0.000000000000000000e+00 -6.669825821431629720e-02
5.210739737061186361e+02 -3.195819990670727748e+03 -8.630801037116759744e+01 0.000000000000000000e+00 0.000000000000000000e+00 1.342241538378630139e-02
8.497401314471453588e+02 -3.184003140756288303e+03 -8.929804048831992702e+01 0.000000000000000000e+00 0.000000000000000000e+00 1.359394259134774074e-01
2.172295643215690006e+02 -3.218083869097695242e+03 -8.546853662447045963e+01 0.000000000000000000e+00 0.000000000000000000e+00 5.975607050091014116e-02
-1.553137572271320437e+02 -3.200512287705278140e+03 -8.459113836832133870e+01 0.000000000000000000e+00 0.000000000000000000e+00 1.316761960443102453e-02
1.361840579866694334e+01 -2.945521606639866150e+03 -7.462166933477929831e+01 0.000000000000000000e+00 0.000000000000000000e+00 9.681147636462128503e-02
-1.621003709744985031e+02 -2.791065110114701838e+03 -6.924867885552041002e+01 0.000000000000000000e+00 0.000000000000000000e+00 5.877180419328453809e-02
1.895316168112363471e+02 -2.791050817077447846e+03 -6.932361488784701464e+01 0.000000000000000000e+00 0.000000000000000000e+00 1.751211713448270757e-01
2.319716436179282368e+02 -2.442211511057655571e+03 -5.788536235555608300e+01 0.000000000000000000e+00 0.000000000000000000e+00 -9.861685335265946151e-02
-1.277785295872241420e+02 -2.445148689890614150e+03 -5.768071127197522685e+01 0.000000000000000000e+00 0.000000000000000000e+00 2.628053333840085770e-02
5.638543987824438375e+01 -2.185057274326008610e+03 -4.987702347740128062e+01 0.000000000000000000e+00 0.000000000000000000e+00 -6.768611290158332849e-02
-1.543779344187385050e+02 -2.039867757529237679e+03 -4.610391691678451309e+01 0.000000000000000000e+00 0.000000000000000000e+00 -8.515143259336355186e-02
1.939864804396968339e+02 -2.028682783061540931e+03 -4.592143902404384903e+01 0.000000000000000000e+00 0.000000000000000000e+00 -3.298017108259188035e-02
1.931902190425984145e+02 -1.698736620924403041e+03 -3.799766141980274625e+01 0.000000000000000000e+00 0.000000000000000000e+00 4.251868116469381675e-03
-1.577528223187996446e+02 -1.705291644297330095e+03 -3.804203510549373135e+01 0.000000000000000000e+00 0.000000000000000000e+00 -2.625671499939841169e-02
2.533447956150776648e+01 -1.459686911312166103e+03 -3.282643040634586384e+01 0.000000000000000000e+00 0.000000000000000000e+00 -4.299045188879802026e-02
2.129021236625835627e+02 -1.278417860387694191e+03 -2.997587516181408773e+01 0.000000000000000000e+00 0.000000000000000000e+00 -1.019331447199789409e-03
-1.621622837017260963e+02 -1.290880959908888599e+03 -3.002999829424358325e+01 0.000000000000000000e+00 0.000000000000000000e+00 -8.955254666613399195e-03
-1.466832435365071206e+02 -9.385469037521328346e+02 -2.491016584772298259e+01 0.000000000000000000e+00 0.000000000000000000e+00 -6.984284791202455267e-02
1.966691452663743007e+02 -9.477305790251594999e+02 -2.516035567132486861e+01 0.000000000000000000e+00 0.000000000000000000e+00 -1.698348837768293151e-02
2.532781585652168843e+01 -6.985919292967339516e+02 -2.220244734036777245e+01 0.000000000000000000e+00 0.000000000000000000e+00 -8.791164327625722308e-03
-1.781255118663780195e+02 -5.392616126828467031e+02 -2.117896422432623638e+01 0.000000000000000000e+00 0.000000000000000000e+00 -4.036995217965966276e-02
1.755598944418221663e+02 -5.308021395354186325e+02 -2.111323710634737338e+01 0.000000000000000000e+00 0.000000000000000000e+00 5.065986619644746725e-03
1.890336208461383762e+02 -2.048865254730609990e+02 -1.960687728067537705e+01 0.000000000000000000e+00 0.000000000000000000e+00 -1.837697465919774231e-03
-1.602466116066386235e+02 -1.858067579202222248e+02 -1.947813829104570971e+01 0.000000000000000000e+00 0.000000000000000000e+00 -2.633024466099342931e-02
3.223094977370817560e+01 6.865649437837672053e+01 -1.908855547388910878e+01 0.000000000000000000e+00 0.000000000000000000e+00 7.565936694253139194e-02
-1.458460302293628388e+02 2.143852309320276674e+02 -1.951458792976119128e+01 0.000000000000000000e+00 0.000000000000000000e+00 -2.939911341729839478e-02
1.728513797646995158e+02 2.120476370610273875e+02 -1.957709961776498631e+01 0.000000000000000000e+00 0.000000000000000000e+00 4.535086671010546411e-02
1.871652558899795054e+02 5.423645479503396700e+02 -2.120660747124651024e+01 0.000000000000000000e+00 0.000000000000000000e+00 5.086895029844029636e-02
-1.901504371597621343e+02 5.442875472087340540e+02 -2.122887523680634203e+01 0.000000000000000000e+00 0.000000000000000000e+00 3.173659121245009374e-03
-8.729852961872461847e-01 7.864078209946064817e+02 -2.298572536841851388e+01 0.000000000000000000e+00 0.000000000000000000e+00 4.289230193912985101e-02
-1.853858760917590871e+02 9.649493987077379415e+02 -2.523501748475102247e+01 0.000000000000000000e+00 0.000000000000000000e+00 1.874432454583541130e-02
1.711850091369502707e+02 9.620771399682072342e+02 -2.515997313895449139e+01 0.000000000000000000e+00 0.000000000000000000e+00 2.890695710103230454e-02
1.793486691855982258e+02 1.304435092805203340e+03 -3.006036399877461562e+01 0.000000000000000000e+00 0.000000000000000000e+00 1.070832784257902404e-04
-1.890214965248887324e+02 1.295996921879015190e+03 -2.995097256566874222e+01 0.000000000000000000e+00 0.000000000000000000e+00 1.410736101755105665e-02
-1.614349260148720822e+00 1.554853409701378268e+03 -3.428026720267962446e+01 0.000000000000000000e+00 0.000000000000000000e+00 1.468161758401009820e-02
-1.922806007739335996e+02 1.715323918084851584e+03 -3.783206567989918767e+01 0.000000000000000000e+00 0.000000000000000000e+00 -1.296411554808685196e-02
1.690251194623682522e+02 1.726422650634350020e+03 -3.800338636569117057e+01 0.000000000000000000e+00 0.000000000000000000e+00 -1.237655009360594249e-02
1.625341384619163705e+02 2.041314451326878725e+03 -4.531672226110406143e+01 0.000000000000000000e+00 0.000000000000000000e+00 4.610912132427813503e-03
-1.941546534636325987e+02 2.048533378697393346e+03 -4.558591946098977843e+01 0.000000000000000000e+00 0.000000000000000000e+00 -5.459542247947979376e-03
-7.292237495688734583e+00 2.285750890831573088e+03 -5.160197037255768748e+01 0.000000000000000000e+00 0.000000000000000000e+00 2.696682716209863884e-02
-1.972491136727196590e+02 2.466127841852339316e+03 -5.713036917972864615e+01 0.000000000000000000e+00 0.000000000000000000e+00 2.067285254983630693e-02
1.620794224233989098e+02 2.470821026395915851e+03 -5.717428637795693191e+01 0.000000000000000000e+00 0.000000000000000000e+00 5.385944573939127622e-02
1.646468019650565111e+02 2.779223250498657762e+03 -6.699084089414155585e+01 0.000000000000000000e+00 0.000000000000000000e+00 5.772767205515094702e-02
-1.968920057126823622e+02 2.799751263515212941e+03 -6.777041507902244177e+01 0.000000000000000000e+00 0.000000000000000000e+00 2.506172641106729770e-02
-1.375587317903134377e+01 3.040833307499780858e+03 -7.593869349714597661e+01 0.000000000000000000e+00 0.000000000000000000e+00 -1.010886065439819959e-02
-1.949197619775435442e+02 3.207519633178764252e+03 -8.244590743970205438e+01 0.000000000000000000e+00 0.000000000000000000e+00 2.350270413602117969e-02
1.727414954752003950e+02 3.210586171780396398e+03 -8.250175984793459349e+01 0.000000000000000000e+00 0.000000000000000000e+00 -2.888647248937559198e-04
-8.211384228250034312e+02 -3.142176301530214459e+03 -8.729536731969865571e+01 0.000000000000000000e+00 0.000000000000000000e+00 -1.435929956247150585e-02
-4.388404949800694226e+02 -3.139178277236260328e+03 -8.347321070019134481e+01 0.000000000000000000e+00 0.000000000000000000e+00 -8.650296646285937641e-02
-6.441152208950830982e+02 -2.949336130882195448e+03 -7.798345740818209038e+01 0.000000000000000000e+00 0.000000000000000000e+00 -2.545306649976453173e-02
-8.187631347943762421e+02 -2.798098879304227012e+03 -7.452010873908581345e+01 0.000000000000000000e+00 0.000000000000000000e+00 1.433033165231734074e-01
-4.434375960614725614e+02 -2.786131536794812291e+03 -7.040678151431595211e+01 0.000000000000000000e+00 0.000000000000000000e+00 5.642611327129998244e-02
-8.331613580056468891e+02 -2.455839962270328670e+03 -6.335531706785151584e+01 0.000000000000000000e+00 0.000000000000000000e+00 -8.568032996607399809e-02
-4.447592750374520278e+02 -2.456215628051061685e+03 -5.945907075316088708e+01 0.000000000000000000e+00 0.000000000000000000e+00 -4.980803949960943555e-02
-6.669862860125107318e+02 -2.153247765857558989e+03 -5.249993091098666298e+01 0.000000000000000000e+00 0.000000000000000000e+00 -2.500274712539152233e-02
-8.205502956265933108e+02 -2.037100471917838149e+03 -5.119622837494796386e+01 0.000000000000000000e+00 0.000000000000000000e+00 5.833950218648453756e-02
-4.850617469695399109e+02 -1.983110251120450584e+03 -4.632166896737113859e+01 0.000000000000000000e+00 0.000000000000000000e+00 -3.553313710924044244e-03
-8.400090636507364934e+02 -1.715598266454378063e+03 -4.370888265166123432e+01 0.000000000000000000e+00 0.000000000000000000e+00 -1.837443141361916332e-03
-4.603998995869857822e+02 -1.708876505856817857e+03 -3.961855293441495718e+01 0.000000000000000000e+00 0.000000000000000000e+00 -1.654003355755619964e-01
-6.426908739001015647e+02 -1.451396105463993308e+03 -3.597834482728318761e+01 0.000000000000000000e+00 0.000000000000000000e+00 5.998859184815330536e-02
-8.417831522963645057e+02 -1.241707224095645188e+03 -3.469932385514356099e+01 0.000000000000000000e+00 0.000000000000000000e+00 -4.005171439179378012e-02
-4.588062526381596058e+02 -1.227662493678787087e+03 -3.048066087278267844e+01 0.000000000000000000e+00 0.000000000000000000e+00 -1.337818234362586622e-02
-8.114668016648793127e+02 -9.591003574302927746e+02 -3.027959684670284446e+01 0.000000000000000000e+00 0.000000000000000000e+00 3.177292827068356473e-03
-4.648461594734343976e+02 -9.481291979479617567e+02 -2.659236115462691075e+01 0.000000000000000000e+00 0.000000000000000000e+00 3.640919038012313536e-02
-6.407353221483973584e+02 -7.013493809242291945e+02 -2.552325032631480184e+01 0.000000000000000000e+00 0.000000000000000000e+00 -6.454647886862119321e-03
-8.233602525939342058e+02 -5.479411512213146125e+02 -2.642927845920660346e+01 0.000000000000000000e+00 0.000000000000000000e+00 -2.756497901505383652e-02
-4.409332343328462116e+02 -5.217282631200848755e+02 -2.236720767892310491e+01 0.000000000000000000e+00 0.000000000000000000e+00 -1.828512093919698600e-02
-8.356763956129979078e+02 -2.115665048133432720e+02 -2.493722691174514239e+01 0.000000000000000000e+00 0.000000000000000000e+00 1.299701752529358600e-03
-4.714132917705075556e+02 -2.139066607280146570e+02 -2.112845891604633053e+01 0.000000000000000000e+00 0.000000000000000000e+00 1.433584760678030534e-02
-6.378610779179982728e+02 4.901646825701693189e+01 -2.232383647158028239e+01 0.000000000000000000e+00 0.000000000000000000e+00 -9.333540745023327645e-02
-8.287885106117247460e+02 2.059452116217931064e+02 -2.481012257449259195e+01 0.000000000000000000e+00 0.000000000000000000e+00 -4.922022569782313894e-02
-4.590595650267376300e+02 2.130801044171793990e+02 -2.102668275414792021e+01 0.000000000000000000e+00 0.000000000000000000e+00 -3.384494316919628432e-02
-8.384530544531972964e+02 5.541018232487537034e+02 -2.660342988435480649e+01 0.000000000000000000e+00 0.000000000000000000e+00 -1.088772562742192918e-01
-4.622661520113189226e+02 5.409914205728737215e+02 -2.262080907535141350e+01 0.000000000000000000e+00 0.000000000000000000e+00 -2.417959411035397466e-02
-6.685917872897949792e+02 7.973980832070658380e+02 -2.664347100466312668e+01 0.000000000000000000e+00 0.000000000000000000e+00 -2.644816666818883277e-02
-8.375621916659985118e+02 9.607334265666637521e+02 -3.046100532306889619e+01 0.000000000000000000e+00 0.000000000000000000e+00 -4.267383155345072510e-02
-4.823310257806654135e+02 9.673142148892344494e+02 -2.683395830411370753e+01 0.000000000000000000e+00 0.000000000000000000e+00 2.108131647364785977e-03
-8.339166703289379257e+02 1.282233820226372700e+03 -3.491853244928148570e+01 0.000000000000000000e+00 0.000000000000000000e+00 -2.759493357828546323e-03
-4.774404835816342256e+02 1.295032437038622447e+03 -3.144897257854285755e+01 0.000000000000000000e+00 0.000000000000000000e+00 -1.557465881467479107e-02
-6.455282147589265378e+02 1.544609603366494412e+03 -3.734713574511103218e+01 0.000000000000000000e+00 0.000000000000000000e+00 -4.878792345964910737e-02
-8.528297032871938654e+02 1.711339299285415791e+03 -4.313323947614721732e+01 0.000000000000000000e+00 0.000000000000000000e+00 -3.485067761050686386e-02
-4.599336732132696852e+02 1.718842622912699426e+03 -3.927045866279978270e+01 0.000000000000000000e+00 0.000000000000000000e+00 -3.324150019487603913e-02
-8.211583680164536645e+02 2.063700027874620901e+03 -5.089931127181841219e+01 0.000000000000000000e+00 0.000000000000000000e+00 -5.116040278792866047e-03
-4.742657072163925704e+02 2.047780920604502853e+03 -4.701891209412758599e+01 0.000000000000000000e+00 0.000000000000000000e+00 -2.584361622520958690e-02
-6.747855030351447567e+02 2.293066494888508714e+03 -5.531593626309327760e+01 0.000000000000000000e+00 0.000000000000000000e+00 -4.350053486010807546e-02
-8.394174932678824916e+02 2.505680372436962443e+03 -6.342754827118206151e+01 0.000000000000000000e+00 0.000000000000000000e+00 -3.574515247114362637e-02
-5.333573099616324953e+02 2.474348468655471152e+03 -5.926247872838077058e+01 0.000000000000000000e+00 0.000000000000000000e+00 -6.046943440188101704e-02
-8.891803519299534173e+02 2.791154563028648226e+03 -7.319889491354190625e+01 0.000000000000000000e+00 0.000000000000000000e+00 -1.754793602245285911e-02
-5.280814954919726461e+02 2.799674205619547138e+03 -6.959567355116269027e+01 0.000000000000000000e+00 0.000000000000000000e+00 -2.401383462073169994e-02
-7.154358216972666469e+02 3.054935223612651498e+03 -8.032005281249297468e+01 0.000000000000000000e+00 0.000000000000000000e+00 -1.213827374334641718e-02
-8.609530992841828265e+02 3.198767962459461160e+03 -8.740153653451275773e+01 0.000000000000000000e+00 0.000000000000000000e+00 -2.068338148983173141e-02
-5.473166874298264020e+02 3.232234422717958296e+03 -8.536148836549303098e+01 0.000000000000000000e+00 0.000000000000000000e+00 -4.353053867359335527e-02
-1.504762234995528388e+03 3.203106844238244321e+03 -9.896163989400852756e+01 0.000000000000000000e+00 0.000000000000000000e+00 -3.434048522947819038e-02
-1.174192992011708611e+03 3.202511207039497549e+03 -9.232337446704579520e+01 0.000000000000000000e+00 0.000000000000000000e+00 -2.028992608937585373e-02
-1.346312626129136788e+03 3.082392045363394118e+03 -9.110593025499616715e+01 0.000000000000000000e+00 0.000000000000000000e+00 -4.044011396609903386e-02
-1.555756593624505058e+03 2.850741942052581180e+03 -8.752161662147744892e+01 0.000000000000000000e+00 0.000000000000000000e+00 -2.188922664541337326e-02
-1.171599474898238441e+03 2.769515312299727157e+03 -7.689123667667311679e+01 0.000000000000000000e+00 0.000000000000000000e+00 -4.299231934299996283e-02
-1.183815346709625146e+03 2.522650245535596241e+03 -6.926386506357314943e+01 0.000000000000000000e+00 0.000000000000000000e+00 -2.205588978759465135e-02
-1.488058119149362483e+03 2.488434428575442780e+03 -7.441954484390453217e+01 0.000000000000000000e+00 0.000000000000000000e+00 1.831687130092518601e-03
-1.373850404602969775e+03 2.331675208094854952e+03 -6.738263622619751914e+01 0.000000000000000000e+00 0.000000000000000000e+00 -2.630256594419222438e-02
-1.489987636860960947e+03 2.058456097593483264e+03 -6.267542149104266258e+01 0.000000000000000000e+00 0.000000000000000000e+00 -3.703060622611786812e-02
-1.199519146433462311e+03 2.052051111399625370e+03 -5.650772898117136833e+01 0.000000000000000000e+00 0.000000000000000000e+00 -1.812022440728355832e-02
-1.158985519140491760e+03 1.780947280407869357e+03 -4.941563486722813536e+01 0.000000000000000000e+00 0.000000000000000000e+00 -2.720860861796836616e-02
-1.471016606953808832e+03 1.717665660926474629e+03 -5.441499324681667815e+01 0.000000000000000000e+00 0.000000000000000000e+00 3.049879994328819066e-02
-1.367465836764954474e+03 1.555842252125817367e+03 -4.889399249606266551e+01 0.000000000000000000e+00 0.000000000000000000e+00 -1.436799484216777500e-02
-1.171040966277256757e+03 1.339541531938211619e+03 -4.114842710383123148e+01 0.000000000000000000e+00 0.000000000000000000e+00 2.559151742417498099e-03
-1.491351132345758742e+03 1.331077969284399614e+03 -4.766347788493064996e+01 0.000000000000000000e+00 0.000000000000000000e+00 -1.210821799131167609e-02
-1.509245286368894540e+03 1.001962046473339001e+03 -4.335667012043704460e+01 0.000000000000000000e+00 0.000000000000000000e+00 -5.407336833548725963e-02
-1.153853947082840705e+03 9.584210631055634622e+02 -3.539912635448274614e+01 0.000000000000000000e+00 0.000000000000000000e+00 -4.446817138230585442e-02
-1.303638526957394333e+03 7.922675784400092880e+02 -3.648834518108121472e+01 0.000000000000000000e+00 0.000000000000000000e+00 -6.121804415400333710e-03
-1.458054570968987719e+03 5.357936208822229673e+02 -3.773927747202888128e+01 0.000000000000000000e+00 0.000000000000000000e+00 1.055333689059523294e-03
-1.136564246168490399e+03 5.327756895769121002e+02 -3.112791100690227353e+01 0.000000000000000000e+00 0.000000000000000000e+00 -4.481986058923581595e-02
-1.185544605756789679e+03 2.372287039824562669e+02 -3.061512022250496301e+01 0.000000000000000000e+00 0.000000000000000000e+00 -5.786271319260194446e-02
-1.516208787589295071e+03 2.536408399898987227e+02 -3.774045692303519672e+01 0.000000000000000000e+00 0.000000000000000000e+00 -5.187681525576692820e-02
-1.363907812606349808e+03 5.589042255698593209e+01 -3.390667059921867832e+01 0.000000000000000000e+00 0.000000000000000000e+00 -5.205379364794282537e-02
-1.154286373458194021e+03 -1.692524171695768018e+02 -2.989491003957116533e+01 0.000000000000000000e+00 0.000000000000000000e+00 -5.401231989268140410e-02
-1.498056941706597627e+03 -1.572009074208964137e+02 -3.711684799331754903e+01 0.000000000000000000e+00 0.000000000000000000e+00 -7.104836767455680047e-02
-1.148182216505669658e+03 -4.934626341522755411e+02 -3.118458454148760239e+01 0.000000000000000000e+00 0.000000000000000000e+00 -8.544423608768880740e-02
-1.520823416857733264e+03 -4.706352904456510942e+02 -3.895783696600582857e+01 0.000000000000000000e+00 0.000000000000000000e+00 -8.939994250211213966e-02
-1.378198278345518702e+03 -6.527364018227477800e+02 -3.699991862387635422e+01 0.000000000000000000e+00 0.000000000000000000e+00 -5.156022270597304669e-02
-1.212489708411620086e+03 -9.261019843677826202e+02 -3.636900582310072139e+01 0.000000000000000000e+00 0.000000000000000000e+00 -6.969678484775698735e-02
-1.485402595648427905e+03 -9.026786231238027085e+02 -4.195281280273069058e+01 0.000000000000000000e+00 0.000000000000000000e+00 -5.215921629708475393e-02
-1.161159694961142577e+03 -1.245898940641711306e+03 -3.987752743100535469e+01 0.000000000000000000e+00 0.000000000000000000e+00 4.939919635383205332e-03
-1.534668120738039988e+03 -1.237413159725660989e+03 -4.774366251839302322e+01 0.000000000000000000e+00 0.000000000000000000e+00 1.409344916714161400e-02
-1.298993246056771795e+03 -1.454745946012970762e+03 -4.620495259212238182e+01 0.000000000000000000e+00 0.000000000000000000e+00 -5.115498649195160397e-02
-1.462165878712640279e+03 -1.697650856750795583e+03 -5.467870185913615444e+01 0.000000000000000000e+00 0.000000000000000000e+00 1.504709964037971304e-01
-1.134127405438243159e+03 -1.718873030712884429e+03 -4.840031465612571537e+01 0.000000000000000000e+00 0.000000000000000000e+00 -5.425961707280180235e-02
-1.121920498433738430e+03 -1.981912894731533015e+03 -5.441437167814270026e+01 0.000000000000000000e+00 0.000000000000000000e+00 6.150676594307924461e-02
-1.517198337946076208e+03 -1.997453003159785794e+03 -6.302535920542601389e+01 0.000000000000000000e+00 0.000000000000000000e+00 1.733368337664131786e-02
-1.303617360156902578e+03 -2.156371051520566652e+03 -6.248689327047489428e+01 0.000000000000000000e+00 0.000000000000000000e+00 -5.907391050964605483e-02
-1.108482072644658047e+03 -2.411511250439578816e+03 -6.618277228695873760e+01 0.000000000000000000e+00 0.000000000000000000e+00 -5.007887077820782906e-02
-1.473666356535888099e+03 -2.414662054626340705e+03 -7.363974669855234367e+01 0.000000000000000000e+00 0.000000000000000000e+00 4.839549083207828062e-02
-1.088453734515150700e+03 -2.714726539802752086e+03 -7.563408949950118654e+01 0.000000000000000000e+00 0.000000000000000000e+00 -6.691964823473028900e-02
-1.515834791192866533e+03 -2.731253439665601491e+03 -8.480049987933749378e+01 0.000000000000000000e+00 0.000000000000000000e+00 4.819674883836455592e-02
-1.321432900763669522e+03 -2.935643277329392731e+03 -8.774859035006258523e+01 0.000000000000000000e+00 0.000000000000000000e+00 -2.455504085829431915e-01
-1.126832653745813786e+03 -3.156676977414489556e+03 -9.241685542026409905e+01 0.000000000000000000e+00 0.000000000000000000e+00 -1.057124480732909433e-01
-1.500142404810038215e+03 -3.153508747405525355e+03 -9.974664560696614046e+01 0.000000000000000000e+00 0.000000000000000000e+00 2.025762833174837851e-02
-2.156056472038932043e+03 -3.138650031498272710e+03 -1.171415872837278016e+02 0.000000000000000000e+00 0.000000000000000000e+00 1.261569954136092520e-01
-1.786547529135604691e+03 -3.165019693519095199e+03 -1.072797575996921324e+02 0.000000000000000000e+00 0.000000000000000000e+00 1.085452390331198558e-01
-2.013561788270080115e+03 -2.938951368318779714e+03 -1.053983649609766644e+02 0.000000000000000000e+00 0.000000000000000000e+00 -3.242073227092134857e-02
-2.145583330541331634e+03 -2.797229019380038608e+03 -1.045909363728934807e+02 0.000000000000000000e+00 0.000000000000000000e+00 -5.597170455257582944e-02
-1.773282526996312527e+03 -2.790451584184443618e+03 -9.330753691353638146e+01 0.000000000000000000e+00 0.000000000000000000e+00 -2.849250956515447797e-03
-2.168091874125981576e+03 -2.470227173999059687e+03 -9.478563157875890965e+01 0.000000000000000000e+00 0.000000000000000000e+00 4.138444870662283392e-03
-1.786325533293073022e+03 -2.475102537351179308e+03 -8.337805116578600462e+01 0.000000000000000000e+00 0.000000000000000000e+00 -4.340417205887092678e-02
-1.964211541187981766e+03 -2.213418304617436661e+03 -8.086595068626547800e+01 0.000000000000000000e+00 0.000000000000000000e+00 1.628780690192854763e-02
-2.158142523247610370e+03 -2.041633954541479852e+03 -8.246190624486443710e+01 0.000000000000000000e+00 0.000000000000000000e+00 5.894652165952152245e-02
-1.785514247478207380e+03 -2.035591001579396107e+03 -7.092608489031285046e+01 0.000000000000000000e+00 0.000000000000000000e+00 -3.875100599961456282e-02
-2.174292215397218115e+03 -1.727358695375886327e+03 -7.557537163600511576e+01 0.000000000000000000e+00 0.000000000000000000e+00 -2.039007832165395939e-02
-1.815398297768755583e+03 -1.722544479827170562e+03 -6.432150798170067674e+01 0.000000000000000000e+00 0.000000000000000000e+00 -4.728459650365834932e-02
-1.984528200427335833e+03 -1.457019175555105903e+03 -6.398661831146971224e+01 0.000000000000000000e+00 0.000000000000000000e+00 -7.138474346504608548e-03
-2.142199090817480737e+03 -1.285857658750348037e+03 -6.608289624269229989e+01 0.000000000000000000e+00 0.000000000000000000e+00 3.033183572946995810e-02
-1.807280806075928922e+03 -1.307153444727287479e+03 -5.607326932389375429e+01 0.000000000000000000e+00 0.000000000000000000e+00 -1.486243241014051364e-02
-2.175714617572069983e+03 -9.520892202026168434e+02 -6.244743324474057999e+01 0.000000000000000000e+00 0.000000000000000000e+00 -2.798141046628188633e-02
-1.837813936722095377e+03 -9.585591342821359149e+02 -5.188705836571286767e+01 0.000000000000000000e+00 0.000000000000000000e+00 2.391245129267360880e-03
-1.987321064229313606e+03 -7.038795565928222686e+02 -5.365935265214817207e+01 0.000000000000000000e+00 0.000000000000000000e+00 -8.273275706415006425e-03
-2.147331541807894155e+03 -5.395629569606174982e+02 -5.752194906528711016e+01 0.000000000000000000e+00 0.000000000000000000e+00 9.811001395974017214e-04
-1.794856043555561428e+03 -5.413099954520994288e+02 -4.661435812641871479e+01 0.000000000000000000e+00 0.000000000000000000e+00 9.235689245727485286e-03
-2.160432075690630882e+03 -2.150105447860552488e+02 -5.634290043553556870e+01 0.000000000000000000e+00 0.000000000000000000e+00 5.066136614345850830e-03
-1.804830089540426798e+03 -2.149594382939165769e+02 -4.527335049668111822e+01 0.000000000000000000e+00 0.000000000000000000e+00 1.759879192832158878e-03
-1.978041759812153032e+03 3.124520383878301288e+01 -5.008736121498242966e+01 0.000000000000000000e+00 0.000000000000000000e+00 -9.155274025895465684e-02
-2.154989880399756657e+03 1.993841233535861477e+02 -5.600709292535049855e+01 0.000000000000000000e+00 0.000000000000000000e+00 -1.947157654932141213e-03
-1.815297063199959439e+03 2.091176162546757951e+02 -4.547025193001711330e+01 0.000000000000000000e+00 0.000000000000000000e+00 -1.483837823973033210e-02
-2.154573814862656491e+03 5.472993240240199384e+02 -5.751499161978851049e+01 0.000000000000000000e+00 0.000000000000000000e+00 3.732162697959040543e-02
-1.820259834391519234e+03 5.385172752286488276e+02 -4.708827093958689858e+01 0.000000000000000000e+00 0.000000000000000000e+00 3.617277200557822425e-02
-1.988848411039635494e+03 7.931875186607528576e+02 -5.415786407293605720e+01 0.000000000000000000e+00 0.000000000000000000e+00 -6.706739880530676601e-02
-2.142042780329343259e+03 9.573161956811349000e+02 -6.080382832729577558e+01 0.000000000000000000e+00 0.000000000000000000e+00 -9.696818370315440916e-03
-1.820169259697667258e+03 9.573799872024958404e+02 -5.090410426226355156e+01 0.000000000000000000e+00 0.000000000000000000e+00 -5.910815470065244881e-02
-2.188898316106011862e+03 1.278201689629738439e+03 -6.669085796479029682e+01 0.000000000000000000e+00 0.000000000000000000e+00 2.831288390031261315e-02
-1.997527954918819205e+03 1.533752362401497066e+03 -6.486393327849856405e+01 0.000000000000000000e+00 0.000000000000000000e+00 2.049975546140103688e-02
-2.157974078236863079e+03 1.707893102928176859e+03 -7.337006064151003670e+01 0.000000000000000000e+00 0.000000000000000000e+00 -5.625851259129888149e-02
-1.833110939358831047e+03 1.713382371807507980e+03 -6.354942799141981169e+01 0.000000000000000000e+00 0.000000000000000000e+00 2.857134846657061189e-03
-2.178551798315826090e+03 2.037740618116747100e+03 -8.143565196586882848e+01 0.000000000000000000e+00 0.000000000000000000e+00 6.109947770987389504e-02
-1.826564733243726096e+03 2.019089949266812937e+03 -7.025335759892175247e+01 0.000000000000000000e+00 0.000000000000000000e+00 -8.158927579501096261e-03
-2.188438578800504729e+03 2.448886052918891437e+03 -9.270975868183552393e+01 0.000000000000000000e+00 0.000000000000000000e+00 -1.358319420158693447e-02
-1.836823302692654579e+03 2.448539925432290147e+03 -8.203257102601018858e+01 0.000000000000000000e+00 0.000000000000000000e+00 -1.286078522581135530e-02
-2.184661638894670432e+03 2.763131245340292935e+03 -1.022312741966599248e+02 0.000000000000000000e+00 0.000000000000000000e+00 2.112398111549396162e-02
-1.866185327024036724e+03 2.813197991212965917e+03 -9.423585227190064018e+01 0.000000000000000000e+00 0.000000000000000000e+00 -4.844139528952950968e-02
-2.006063238215694810e+03 3.009161435293436625e+03 -1.049873622413888370e+02 0.000000000000000000e+00 0.000000000000000000e+00 2.878365477339173140e-02
-2.175598883417907018e+03 3.193425619649919554e+03 -1.168978856256406971e+02 0.000000000000000000e+00 0.000000000000000000e+00 2.749522378105950793e-02
-1.880895113997885119e+03 3.209681953982902087e+03 -1.086722650297018049e+02 0.000000000000000000e+00 0.000000000000000000e+00 -6.855793084014294436e-03
-2.850658291893365458e+03 2.426998012027121604e+03 -1.169414726108051212e+02 0.000000000000000000e+00 0.000000000000000000e+00 2.345182703824377768e-02
-2.503108436305637042e+03 2.426489340707512383e+03 -1.031161593452396374e+02 0.000000000000000000e+00 0.000000000000000000e+00 3.217973712611410519e-02
-2.698016744246974213e+03 2.329967827770653003e+03 -1.079815516120931136e+02 0.000000000000000000e+00 0.000000000000000000e+00 8.903910926336777720e-02
-2.480477516408873271e+03 2.081808069945291663e+03 -9.313443847729755021e+01 0.000000000000000000e+00 0.000000000000000000e+00 6.204302888913559855e-02
-2.850643740146153959e+03 2.085554800590086870e+03 -1.079899360064207201e+02 0.000000000000000000e+00 0.000000000000000000e+00 4.186945064691371954e-02
-2.516765026599687189e+03 1.757652443410426031e+03 -8.714429192027097315e+01 0.000000000000000000e+00 0.000000000000000000e+00 5.124446023873474587e-02
-2.833543309941833741e+03 1.752354149838768308e+03 -9.979582172383919669e+01 0.000000000000000000e+00 0.000000000000000000e+00 9.692282477818991993e-02
-2.678607337513586117e+03 1.585676813759487686e+03 -9.010125432980461824e+01 0.000000000000000000e+00 0.000000000000000000e+00 -2.331313258110867537e-03
-2.475810382055378341e+03 1.344408553457127709e+03 -7.797975262965638876e+01 0.000000000000000000e+00 0.000000000000000000e+00 4.120351320717929866e-02
-2.840566548473600960e+03 1.338138985792823178e+03 -9.259354838195289972e+01 0.000000000000000000e+00 0.000000000000000000e+00 6.211041863680577535e-02
-2.846314532390973454e+03 9.730026353866530826e+02 -8.789851034269429420e+01 0.000000000000000000e+00 0.000000000000000000e+00 7.227418493300774571e-04
-2.570866201165049006e+03 9.666065103896486335e+02 -7.645872319126127081e+01 0.000000000000000000e+00 0.000000000000000000e+00 -4.977117163448951942e-03
-2.621980969849982102e+03 8.088723240338307505e+02 -7.683696402643842305e+01 0.000000000000000000e+00 0.000000000000000000e+00 1.908048163869580094e-02
-2.484612732834316375e+03 5.916017423357416192e+02 -6.966204666879538365e+01 0.000000000000000000e+00 0.000000000000000000e+00 9.642880139665521710e-03
-2.822877220884395228e+03 5.816761985053110493e+02 -8.335395723783769029e+01 0.000000000000000000e+00 0.000000000000000000e+00 1.076737678488370875e-02
-2.530601223420405859e+03 2.430500259866443855e+02 -6.976753957617681579e+01 0.000000000000000000e+00 0.000000000000000000e+00 -9.586456157109068954e-04
-2.862343518883729757e+03 2.544136289579555523e+02 -8.353023495267188991e+01 0.000000000000000000e+00 0.000000000000000000e+00 3.157053876869042597e-02
-2.692520123197744851e+03 8.920890854022316319e+01 -7.602117553231931879e+01 0.000000000000000000e+00 0.000000000000000000e+00 5.136995116657772087e-03
-2.495801859388519460e+03 -1.489769273009628421e+02 -6.832097146228772999e+01 0.000000000000000000e+00 0.000000000000000000e+00 2.568182943298324972e-02
-2.844651556266419448e+03 -2.246438611003721064e+02 -8.286333133064276524e+01 0.000000000000000000e+00 0.000000000000000000e+00 1.615278457045121741e-02
-2.469773698936559867e+03 -4.808796825485477484e+02 -6.872570213703116337e+01 0.000000000000000000e+00 0.000000000000000000e+00 4.915079741547856429e-02
-2.821812487154384598e+03 -5.155528270515909526e+02 -8.330529468280140293e+01 0.000000000000000000e+00 0.000000000000000000e+00 3.400151036730392207e-02
-2.645640595391002080e+03 -6.640537509816340389e+02 -7.703864398548196846e+01 0.000000000000000000e+00 0.000000000000000000e+00 3.966569073753589691e-03
-2.800079253121279180e+03 -9.470265156522989400e+02 -8.640198283396840395e+01 0.000000000000000000e+00 0.000000000000000000e+00 1.075676374519218825e-02
-2.507880537562115933e+03 -9.578584099059773962e+02 -7.460636090497966677e+01 0.000000000000000000e+00 0.000000000000000000e+00 9.129296833918942866e-03
-2.523098954905994106e+03 -1.256693864436638023e+03 -7.938928592918048821e+01 0.000000000000000000e+00 0.000000000000000000e+00 1.497728882185356269e-02
-2.829004850134933349e+03 -1.234130971058874820e+03 -9.158158900174863959e+01 0.000000000000000000e+00 0.000000000000000000e+00 6.621670743042784579e-02
-2.681397869492318023e+03 -1.399982271949403867e+03 -8.810457507843707958e+01 0.000000000000000000e+00 0.000000000000000000e+00 5.946341783270270298e-02
-2.510870206049348781e+03 -1.673618395325858273e+03 -8.657915435282447447e+01 0.000000000000000000e+00 0.000000000000000000e+00 -5.827398228545632719e-02
-2.828716477788724205e+03 -1.740113410415323187e+03 -1.009019046238501858e+02 0.000000000000000000e+00 0.000000000000000000e+00 -3.566313984441649154e-02
-2.816123067077223823e+03 -2.006281677404223956e+03 -1.064778175218847878e+02 0.000000000000000000e+00 0.000000000000000000e+00 -3.601288016021442218e-02
-2.473471672566317466e+03 -1.999404563365599188e+03 -9.259090351871988389e+01 0.000000000000000000e+00 0.000000000000000000e+00 -8.690713958458218258e-02
-2.622439552077539247e+03 -2.165282262092562632e+03 -1.026002181353442069e+02 0.000000000000000000e+00 0.000000000000000000e+00 1.334569724166527749e-01
-2.831119889486072225e+03 -2.460241524605314225e+03 -1.193687660737433305e+02 0.000000000000000000e+00 0.000000000000000000e+00 -1.094234212041698129e-01
