# x y z x_res y_res z_res
2.851239743616499254e+03 2.491348237070722917e+03 -1.187981312895093140e+02 0.000000000000000000e+00 0.000000000000000000e+00 5.901980691498920351e-02
2.474399097871572849e+03 2.488415561523915130e+03 -1.038336812045834563e+02 0.000000000000000000e+00 0.000000000000000000e+00 -2.817396419573015010e-02
2.629512140437323069e+03 2.345334536249725261e+03 -1.056851736893084706e+02 0.000000000000000000e+00 0.000000000000000000e+00 1.891578515323004694e-01
2.484074863877325697e+03 2.067045459926056992e+03 -9.290731898095849317e+01 0.000000000000000000e+00 0.000000000000000000e+00 -2.410459474464232699e-02
2.856436032616868488e+03 2.071319721759862659e+03 -1.078912463921084282e+02 0.000000000000000000e+00 0.000000000000000000e+00 -2.242367346201490363e-02
2.859204982657629898e+03 1.733020526622743319e+03 -1.004963037052347232e+02 0.000000000000000000e+00 0.000000000000000000e+00 1.484602108959620637e-03
2.479267662102102804e+03 1.732500359781883617e+03 -8.520618485609966797e+01 0.000000000000000000e+00 0.000000000000000000e+00 7.364317710752743551e-03
2.667095835157228521e+03 1.564243115869224539e+03 -8.923805419400514438e+01 0.000000000000000000e+00 0.000000000000000000e+00 1.002124107074564563e-03
2.481700268125882303e+03 1.315276718154753780e+03 -7.774138879248549472e+01 0.000000000000000000e+00 0.000000000000000000e+00 -1.709476702988865782e-02
2.860786408485395896e+03 1.317678053662940783e+03 -9.314499430853565798e+01 0.000000000000000000e+00 0.000000000000000000e+00 -5.883967436489001557e-03
2.853916290406692042e+03 9.851843236277408096e+02 -8.836647771160926368e+01 0.000000000000000000e+00 0.000000000000000000e+00 -2.412653558778288243e-03
2.492304963921409581e+03 9.851339289560071393e+02 -7.362723324542322700e+01 0.000000000000000000e+00 0.000000000000000000e+00 -1.458645626915711091e-02
2.637220211153950913e+03 8.405174266016790625e+02 -7.775719123582010184e+01 0.000000000000000000e+00 0.000000000000000000e+00 -5.494388870390309876e-02
2.493572977640656973e+03 5.630950386256308775e+02 -6.981282497579424273e+01 0.000000000000000000e+00 0.000000000000000000e+00 -6.867938948279572742e-02
2.869300156908709596e+03 5.677138702912138797e+02 -8.527531983344270827e+01 0.000000000000000000e+00 0.000000000000000000e+00 -3.420898457480348043e-02
2.859861739515467434e+03 2.383715465267326294e+02 -8.338005566542780400e+01 0.000000000000000000e+00 0.000000000000000000e+00 2.214214723871066326e-02
2.486897731509027835e+03 2.291648165799941239e+02 -6.803842285197484330e+01 0.000000000000000000e+00 0.000000000000000000e+00 -2.499667725233223337e-02
2.643055378662180829e+03 8.620919245706883771e+01 -7.398906925462739537e+01 0.000000000000000000e+00 0.000000000000000000e+00 1.691135084210770856e-02
2.499455033553329486e+03 -1.782617394605597383e+02 -6.853137421920803263e+01 0.000000000000000000e+00 0.000000000000000000e+00 -3.942273997427037102e-02
2.868031830768883083e+03 -1.821602195125248613e+02 -8.376246948316072860e+01 0.000000000000000000e+00 0.000000000000000000e+00 7.154623458831110838e-03
2.869724576124317991e+03 -4.578899183511596220e+02 -8.502582432078133934e+01 0.000000000000000000e+00 0.000000000000000000e+00 -2.501271876437272113e-02
2.501701843784800531e+03 -5.101940381320833922e+02 -7.014536567665157918e+01 0.000000000000000000e+00 0.000000000000000000e+00 2.982540571153435849e-03
2.653681380458718195e+03 -6.569013049510643896e+02 -7.730606392232679980e+01 0.000000000000000000e+00 0.000000000000000000e+00 -9.785266260664116089e-03
2.522341415710802721e+03 -9.195321348358594378e+02 -7.471029783062704155e+01 0.000000000000000000e+00 0.000000000000000000e+00 1.196522514493381095e-02
2.855080968917689916e+03 -9.200288248644044415e+02 -8.846028589656268082e+01 0.000000000000000000e+00 0.000000000000000000e+00 -4.727733395519351234e-02
2.851780797976884514e+03 -1.258805197495760240e+03 -9.295114697980116603e+01 0.000000000000000000e+00 0.000000000000000000e+00 1.034938273954821852e-02
2.515222516428411382e+03 -1.263237222402067800e+03 -7.918746397064322196e+01 0.000000000000000000e+00 0.000000000000000000e+00 4.874303228474730076e-02
2.652232321232526374e+03 -1.395246412196076790e+03 -8.683148053117113818e+01 0.000000000000000000e+00 0.000000000000000000e+00 -3.369926968247227705e-03
2.507888013205747939e+03 -1.681396681939116661e+03 -8.662729943243441255e+01 0.000000000000000000e+00 0.000000000000000000e+00 9.306248339285616566e-03
2.887960213066407050e+03 -1.672855117508579724e+03 -1.020468720872152346e+02 0.000000000000000000e+00 0.000000000000000000e+00 2.053428379591082376e-02
2.872357664778905018e+03 -1.949808654765017764e+03 -1.075169451889551482e+02 0.000000000000000000e+00 0.000000000000000000e+00 1.259740212279325533e-02
2.506368412320793595e+03 -1.954544170069765642e+03 -9.274153365588230713e+01 0.000000000000000000e+00 0.000000000000000000e+00 -8.882195746602405961e-02
2.658776362430197423e+03 -2.154821045014184620e+03 -1.037707851113215725e+02 0.000000000000000000e+00 0.000000000000000000e+00 1.377738576060494324e-02
2.516099815756139378e+03 -2.374557158530317793e+03 -1.042852956935620057e+02 0.000000000000000000e+00 0.000000000000000000e+00 -4.066934578840175618e-02
2.848385936784449768e+03 -2.393048228112445031e+03 -1.181404140903322855e+02 0.000000000000000000e+00 0.000000000000000000e+00 2.775465705981616793e-02
2.246811638708660666e+03 -3.174480823276950105e+03 -1.214416446309895292e+02 0.000000000000000000e+00 0.000000000000000000e+00 -1.376070990032332020e-01
1.859824742701252035e+03 -3.186109194698817646e+03 -1.100886556752818706e+02 0.000000000000000000e+00 0.000000000000000000e+00 -6.245848326642544635e-02
2.033250906936379124e+03 -2.930018632127876117e+03 -1.056792182672466254e+02 0.000000000000000000e+00 0.000000000000000000e+00 -5.296461224934034817e-02
1.851986311779293374e+03 -2.768078679895694222e+03 -9.471552617835831711e+01 0.000000000000000000e+00 0.000000000000000000e+00 -8.167994690404611902e-02
2.224715510165886826e+03 -2.764436780834188085e+03 -1.060837479819746250e+02 0.000000000000000000e+00 0.000000000000000000e+00 2.415296884444728676e-02
2.219045375493114989e+03 -2.427634547947961892e+03 -9.520171127656794852e+01 0.000000000000000000e+00 0.000000000000000000e+00 -2.376855638297570295e-02
1.847035636358464672e+03 -2.437225505988872101e+03 -8.391749578998758352e+01 0.000000000000000000e+00 0.000000000000000000e+00 -2.900748651879325735e-02
2.023985721479506992e+03 -2.189822735424300390e+03 -8.205534859233888767e+01 0.000000000000000000e+00 0.000000000000000000e+00 -1.143328019070963819e-01
1.833288137072790505e+03 -2.020772866638995538e+03 -7.189285240840277424e+01 0.000000000000000000e+00 0.000000000000000000e+00 -7.062591765739512084e-02
2.209869753018763731e+03 -2.009761898752910383e+03 -8.339480262340606487e+01 0.000000000000000000e+00 0.000000000000000000e+00 -1.214990574366936471e-02
2.214358319502716768e+03 -1.695215734523664423e+03 -7.624449314308274950e+01 0.000000000000000000e+00 0.000000000000000000e+00 -1.098509579238253764e-01
1.835772386580943476e+03 -1.685660971038839762e+03 -6.410570863024611299e+01 0.000000000000000000e+00 0.000000000000000000e+00 -6.414465073106612181e-02
2.019022723868463800e+03 -1.437583189299177548e+03 -6.470848327279085765e+01 0.000000000000000000e+00 0.000000000000000000e+00 2.336705916610526401e-02
1.829550447233553768e+03 -1.273992389783914632e+03 -5.616307522469665514e+01 0.000000000000000000e+00 0.000000000000000000e+00 -1.590972949888680432e-02
2.211749532210809321e+03 -1.263138906478532590e+03 -6.807427184980841162e+01 0.000000000000000000e+00 0.000000000000000000e+00 -1.744153517222457594e-04
2.203065153662329976e+03 -9.336113159548485783e+02 -6.315938363345063067e+01 0.000000000000000000e+00 0.000000000000000000e+00 -3.140236784138039638e-02
1.828685767899187567e+03 -9.340805293669700404e+02 -5.132536273646221048e+01 0.000000000000000000e+00 0.000000000000000000e+00 -1.418002018610309278e-02
2.008247476941671948e+03 -6.818612105459078521e+02 -5.411882679383739969e+01 0.000000000000000000e+00 0.000000000000000000e+00 -1.877594504546209464e-02
1.824264484335855741e+03 -5.234602882279976939e+02 -4.733038011554624802e+01 0.000000000000000000e+00 0.000000000000000000e+00 -4.896789210039997897e-02
2.201190530833839603e+03 -5.091868862950594803e+02 -5.914548776361047544e+01 0.000000000000000000e+00 0.000000000000000000e+00 -4.418918579563779758e-02
2.197541467133710285e+03 -1.890690213700317202e+02 -5.753381289228526896e+01 0.000000000000000000e+00 0.000000000000000000e+00 -9.840655813235343885e-03
1.821617695031817902e+03 -1.897680213723357099e+02 -4.568379928597317985e+01 0.000000000000000000e+00 0.000000000000000000e+00 -3.791301703518712429e-02
1.997658737811153969e+03 6.016553192694886576e+01 -5.070856032537480473e+01 0.000000000000000000e+00 0.000000000000000000e+00 -4.031627857712294372e-02
1.811901518681781454e+03 2.248953640937584169e+02 -4.541329437366374577e+01 0.000000000000000000e+00 0.000000000000000000e+00 -3.791070380644612214e-02
2.188154019963703377e+03 2.325127280555857396e+02 -5.720999868791085419e+01 0.000000000000000000e+00 0.000000000000000000e+00 -2.354231559245079097e-02
2.191234879709348661e+03 5.638708920598741088e+02 -5.886259556575460294e+01 0.000000000000000000e+00 0.000000000000000000e+00 9.009962276870453479e-03
1.813877266210939524e+03 5.623414563288199588e+02 -4.706576476573670220e+01 0.000000000000000000e+00 0.000000000000000000e+00 -2.630491733796702647e-02
1.999885199676518369e+03 8.147298660848251757e+02 -5.471009047675525494e+01 0.000000000000000000e+00 0.000000000000000000e+00 4.562544020309644566e-03
1.813355792944192672e+03 9.826873187986143421e+02 -5.101097737801234189e+01 0.000000000000000000e+00 0.000000000000000000e+00 -2.027601222869179765e-02
2.189680514474316624e+03 9.904357141040561601e+02 -6.278755448578951359e+01 0.000000000000000000e+00 0.000000000000000000e+00 -3.357979802240151912e-02
2.183247532462130948e+03 1.313224512228590811e+03 -6.704704365122273657e+01 0.000000000000000000e+00 0.000000000000000000e+00 2.628453918077866547e-03
1.810984161174504152e+03 1.316708067314428718e+03 -5.562865179967153040e+01 0.000000000000000000e+00 0.000000000000000000e+00 -1.993075307471769975e-02
1.987344056967631332e+03 1.563637246208274746e+03 -6.511112999367396981e+01 0.000000000000000000e+00 0.000000000000000000e+00 -1.697467850212319718e-02
1.802855347434948044e+03 1.733178177339917738e+03 -6.311682577134301653e+01 0.000000000000000000e+00 0.000000000000000000e+00 -1.658652261374982118e-02
2.181203824282646110e+03 1.743566363884348903e+03 -7.487721874558565105e+01 0.000000000000000000e+00 0.000000000000000000e+00 9.042005104149097860e-03
2.171307828201853226e+03 2.066843573628362265e+03 -8.190870208145386755e+01 0.000000000000000000e+00 0.000000000000000000e+00 -3.651323230542402598e-04
1.801708820798438865e+03 2.059837300935958865e+03 -7.056493948611392852e+01 0.000000000000000000e+00 0.000000000000000000e+00 2.814371903923529317e-03
1.979463043915554863e+03 2.311600724461848131e+03 -8.226499264325522631e+01 0.000000000000000000e+00 0.000000000000000000e+00 -1.822334426677230113e-03
1.802097901738344945e+03 2.475765576061895445e+03 -8.187626225291850801e+01 0.000000000000000000e+00 0.000000000000000000e+00 2.051536776141915652e-02
2.171787524153384766e+03 2.484278207714751261e+03 -9.319630339641825856e+01 0.000000000000000000e+00 0.000000000000000000e+00 -3.249700935768373711e-03
2.171432713873418379e+03 2.808697482204531752e+03 -1.032912526693731508e+02 0.000000000000000000e+00 0.000000000000000000e+00 -1.615769686766554969e-02
1.797090786416599485e+03 2.814172213849978107e+03 -9.237121106798913672e+01 0.000000000000000000e+00 0.000000000000000000e+00 -1.664891339774499102e-02
1.980976291771452907e+03 3.062309233925507669e+03 -1.061337219628082664e+02 0.000000000000000000e+00 0.000000000000000000e+00 6.618794605088851313e-04
1.801206522452344416e+03 3.235582800700477037e+03 -1.074736668952543965e+02 0.000000000000000000e+00 0.000000000000000000e+00 -1.101574329997845325e-02
2.168559071248000237e+03 3.236657957441009785e+03 -1.182857424573975180e+02 0.000000000000000000e+00 0.000000000000000000e+00 1.701850594187703791e-03
1.507906979122944449e+03 3.229900194101015131e+03 -1.000462090945726459e+02 0.000000000000000000e+00 0.000000000000000000e+00 3.883345413700567406e-02
1.118492121117747956e+03 3.224631283835160048e+03 -9.220827234167506958e+01 0.000000000000000000e+00 0.000000000000000000e+00 -2.259909112184743663e-02
1.282946617298944147e+03 3.074688655401698725e+03 -8.957542560924426311e+01 0.000000000000000000e+00 0.000000000000000000e+00 -3.797780062306799209e-02
1.134314891228385932e+03 2.803541221206359296e+03 -7.737511872477730890e+01 0.000000000000000000e+00 0.000000000000000000e+00 2.286281716777693873e-03
1.493467887901566655e+03 2.802914021103115829e+03 -8.448422944984690730e+01 0.000000000000000000e+00 0.000000000000000000e+00 -1.486172149864728453e-02
1.511986289404292393e+03 2.477777362889076358e+03 -7.464750153373424268e+01 0.000000000000000000e+00 0.000000000000000000e+00 -1.520288355025911642e-02
1.134777835611940418e+03 2.473964728626768647e+03 -6.692944824063887665e+01 0.000000000000000000e+00 0.000000000000000000e+00 1.870018732803657713e-02
1.309471482893051416e+03 2.306480616540116898e+03 -6.535611513136583994e+01 0.000000000000000000e+00 0.000000000000000000e+00 -2.684689501518278121e-02
1.141683065379553000e+03 2.043125215867605675e+03 -5.524106501206613729e+01 0.000000000000000000e+00 0.000000000000000000e+00 -1.737192526761077715e-02
1.517444634733735484e+03 2.052975872702771085e+03 -6.317257414075750432e+01 0.000000000000000000e+00 0.000000000000000000e+00 -1.171909973577811570e-02
1.515558501730703028e+03 1.726749479933855127e+03 -5.563411500380033203e+01 0.000000000000000000e+00 0.000000000000000000e+00 4.603729468167472305e-02
1.142695459234925465e+03 1.720628927328863710e+03 -4.782793844221136226e+01 0.000000000000000000e+00 0.000000000000000000e+00 1.579663316953627827e-02
1.323627811913090000e+03 1.558418955948623079e+03 -4.802655997701522494e+01 0.000000000000000000e+00 0.000000000000000000e+00 -4.929987246077871532e-02
1.145280578082022657e+03 1.305868991799501146e+03 -4.013015978693351826e+01 0.000000000000000000e+00 0.000000000000000000e+00 6.134243697538721563e-02
1.517244978421817223e+03 1.300242320333215730e+03 -4.777168200165749568e+01 0.000000000000000000e+00 0.000000000000000000e+00 4.627456960108844441e-02
1.520029842215288227e+03 9.827014539177054075e+02 -4.337677375034756011e+01 0.000000000000000000e+00 0.000000000000000000e+00 7.350867443714292904e-02
1.149273659233352419e+03 9.713597357854108623e+02 -3.547154467408419976e+01 0.000000000000000000e+00 0.000000000000000000e+00 -1.630662015692507794e-02
1.332755148420653541e+03 8.043441407929627758e+02 -3.721239259664362464e+01 0.000000000000000000e+00 0.000000000000000000e+00 1.120834170930038454e-01
1.151154710555726297e+03 5.508885523954046448e+02 -3.151469708242793288e+01 0.000000000000000000e+00 0.000000000000000000e+00 9.479675598242920387e-02
1.538503032677396050e+03 5.579804029634269682e+02 -3.978776286487067892e+01 0.000000000000000000e+00 0.000000000000000000e+00 6.079783956899831310e-02
1.539742292001934629e+03 2.265410165310604498e+02 -3.823046388302756782e+01 0.000000000000000000e+00 0.000000000000000000e+00 -3.506287372075433950e-02
1.165762255606260624e+03 2.188728501705464851e+02 -3.019418369999051777e+01 0.000000000000000000e+00 0.000000000000000000e+00 4.022154555404711118e-02
1.339581155041204056e+03 5.982614702076777036e+01 -3.338721496226050078e+01 0.000000000000000000e+00 0.000000000000000000e+00 6.874427982367592449e-02
1.159330142904395188e+03 -1.968507799234274671e+02 -3.005484359701354435e+01 0.000000000000000000e+00 0.000000000000000000e+00 1.600067252864079137e-02
1.533104917978771482e+03 -2.055535194898204452e+02 -3.807731892595236900e+01 0.000000000000000000e+00 0.000000000000000000e+00 1.055685557884373793e-01
1.544219341439043546e+03 -4.595213197664037352e+02 -3.945937632191733258e+01 0.000000000000000000e+00 0.000000000000000000e+00 3.739553267110551360e-02
1.171221463896831892e+03 -4.629167957660263255e+02 -3.142150152313823952e+01 0.000000000000000000e+00 0.000000000000000000e+00 7.064480235899850413e-02
1.392063014064613981e+03 -6.455281667557710534e+02 -3.724492617914456360e+01 0.000000000000000000e+00 0.000000000000000000e+00 7.629021428274285199e-02
1.544046902496754228e+03 -9.507967753718925223e+02 -4.393776257587917655e+01 0.000000000000000000e+00 0.000000000000000000e+00 8.780825791174606820e-02
1.163473348309033099e+03 -1.287194934269419491e+03 -4.059438875475670727e+01 0.000000000000000000e+00 0.000000000000000000e+00 1.070041417671205863e-01
1.541300780368555479e+03 -1.278042183659120610e+03 -4.856146928340828595e+01 0.000000000000000000e+00 0.000000000000000000e+00 8.950593158918707104e-02
1.356823664746021223e+03 -1.442747759944781592e+03 -4.720085817227415248e+01 0.000000000000000000e+00 0.000000000000000000e+00 6.298288919533945318e-02
1.167582137504427919e+03 -1.696225759727151853e+03 -4.851548048073834707e+01 0.000000000000000000e+00 0.000000000000000000e+00 6.765961287618438291e-02
1.545179015016205767e+03 -1.697237704612296284e+03 -5.663882288223976502e+01 0.000000000000000000e+00 0.000000000000000000e+00 1.108581506276493656e-01
1.550809001304286994e+03 -2.014917158589383462e+03 -6.427859814480953560e+01 0.000000000000000000e+00 0.000000000000000000e+00 5.091121886422911302e-02
1.171492842031253758e+03 -2.026539070502734603e+03 -5.645477202844841003e+01 0.000000000000000000e+00 0.000000000000000000e+00 -2.257428017467333348e-02
1.353137555867451965e+03 -2.193170397291597965e+03 -6.453495012534328623e+01 0.000000000000000000e+00 0.000000000000000000e+00 1.018051821998540163e-01
1.173178043074445668e+03 -2.441307661644270411e+03 -6.825260156592457861e+01 0.000000000000000000e+00 0.000000000000000000e+00 7.776132631632037828e-02
1.553219616809922172e+03 -2.442743026131736769e+03 -7.636655977644117854e+01 0.000000000000000000e+00 0.000000000000000000e+00 3.945847171992511448e-02
1.554593397413105322e+03 -2.767737460540524808e+03 -8.696044400563054921e+01 0.000000000000000000e+00 0.000000000000000000e+00 -4.722536222644180270e-03
1.162762077665952575e+03 -2.768648397467579798e+03 -7.878313859830748811e+01 0.000000000000000000e+00 0.000000000000000000e+00 1.973201155049650879e-01
1.365931276476886069e+03 -2.943333411348925893e+03 -8.894501383598364441e+01 0.000000000000000000e+00 0.000000000000000000e+00 1.143306282759510850e-01
1.179178728635833295e+03 -3.187124524493937315e+03 -9.452433201825917308e+01 0.000000000000000000e+00 0.000000000000000000e+00 7.567437099980622861e-02
1.558203144007158016e+03 -3.191076106178764348e+03 -1.025401467566377107e+02 0.000000000000000000e+00 0.000000000000000000e+00 1.077993218182911050e-01
8.481828543387338186e+02 3.223536558803866683e+03 -8.818173804261353155e+01 0.000000000000000000e+00 0.000000000000000000e+00 7.994271499555338778e-03
4.711148469805983154e+02 3.218494898334258323e+03 -8.425066622635462465e+01 0.000000000000000000e+00 0.000000000000000000e+00 9.676424404005956603e-03
6.173264483697671494e+02 3.070738150885850700e+03 -7.991093659213242972e+01 0.000000000000000000e+00 0.000000000000000000e+00 7.813698943834879174e-03
4.946389655686218703e+02 2.820492244202707298e+03 -7.003980546623748182e+01 0.000000000000000000e+00 0.000000000000000000e+00 -2.640986932681244070e-02
8.180742020018542462e+02 2.790510630049161136e+03 -7.225539597721714813e+01 0.000000000000000000e+00 0.000000000000000000e+00 -2.913028242045356819e-02
8.352480311510931870e+02 2.481594908814965038e+03 -6.264669040264151789e+01 0.000000000000000000e+00 0.000000000000000000e+00 -1.444393837618207499e-02
4.635456891774690575e+02 2.468775933841428014e+03 -5.856105468568584627e+01 0.000000000000000000e+00 0.000000000000000000e+00 1.440059596068721248e-02
6.416794483825369753e+02 2.306184510518160550e+03 -5.534825246442576940e+01 0.000000000000000000e+00 0.000000000000000000e+00 -1.220885775466484802e-02
4.785575841010552267e+02 2.050797615324372146e+03 -4.712658439648782860e+01 0.000000000000000000e+00 0.000000000000000000e+00 1.652056519662181699e-02
8.454365967045299612e+02 2.032288154192473939e+03 -5.042415536658006658e+01 0.000000000000000000e+00 0.000000000000000000e+00 -2.609718452980303027e-03
8.443957013345502673e+02 1.725745691750898459e+03 -4.332736883680394158e+01 0.000000000000000000e+00 0.000000000000000000e+00 7.988230064839285660e-04
4.654859546197716327e+02 1.703852679931383591e+03 -3.899265980784772978e+01 0.000000000000000000e+00 0.000000000000000000e+00 2.023652286206356621e-02
6.593719183757350493e+02 1.553271003150819070e+03 -3.765511602432825100e+01 0.000000000000000000e+00 0.000000000000000000e+00 1.975904868537270431e-03
4.700754592414185140e+02 1.306977406923973149e+03 -3.158842799541898216e+01 0.000000000000000000e+00 0.000000000000000000e+00 -6.932018043073640001e-03
8.430269875631012155e+02 1.309172493456854909e+03 -3.547328889170027821e+01 0.000000000000000000e+00 0.000000000000000000e+00 1.641482723357512441e-02
4.875204967574767352e+02 9.638011138479415649e+02 -2.683108141913191247e+01 0.000000000000000000e+00 0.000000000000000000e+00 3.098149482006817834e-02
8.533334326323952155e+02 9.754980730591302063e+02 -3.085063608059197904e+01 0.000000000000000000e+00 0.000000000000000000e+00 -6.546565119244007747e-03
7.024602924768593084e+02 8.334670697806698172e+02 -2.738177378566101439e+01 0.000000000000000000e+00 0.000000000000000000e+00 -3.752896536184380238e-04
5.207914853355723608e+02 5.884601540130660169e+02 -2.341862155517429755e+01 0.000000000000000000e+00 0.000000000000000000e+00 -8.930061403429334632e-03
8.438908843042548824e+02 5.513870852945331080e+02 -2.665719946883904612e+01 0.000000000000000000e+00 0.000000000000000000e+00 1.104284616298443211e-01
8.691719614929394311e+02 2.205305113941476804e+02 -2.539576842482536989e+01 0.000000000000000000e+00 0.000000000000000000e+00 9.460758091307397422e-02
4.854408345594051184e+02 2.151927413896509051e+02 -2.123164223750434587e+01 0.000000000000000000e+00 0.000000000000000000e+00 2.989288207817608622e-02
6.733389319998473184e+02 4.653414582155293289e+01 -2.269447411982558549e+01 0.000000000000000000e+00 0.000000000000000000e+00 3.866999476137777947e-02
5.081507692575377746e+02 -2.029828024657527408e+02 -2.138774198397974402e+01 0.000000000000000000e+00 0.000000000000000000e+00 3.437539714868265150e-02
8.491534026009227318e+02 -1.938560992172085378e+02 -2.507205573967273082e+01 0.000000000000000000e+00 0.000000000000000000e+00 3.404489783009267967e-02
9.082498605016191959e+02 -5.019293825314318838e+02 -2.729427180052748980e+01 0.000000000000000000e+00 0.000000000000000000e+00 9.979298530931401956e-02
5.053159990100877508e+02 -5.308950489827153660e+02 -2.291912451481348256e+01 0.000000000000000000e+00 0.000000000000000000e+00 -1.650044368363268177e-02
6.500519654803613321e+02 -6.786665411841648847e+02 -2.541747120832867068e+01 0.000000000000000000e+00 0.000000000000000000e+00 2.584325636290074613e-02
5.179872544718022027e+02 -9.433028338149372303e+02 -2.695318661219403822e+01 0.000000000000000000e+00 0.000000000000000000e+00 -5.886075348957930942e-02
8.666523062496492003e+02 -9.483276050855062067e+02 -3.088909052000004962e+01 0.000000000000000000e+00 0.000000000000000000e+00 -4.806479802591567818e-02
8.827039768373069819e+02 -1.191018852241467130e+03 -3.446806167566011680e+01 0.000000000000000000e+00 0.000000000000000000e+00 -4.157359442194064059e-02
5.278305659467728219e+02 -1.251987693790713365e+03 -3.141752588152861136e+01 0.000000000000000000e+00 0.000000000000000000e+00 4.030378207869844687e-02
6.827012604376265017e+02 -1.443744667696994156e+03 -3.626005680678014187e+01 0.000000000000000000e+00 0.000000000000000000e+00 -1.617273299013533006e-02
8.722153590047958005e+02 -1.711352226817257133e+03 -4.405481353814803924e+01 0.000000000000000000e+00 0.000000000000000000e+00 1.579063473592157152e-02
9.105017999430456257e+02 -1.971427819694879872e+03 -5.074556648360080402e+01 0.000000000000000000e+00 0.000000000000000000e+00 1.514347563282427700e-01
5.387588966228089475e+02 -2.009109772591126557e+03 -4.742608782684827418e+01 0.000000000000000000e+00 0.000000000000000000e+00 -4.235547105423620451e-03
6.645305610131198364e+02 -2.169019331871810209e+03 -5.291013521124331476e+01 0.000000000000000000e+00 0.000000000000000000e+00 -1.508928967150069411e-02
5.241256005742669686e+02 -2.434268615047259573e+03 -5.938243973416729915e+01 0.000000000000000000e+00 0.000000000000000000e+00 -8.653055526745845327e-02
8.646911472754803754e+02 -2.445506414829158985e+03 -6.345464888427579808e+01 0.000000000000000000e+00 0.000000000000000000e+00 2.616862689180976531e-02
8.841702559308157561e+02 -2.769768038685225292e+03 -7.439609820913403837e+01 0.000000000000000000e+00 0.000000000000000000e+00 9.486343925715345904e-04
5.110414077402552380e+02 -2.774431463551789875e+03 -7.050074119599011624e+01 0.000000000000000000e+00 0.000000000000000000e+00 8.112758285747645459e-03
6.701232531692156726e+02 -2.949043233690670604e+03 -7.823761418312410854e+01 0.000000000000000000e+00 0.000000000000000000e+00 8.256240105183110245e-03
5.218849481007891882e+02 -3.196104988831141327e+03 -8.632579891373296732e+01 0.000000000000000000e+00 0.000000000000000000e+00 7.690138791464562473e-02
8.487849115549825001e+02 -3.184319585731956522e+03 -8.929806140017835503e+01 0.000000000000000000e+00 0.000000000000000000e+00 4.081136108936789242e-03
2.163272497466927859e+02 -3.218449189714548083e+03 -8.548011136119393427e+01 0.000000000000000000e+00 0.000000000000000000e+00 2.070762008298743240e-02
-1.566732261470636445e+02 -3.200773443117911938e+03 -8.460478306593256548e+01 0.000000000000000000e+00 0.000000000000000000e+00 3.430282224856284756e-02
1.166305259917331050e+01 -2.945888572885307440e+03 -7.463485446654928523e+01 0.000000000000000000e+00 0.000000000000000000e+00 1.386927178175767494e-01
-1.629816262948875192e+02 -2.790696618473501076e+03 -6.923794017999691164e+01 0.000000000000000000e+00 0.000000000000000000e+00 -3.568387902976155601e-02
1.887639851939319442e+02 -2.791202630831578517e+03 -6.932669119224469512e+01 0.000000000000000000e+00 0.000000000000000000e+00 -2.253186478843360874e-02
2.313333303307425979e+02 -2.442185232684717448e+03 -5.788220796809841318e+01 0.000000000000000000e+00 0.000000000000000000e+00 -3.094001839772175799e-02
-1.272252291789123149e+02 -2.445119272906933929e+03 -5.767867934736460001e+01 0.000000000000000000e+00 0.000000000000000000e+00 -1.836608099686998230e-03
5.586206837330720987e+01 -2.185377893054138440e+03 -4.988554012480889099e+01 0.000000000000000000e+00 0.000000000000000000e+00 -3.900144815024475520e-02
-1.552468589472032079e+02 -2.039721059169517048e+03 -4.610221526591979568e+01 0.000000000000000000e+00 0.000000000000000000e+00 -1.586065646012713160e-02
1.941019889409186305e+02 -2.027943293392276928e+03 -4.590251588684098039e+01 0.000000000000000000e+00 0.000000000000000000e+00 -1.882498370844842839e-02
1.926896956058485557e+02 -1.698828503289267474e+03 -3.799812885079204250e+01 0.000000000000000000e+00 0.000000000000000000e+00 -5.114743564881507609e-03
-1.578020012877719580e+02 -1.705150988102319616e+03 -3.803906384634547777e+01 0.000000000000000000e+00 0.000000000000000000e+00 3.437193326881526900e-03
2.494830064181796914e+01 -1.459824560034382557e+03 -3.282887246776424917e+01 0.000000000000000000e+00 0.000000000000000000e+00 -5.099746517983305694e-02
2.135929654772740491e+02 -1.277786644954513577e+03 -2.996780750502174584e+01 0.000000000000000000e+00 0.000000000000000000e+00 2.178280140563160217e-02
-1.626237287772504203e+02 -1.290794638693771503e+03 -3.002976173619814659e+01 0.000000000000000000e+00 0.000000000000000000e+00 -1.181225190792645208e-02
-1.473588319158423303e+02 -9.390006061109812663e+02 -2.491727443910117046e+01 0.000000000000000000e+00 0.000000000000000000e+00 -3.570847308547442367e-02
1.970581680272320853e+02 -9.479211572778923482e+02 -2.516392511174643332e+01 0.000000000000000000e+00 0.000000000000000000e+00 -3.516159864271983793e-02
2.515473321766249626e+01 -6.987838788029322359e+02 -2.220410997734863301e+01 0.000000000000000000e+00 0.000000000000000000e+00 -3.221174068659493628e-02
-1.783027642289784183e+02 -5.393244810431967835e+02 -2.117991022521946221e+01 0.000000000000000000e+00 0.000000000000000000e+00 -6.123062327591810572e-02
1.752137735971503503e+02 -5.305747030777961299e+02 -2.111070226779388648e+01 0.000000000000000000e+00 0.000000000000000000e+00 3.696696734191817768e-02
1.888570785403131254e+02 -2.047715473254762628e+02 -1.960603819872797615e+01 0.000000000000000000e+00 0.000000000000000000e+00 -6.776851775576631098e-03
-1.591183320731830690e+02 -1.856978720791317414e+02 -1.947498393170565123e+01 0.000000000000000000e+00 0.000000000000000000e+00 -1.194062571880039059e-02
3.244806007465955844e+01 6.882351423179358108e+01 -1.908881523032407301e+01 0.000000000000000000e+00 0.000000000000000000e+00 -2.850053705188315689e-03
-1.458355372850072627e+02 2.146274776896678418e+02 -1.951522783804554351e+01 0.000000000000000000e+00 0.000000000000000000e+00 -1.430031345392990261e-04
1.739567674313337307e+02 2.118767148068339168e+02 -1.957970472676278462e+01 0.000000000000000000e+00 0.000000000000000000e+00 8.423311074153616573e-03
1.874211359701409378e+02 5.424989339231000258e+02 -2.120829873079561878e+01 0.000000000000000000e+00 0.000000000000000000e+00 3.280187225060871015e-02
-1.908206391471499899e+02 5.439945674657067229e+02 -2.122888316020310029e+01 0.000000000000000000e+00 0.000000000000000000e+00 1.447119623993131654e-02
-2.023674349549130724e+00 7.860304403767801205e+02 -2.298199320395775302e+01 0.000000000000000000e+00 0.000000000000000000e+00 4.696215719042129422e-02
-1.849396916204081265e+02 9.652301789249545436e+02 -2.523712763940996950e+01 0.000000000000000000e+00 0.000000000000000000e+00 2.349119340129135480e-02
1.714720277588008912e+02 9.620843475275352148e+02 -2.516083993879660952e+01 0.000000000000000000e+00 0.000000000000000000e+00 5.053036614206263266e-02
1.799562828202527385e+02 1.304599556965509464e+03 -3.006477155670282997e+01 0.000000000000000000e+00 0.000000000000000000e+00 1.961984709594588594e-02
-1.902437568715673137e+02 1.295338615898638864e+03 -2.994393718678013272e+01 0.000000000000000000e+00 0.000000000000000000e+00 -2.989812472281982991e-02
-1.169703260502217956e+00 1.554898797809260486e+03 -3.428113681424498793e+01 0.000000000000000000e+00 0.000000000000000000e+00 2.000380180607663760e-02
-1.917668812494660244e+02 1.715082248953660610e+03 -3.782538050311563893e+01 0.000000000000000000e+00 0.000000000000000000e+00 -2.062438630218821345e-02
1.704307892656676131e+02 1.726550509556585666e+03 -3.800985286311039602e+01 0.000000000000000000e+00 0.000000000000000000e+00 1.092750936040687293e-02
1.631096449729799360e+02 2.041409615032435113e+03 -4.532056774981982272e+01 0.000000000000000000e+00 0.000000000000000000e+00 -5.542772772940907089e-03
-1.935075301442789453e+02 2.048568127012693822e+03 -4.558484917731777841e+01 0.000000000000000000e+00 0.000000000000000000e+00 -4.191926793687628106e-03
-6.587742976017415764e+00 2.285977904395440873e+03 -5.160824293010486485e+01 0.000000000000000000e+00 0.000000000000000000e+00 1.744759021319453041e-02
-1.964959077755196972e+02 2.465967751201586452e+03 -5.712328585473551357e+01 0.000000000000000000e+00 0.000000000000000000e+00 -1.455393133866778044e-03
1.626528725890637475e+02 2.471070891252281854e+03 -5.718323085510036208e+01 0.000000000000000000e+00 0.000000000000000000e+00 5.510989194201698638e-02
1.654375056646427993e+02 2.779204946759989980e+03 -6.699221628045745547e+01 0.000000000000000000e+00 0.000000000000000000e+00 3.946650560229159055e-02
-1.961985677987666747e+02 2.799845227647838783e+03 -6.777151126025219696e+01 0.000000000000000000e+00 0.000000000000000000e+00 -2.120640068775969667e-02
-1.294468977522517505e+01 3.040881887140753861e+03 -7.594029904472657222e+01 0.000000000000000000e+00 0.000000000000000000e+00 3.589851364623086738e-03
-1.942298915699498139e+02 3.207774450138833345e+03 -8.245362588983547880e+01 0.000000000000000000e+00 0.000000000000000000e+00 5.894625094185812486e-03
1.736559482361738276e+02 3.210873996208071731e+03 -8.251515806694001753e+01 0.000000000000000000e+00 0.000000000000000000e+00 9.099432423909092904e-04
-8.219844772920044988e+02 -3.141854965283522688e+03 -8.729353662136031744e+01 0.000000000000000000e+00 0.000000000000000000e+00 9.465009387103862082e-02
-4.397758326535984565e+02 -3.139037649182434961e+03 -8.347405685486135951e+01 0.000000000000000000e+00 0.000000000000000000e+00 -2.783311122480824906e-02
-6.449859346883985154e+02 -2.949202940497877989e+03 -7.798724509683204076e+01 0.000000000000000000e+00 0.000000000000000000e+00 6.993271927996147497e-03
-8.195994577414830928e+02 -2.797897859221814088e+03 -7.452370441207759200e+01 0.000000000000000000e+00 0.000000000000000000e+00 2.654565076741732810e-02
-4.442055328306324782e+02 -2.785916031383571408e+03 -7.040453729578412378e+01 0.000000000000000000e+00 0.000000000000000000e+00 -1.102091142144843161e-01
-8.339126421425326043e+02 -2.455469669701318708e+03 -6.335362110164470550e+01 0.000000000000000000e+00 0.000000000000000000e+00 -6.142581917328016061e-02
-4.454928180015443218e+02 -2.455992819512330243e+03 -5.945725543973655647e+01 0.000000000000000000e+00 0.000000000000000000e+00 -9.887875552959002334e-02
-6.678945674435102546e+02 -2.153142998572319357e+03 -5.250665766778070065e+01 0.000000000000000000e+00 0.000000000000000000e+00 -5.200289267939695037e-03
-8.211779639554407595e+02 -2.036884975858665484e+03 -5.119878154573229523e+01 0.000000000000000000e+00 0.000000000000000000e+00 3.427623983446181910e-02
-4.855562246421719124e+02 -1.982693911489005131e+03 -4.631488417133256519e+01 0.000000000000000000e+00 0.000000000000000000e+00 1.640467248577692772e-03
-8.405846377543944072e+02 -1.715308117145592178e+03 -4.371019018746723361e+01 0.000000000000000000e+00 0.000000000000000000e+00 2.280710999300339381e-02
-4.608237813067223101e+02 -1.708663115312725949e+03 -3.961697465792366302e+01 0.000000000000000000e+00 0.000000000000000000e+00 -7.103985303821502839e-03
-6.437806757971861771e+02 -1.451119439820153730e+03 -3.598439081717222621e+01 0.000000000000000000e+00 0.000000000000000000e+00 -2.008947595609100745e-02
-8.421807469198498666e+02 -1.241276130739721566e+03 -3.469777311892388383e+01 0.000000000000000000e+00 0.000000000000000000e+00 -4.264788462855051421e-03
-4.591223580350678048e+02 -1.227739533589913435e+03 -3.048421483237243734e+01 0.000000000000000000e+00 0.000000000000000000e+00 -6.413881864193982096e-02
-8.118257353175271192e+02 -9.587974382623510792e+02 -3.028051342082683561e+01 0.000000000000000000e+00 0.000000000000000000e+00 5.461684688665258136e-03
-4.650427447508644150e+02 -9.479602591438509762e+02 -2.659175948300394055e+01 0.000000000000000000e+00 0.000000000000000000e+00 -2.344649728166814384e-02
-6.415566294019695306e+02 -7.014037223635560849e+02 -2.553220062899437082e+01 0.000000000000000000e+00 0.000000000000000000e+00 -4.557760215562467465e-02
-8.236414382527782436e+02 -5.476729396667552692e+02 -2.643108941790312727e+01 0.000000000000000000e+00 0.000000000000000000e+00 -5.751983686210238034e-02
-4.410985687507178454e+02 -5.216018520143875321e+02 -2.236752806840329555e+01 0.000000000000000000e+00 0.000000000000000000e+00 -3.925184053553110175e-02
-8.383084377703372638e+02 -2.109183719503987788e+02 -2.497069843562965730e+01 0.000000000000000000e+00 0.000000000000000000e+00 -5.098680982170833431e-02
-4.715019004494457135e+02 -2.137928363000951890e+02 -2.112881478540771596e+01 0.000000000000000000e+00 0.000000000000000000e+00 6.107121072295029762e-02
-6.378592292794289733e+02 4.929696440433612281e+01 -2.232398625129975755e+01 0.000000000000000000e+00 0.000000000000000000e+00 -3.299795610488942543e-02
-8.287714456333442286e+02 2.062100515735639306e+02 -2.481058047094298757e+01 0.000000000000000000e+00 0.000000000000000000e+00 1.408802188214863804e-02
-4.590110326217618422e+02 2.133631889490888796e+02 -2.102709380328245103e+01 0.000000000000000000e+00 0.000000000000000000e+00 -4.946751250601266747e-02
-8.383709785697022880e+02 5.542878918048626247e+02 -2.660363513973778993e+01 0.000000000000000000e+00 0.000000000000000000e+00 -6.518188776339073343e-02
-4.620044830474795390e+02 5.412464763008756563e+02 -2.262063344667759068e+01 0.000000000000000000e+00 0.000000000000000000e+00 9.305722466912413893e-04
-6.683390560439430601e+02 7.975138659894096236e+02 -2.664195597128463788e+01 0.000000000000000000e+00 0.000000000000000000e+00 1.095802021350067434e-03
-8.372761117386473870e+02 9.608635553019190638e+02 -3.045878861101230939e+01 0.000000000000000000e+00 0.000000000000000000e+00 -2.233899291800156561e-02
-4.820072210781477793e+02 9.674974054669975203e+02 -2.683371835599465882e+01 0.000000000000000000e+00 0.000000000000000000e+00 -7.866072983890859405e-03
-8.336387563659566240e+02 1.282501954202182333e+03 -3.491917716538736727e+01 0.000000000000000000e+00 0.000000000000000000e+00 2.692626546823362332e-02
-4.769704323302127591e+02 1.295278373633232150e+03 -3.144942600252188569e+01 0.000000000000000000e+00 0.000000000000000000e+00 -2.619210270841421107e-02
-6.451086801541275690e+02 1.544846262056859587e+03 -3.734743881120785858e+01 0.000000000000000000e+00 0.000000000000000000e+00 -2.591136634949720019e-02
-8.523252630813694850e+02 1.711666538404493622e+03 -4.313345425867792926e+01 0.000000000000000000e+00 0.000000000000000000e+00 -2.190090012483381088e-03
-4.594177753005714067e+02 1.719291421224343139e+03 -3.927631573019984046e+01 0.000000000000000000e+00 0.000000000000000000e+00 -2.136452816984046876e-03
-8.206356198085486540e+02 2.063786195863115154e+03 -5.089485330957413112e+01 0.000000000000000000e+00 0.000000000000000000e+00 2.531728392879273315e-02
-4.735542466216978141e+02 2.048116002471715547e+03 -4.702211896174966910e+01 0.000000000000000000e+00 0.000000000000000000e+00 -9.312124363837881447e-03
-6.741223051767544803e+02 2.293426635776972034e+03 -5.531911988311004791e+01 0.000000000000000000e+00 0.000000000000000000e+00 -1.581217607134988157e-02
-5.325372662059938875e+02 2.474620179403372731e+03 -5.926394163514352442e+01 0.000000000000000000e+00 0.000000000000000000e+00 -4.102201297907015487e-02
-8.883133386096839104e+02 2.791491131033299098e+03 -7.319847593604228564e+01 0.000000000000000000e+00 0.000000000000000000e+00 -8.753365998359186051e-03
-5.272345433229355649e+02 2.799910347175482912e+03 -6.959683438100167052e+01 0.000000000000000000e+00 0.000000000000000000e+00 1.423470070776033936e-03
-7.145008425019107108e+02 3.055092423870367384e+03 -8.031569477593329509e+01 0.000000000000000000e+00 0.000000000000000000e+00 -4.292038295655231650e-02
-8.599899199510842891e+02 3.199156180983899503e+03 -8.740383410741678460e+01 0.000000000000000000e+00 0.000000000000000000e+00 -1.224399531595565804e-02
-5.463070100987051774e+02 3.232471872587976122e+03 -8.536231363791614513e+01 0.000000000000000000e+00 0.000000000000000000e+00 -3.981496614484569818e-02
-1.503709342846356549e+03 3.203543979657030832e+03 -9.895450825760983093e+01 0.000000000000000000e+00 0.000000000000000000e+00 -5.782307741525016809e-02
-1.173214908360481559e+03 3.202976281412443768e+03 -9.232380627194231693e+01 0.000000000000000000e+00 0.000000000000000000e+00 2.970396911017303410e-02
-1.345353265764985736e+03 3.082834666291962549e+03 -9.110272875890743194e+01 0.000000000000000000e+00 0.000000000000000000e+00 -4.882107105208888242e-02
-1.554774282588018195e+03 2.851431487750216547e+03 -8.752197768066528738e+01 0.000000000000000000e+00 0.000000000000000000e+00 -5.795086672284810447e-02
-1.171248003862079941e+03 2.769590659210711237e+03 -7.688749732915547952e+01 0.000000000000000000e+00 0.000000000000000000e+00 3.131186161650134636e-02
-1.183063586362826527e+03 2.523074778102813070e+03 -6.926320846167710954e+01 0.000000000000000000e+00 0.000000000000000000e+00 -1.069439688811257838e-02
-1.487349641622703984e+03 2.489225325069373866e+03 -7.442714591037443483e+01 0.000000000000000000e+00 0.000000000000000000e+00 5.526315780699064817e-03
-1.373083928621286077e+03 2.332233609672482089e+03 -6.738226901179518791e+01 0.000000000000000000e+00 0.000000000000000000e+00 -3.224752747044590251e-02
-1.489385473086526645e+03 2.058783870614806347e+03 -6.266983048137680612e+01 0.000000000000000000e+00 0.000000000000000000e+00 -3.921167659733271194e-02
-1.198939947105616284e+03 2.052202568765737396e+03 -5.650081252950603528e+01 0.000000000000000000e+00 0.000000000000000000e+00 5.548002670472840236e-03
-1.158374407268454206e+03 1.781366740642563173e+03 -4.941382103822201088e+01 0.000000000000000000e+00 0.000000000000000000e+00 -2.754722888299454553e-02
-1.470511663044373563e+03 1.717959231983982363e+03 -5.440966657260872807e+01 0.000000000000000000e+00 0.000000000000000000e+00 -5.100977071338519409e-02
-1.367028206081759208e+03 1.556401351917009833e+03 -4.889537708725382004e+01 0.000000000000000000e+00 0.000000000000000000e+00 -2.653285518974257684e-04
-1.170584282206032640e+03 1.340076003068474620e+03 -4.114892685705048336e+01 0.000000000000000000e+00 0.000000000000000000e+00 6.412233702911152022e-02
-1.490760165268374521e+03 1.331706369025417416e+03 -4.766003575085656507e+01 0.000000000000000000e+00 0.000000000000000000e+00 2.396271524212068016e-02
-1.508869221976737435e+03 1.002560663499406019e+03 -4.335518329727274534e+01 0.000000000000000000e+00 0.000000000000000000e+00 -7.275738909213202987e-02
-1.153604906514014829e+03 9.586292700911573093e+02 -3.539708812397850579e+01 0.000000000000000000e+00 0.000000000000000000e+00 -3.909035814525907426e-02
-1.303392973878695102e+03 7.926183000844943081e+02 -3.648675535631186762e+01 0.000000000000000000e+00 0.000000000000000000e+00 -1.302418292725349147e-02
-1.457711280936535104e+03 5.363329109451135537e+02 -3.773495123723915157e+01 0.000000000000000000e+00 0.000000000000000000e+00 4.265446698865105191e-02
-1.136409312188786316e+03 5.331095558942836306e+02 -3.112734296710547355e+01 0.000000000000000000e+00 0.000000000000000000e+00 -3.593621870417607056e-02
-1.185385967240335503e+03 2.379256594885944480e+02 -3.061417057863464208e+01 0.000000000000000000e+00 0.000000000000000000e+00 -1.738321896997874205e-02
-1.516123492824256573e+03 2.543069357414549643e+02 -3.774045225062319986e+01 0.000000000000000000e+00 0.000000000000000000e+00 -3.942045307437069823e-02
-1.363794528626171086e+03 5.675286050049543718e+01 -3.390473167026400603e+01 0.000000000000000000e+00 0.000000000000000000e+00 -6.016173023795090558e-02
-1.153548287614824858e+03 -1.691205168464860833e+02 -2.988103625451546819e+01 0.000000000000000000e+00 0.000000000000000000e+00 -4.074754436946292913e-02
-1.498091400212904773e+03 -1.565402228538646341e+02 -3.711625672308035462e+01 0.000000000000000000e+00 0.000000000000000000e+00 -7.636664195688780410e-02
-1.148292030269426959e+03 -4.929344776154034662e+02 -3.118321792016605087e+01 0.000000000000000000e+00 0.000000000000000000e+00 -5.943529344583353691e-02
-1.521033326407674167e+03 -4.701409829796671147e+02 -3.895987414681268746e+01 0.000000000000000000e+00 0.000000000000000000e+00 -4.310439884486783058e-02
-1.378099251256683601e+03 -6.513634797013627349e+02 -3.698615209581777918e+01 0.000000000000000000e+00 0.000000000000000000e+00 -4.456139178980578208e-02
-1.212725727307298257e+03 -9.258072304259532075e+02 -3.637004749287580552e+01 0.000000000000000000e+00 0.000000000000000000e+00 5.308830970823663620e-02
-1.485700971872780428e+03 -9.021351893447280190e+02 -4.195352532438656112e+01 0.000000000000000000e+00 0.000000000000000000e+00 -5.738641961402635161e-02
-1.161472513356433183e+03 -1.245462996261619992e+03 -3.987632125723415299e+01 0.000000000000000000e+00 0.000000000000000000e+00 3.692574619308430783e-02
-1.535060421560030136e+03 -1.236809141367174561e+03 -4.774360193356801574e+01 0.000000000000000000e+00 0.000000000000000000e+00 -9.640621938091697984e-02
-1.299364081877490207e+03 -1.454301042503656845e+03 -4.620429106940558484e+01 0.000000000000000000e+00 0.000000000000000000e+00 -1.106670231014561523e-02
-1.462630403425893519e+03 -1.697161627066132723e+03 -5.467881535650649028e+01 0.000000000000000000e+00 0.000000000000000000e+00 1.338611372522322540e-01
-1.135017324685388758e+03 -1.718620226432022491e+03 -4.841077231852723628e+01 0.000000000000000000e+00 0.000000000000000000e+00 -5.029314105918558653e-02
-1.123446548198845221e+03 -1.982010001975030491e+03 -5.444392791734027526e+01 0.000000000000000000e+00 0.000000000000000000e+00 4.867323806514889384e-02
-1.517871665939127297e+03 -1.996939070648490770e+03 -6.302835986974130833e+01 0.000000000000000000e+00 0.000000000000000000e+00 2.550598925243718895e-02
-1.304329124360296419e+03 -2.155924365483875135e+03 -6.248924277382410253e+01 0.000000000000000000e+00 0.000000000000000000e+00 6.983672402156315684e-02
-1.109219206220455817e+03 -2.410982345255019027e+03 -6.617943720313849099e+01 0.000000000000000000e+00 0.000000000000000000e+00 8.406047014688056151e-03
-1.474700318336585497e+03 -2.414150794796128594e+03 -7.364793306066367506e+01 0.000000000000000000e+00 0.000000000000000000e+00 3.838341631416142263e-02
-1.089161751409833414e+03 -2.714960691162290004e+03 -7.565404043080829410e+01 0.000000000000000000e+00 0.000000000000000000e+00 -9.848373772598506548e-04
-1.516746233533410759e+03 -2.730702287315479225e+03 -8.480305446468781838e+01 0.000000000000000000e+00 0.000000000000000000e+00 -1.248812488252326602e-02
-1.322366933209106492e+03 -2.935180884177907046e+03 -8.775072341365444117e+01 0.000000000000000000e+00 0.000000000000000000e+00 -1.356142517986427265e-01
-1.127826614218926579e+03 -3.156343374145636972e+03 -9.242099451686712541e+01 0.000000000000000000e+00 0.000000000000000000e+00 -5.895863605813644881e-02
-1.501425918781488235e+03 -3.152903719491549964e+03 -9.975251120960157891e+01 0.000000000000000000e+00 0.000000000000000000e+00 -1.207017605649696179e-02
-2.157011569295026675e+03 -3.138038892800746453e+03 -1.171492052235917356e+02 0.000000000000000000e+00 0.000000000000000000e+00 6.620153597154398994e-03
-1.787548943538005688e+03 -3.164473285301351552e+03 -1.072856863216009202e+02 0.000000000000000000e+00 0.000000000000000000e+00 9.192511740747022486e-02
-2.014852719041561841e+03 -2.938401244315869462e+03 -1.054178422566471625e+02 0.000000000000000000e+00 0.000000000000000000e+00 7.592583787784690230e-02
-2.147215517242443639e+03 -2.796726066259030176e+03 -1.046265671188307493e+02 0.000000000000000000e+00 0.000000000000000000e+00 -1.186563644797473671e-01
-1.774505004114355188e+03 -2.790015568986669678e+03 -9.332561398263433716e+01 0.000000000000000000e+00 0.000000000000000000e+00 -1.830906225046646796e-02
-2.168920700022122674e+03 -2.469537207397067050e+03 -9.479199609942864413e+01 0.000000000000000000e+00 0.000000000000000000e+00 -1.342413766678873799e-03
-1.787009781586001282e+03 -2.474657652430712005e+03 -8.338316427815723841e+01 0.000000000000000000e+00 0.000000000000000000e+00 -1.313238836370089757e-02
-1.964939098097110900e+03 -2.212714415082715732e+03 -8.086853783464172807e+01 0.000000000000000000e+00 0.000000000000000000e+00 -4.346224318830138600e-02
-2.159427882906968989e+03 -2.040710680489610240e+03 -8.248110210419135058e+01 0.000000000000000000e+00 0.000000000000000000e+00 4.587269903701951534e-02
-1.785977508822997152e+03 -2.035035386510703802e+03 -7.092470303213571015e+01 0.000000000000000000e+00 0.000000000000000000e+00 -1.785082378621893895e-02
-2.174715562594023595e+03 -1.726720883244472361e+03 -7.557576597113342132e+01 0.000000000000000000e+00 0.000000000000000000e+00 -1.861329809057110651e-02
-1.815871434771859640e+03 -1.722071256082984974e+03 -6.432460823034597297e+01 0.000000000000000000e+00 0.000000000000000000e+00 -3.200402880352726243e-02
-1.985035413397637285e+03 -1.456299962464256851e+03 -6.398904069352468582e+01 0.000000000000000000e+00 0.000000000000000000e+00 -6.251622432256453976e-02
-2.142578883670025789e+03 -1.285382474124941382e+03 -6.608781775382878720e+01 0.000000000000000000e+00 0.000000000000000000e+00 6.648986971443093807e-02
-1.807690005068983510e+03 -1.306615612482454708e+03 -5.607591927075753802e+01 0.000000000000000000e+00 0.000000000000000000e+00 -1.955193528925036617e-02
-2.176058337136941645e+03 -9.514584196393369666e+02 -6.245142679433601529e+01 0.000000000000000000e+00 0.000000000000000000e+00 -2.265161302196361248e-02
-1.838961111274586074e+03 -9.580205495556634787e+02 -5.191365896553634229e+01 0.000000000000000000e+00 0.000000000000000000e+00 -3.358145165567094637e-02
-1.987384521605301870e+03 -7.032957856187301786e+02 -5.365602476254991871e+01 0.000000000000000000e+00 0.000000000000000000e+00 -4.223480633015697094e-02
-2.147420541374284767e+03 -5.387190749934446785e+02 -5.751901297426343973e+01 0.000000000000000000e+00 0.000000000000000000e+00 -2.599584443871094663e-03
-1.795025119524442516e+03 -5.406597219830001677e+02 -4.661457072201113760e+01 0.000000000000000000e+00 0.000000000000000000e+00 4.044780276835524546e-03
-2.160531825408035274e+03 -2.142596682979402374e+02 -5.634405162070266471e+01 0.000000000000000000e+00 0.000000000000000000e+00 -1.852051888831596216e-02
-1.804826906492262196e+03 -2.144375808558529570e+02 -4.527174197052666216e+01 0.000000000000000000e+00 0.000000000000000000e+00 3.559905176297206708e-02
-1.978062526288453455e+03 3.179231297873699447e+01 -5.008809426366768491e+01 0.000000000000000000e+00 0.000000000000000000e+00 -1.559368814761796784e-02
-2.154916504596938466e+03 1.999894891768108778e+02 -5.600597088168022708e+01 0.000000000000000000e+00 0.000000000000000000e+00 4.588256540778701265e-02
-1.815213688953395604e+03 2.097087599561630498e+02 -4.546930909478708571e+01 0.000000000000000000e+00 0.000000000000000000e+00 9.083784751052803585e-02
-2.154433022814710057e+03 5.478517442879929149e+02 -5.751388135294384085e+01 0.000000000000000000e+00 0.000000000000000000e+00 2.194045258244869956e-02
-1.820063585469048348e+03 5.389915378984799190e+02 -4.708577446482107121e+01 0.000000000000000000e+00 0.000000000000000000e+00 3.063567076876694273e-02
-1.988609665190444957e+03 7.937965242566997404e+02 -5.415633004766755931e+01 0.000000000000000000e+00 0.000000000000000000e+00 4.070033038745179965e-02
-2.141761770430166052e+03 9.582853240743147580e+02 -6.080570759516343315e+01 0.000000000000000000e+00 0.000000000000000000e+00 -3.279091519189591963e-03
-1.819875957878210102e+03 9.577889724234465803e+02 -5.090056845933737861e+01 0.000000000000000000e+00 0.000000000000000000e+00 -5.605562376234018984e-02
-2.188447191019728507e+03 1.278759366849794560e+03 -6.668425274409459291e+01 0.000000000000000000e+00 0.000000000000000000e+00 -2.027355023680854629e-02
-1.839435991593904873e+03 1.288448867764694569e+03 -5.598488191005533565e+01 0.000000000000000000e+00 0.000000000000000000e+00 -2.106173084946760810e-03
-1.997102345590928962e+03 1.534163608695575249e+03 -6.485848372021391128e+01 0.000000000000000000e+00 0.000000000000000000e+00 2.687785839424350343e-02
-2.157584216006543556e+03 1.708610878413530827e+03 -7.337191771580154409e+01 0.000000000000000000e+00 0.000000000000000000e+00 -2.590641355253353595e-02
-1.832684516441056303e+03 1.714064266682549714e+03 -6.355155875212646777e+01 0.000000000000000000e+00 0.000000000000000000e+00 -1.505989923871453584e-02
-1.825883669958343262e+03 2.019620423075532472e+03 -7.024725115843969547e+01 0.000000000000000000e+00 0.000000000000000000e+00 -1.254941466686432250e-02
-2.187726268021172473e+03 2.449730501293168345e+03 -9.271079507360188643e+01 0.000000000000000000e+00 0.000000000000000000e+00 -6.128639668361302029e-03
-1.835973113264195263e+03 2.448879326567359385e+03 -8.201886442374231478e+01 0.000000000000000000e+00 0.000000000000000000e+00 6.205235007215037513e-03
-2.183884274309711600e+03 2.763735352528141448e+03 -1.022255580797695842e+02 0.000000000000000000e+00 0.000000000000000000e+00 -8.337341174041057457e-03
-1.865272834516927333e+03 2.813829241785398608e+03 -9.423132532526425109e+01 0.000000000000000000e+00 0.000000000000000000e+00 4.430339791980486552e-03
-2.005161501780979506e+03 3.009729035134578680e+03 -1.049804927383055713e+02 0.000000000000000000e+00 0.000000000000000000e+00 1.147814010818137831e-02
-2.174740994078543281e+03 3.193948107180894567e+03 -1.168897631117624059e+02 0.000000000000000000e+00 0.000000000000000000e+00 2.949071654693113942e-02
-1.879848415521790912e+03 3.210424840080007925e+03 -1.086709691373720545e+02 0.000000000000000000e+00 0.000000000000000000e+00 8.836913980459826234e-03
-2.849886871516661358e+03 2.427920837385417599e+03 -1.169349424819023966e+02 0.000000000000000000e+00 0.000000000000000000e+00 4.590895187564569824e-02
-2.502430206148285833e+03 2.427146809802328335e+03 -1.031095363448454947e+02 0.000000000000000000e+00 0.000000000000000000e+00 6.033495941782973659e-02
-2.697291768285147100e+03 2.330732433045590824e+03 -1.079732540237300640e+02 0.000000000000000000e+00 0.000000000000000000e+00 5.561584970278943274e-02
-2.479756122544105892e+03 2.082344625850723787e+03 -9.312071281972978909e+01 0.000000000000000000e+00 0.000000000000000000e+00 1.760841118934308724e-02
-2.850024108652416999e+03 2.086441996011775700e+03 -1.079852105570543586e+02 0.000000000000000000e+00 0.000000000000000000e+00 1.270335715531700771e-02
-2.516230878863692851e+03 1.758347433374352704e+03 -8.713843099532721226e+01 0.000000000000000000e+00 0.000000000000000000e+00 6.710195131560681148e-03
-2.832862493648200598e+03 1.753047403055809127e+03 -9.978113016948771019e+01 0.000000000000000000e+00 0.000000000000000000e+00 8.479907627646809942e-02
-2.678140652773974580e+03 1.586841956920290158e+03 -9.010417033277602172e+01 0.000000000000000000e+00 0.000000000000000000e+00 1.738772181344927503e-02
-2.475381595713034130e+03 1.345129880576065943e+03 -7.797510675568496197e+01 0.000000000000000000e+00 0.000000000000000000e+00 -4.120155790644730587e-03
-2.840190322092971201e+03 1.339184550952679956e+03 -9.259383180778227995e+01 0.000000000000000000e+00 0.000000000000000000e+00 3.325217345066278085e-02
-2.846042437937060186e+03 9.739147934740030905e+02 -8.789713630803601063e+01 0.000000000000000000e+00 0.000000000000000000e+00 7.709867546438431418e-03
-2.570479055821528164e+03 9.672526749426182278e+02 -7.645089145728610447e+01 0.000000000000000000e+00 0.000000000000000000e+00 -6.248291724631371835e-03
-2.621833234931818879e+03 8.097560086489850164e+02 -7.683944840255408337e+01 0.000000000000000000e+00 0.000000000000000000e+00 -6.931312413722423571e-02
-2.484369924205728239e+03 5.922890916159055905e+02 -6.965752597569779425e+01 0.000000000000000000e+00 0.000000000000000000e+00 1.165964577570832716e-02
-2.822629187328233002e+03 5.827730965035160580e+02 -8.335061749148739807e+01 0.000000000000000000e+00 0.000000000000000000e+00 7.229158697953153023e-03
-2.530465983412784681e+03 2.438615742213301871e+02 -6.976441580344739180e+01 0.000000000000000000e+00 0.000000000000000000e+00 1.725961852976354294e-02
-2.862347595063394692e+03 2.552998258622936021e+02 -8.353281054766532066e+01 0.000000000000000000e+00 0.000000000000000000e+00 5.259246439337061929e-02
-2.692818716403332019e+03 8.962910921303978284e+01 -7.603383881507282638e+01 0.000000000000000000e+00 0.000000000000000000e+00 1.811652420309428635e-02
-2.495783019161494394e+03 -1.481958384632685295e+02 -6.831854508936113746e+01 0.000000000000000000e+00 0.000000000000000000e+00 -3.479678474194258797e-02
-2.844636683869993249e+03 -2.237395168752570385e+02 -8.285984454551513068e+01 0.000000000000000000e+00 0.000000000000000000e+00 1.017380304620019160e-02
-2.469718792279720219e+03 -4.801035113434229515e+02 -6.871871721877781169e+01 0.000000000000000000e+00 0.000000000000000000e+00 -6.226060552296530659e-02
-2.822011056014484438e+03 -5.148392729835962882e+02 -8.330909552487784708e+01 0.000000000000000000e+00 0.000000000000000000e+00 6.491815352259777683e-02
-2.645785477617400829e+03 -6.632693689012256755e+02 -7.703784848405803132e+01 0.000000000000000000e+00 0.000000000000000000e+00 5.497512248471991825e-02
-2.800309011211417328e+03 -9.459272360608454164e+02 -8.639866585782287700e+01 0.000000000000000000e+00 0.000000000000000000e+00 1.386761835470622373e-01
-2.508065572368035646e+03 -9.572367606897954602e+02 -7.460595649409422947e+01 0.000000000000000000e+00 0.000000000000000000e+00 3.182604074641801617e-01
-2.523447716793564268e+03 -1.255935465398725682e+03 -7.939082889565401047e+01 0.000000000000000000e+00 0.000000000000000000e+00 5.611722827362086718e-02
-2.829346507591595582e+03 -1.233114125096806902e+03 -9.158062913955245676e+01 0.000000000000000000e+00 0.000000000000000000e+00 7.331199427238743738e-02
-2.681688119640597506e+03 -1.398897744122362155e+03 -8.809749844137631669e+01 0.000000000000000000e+00 0.000000000000000000e+00 3.883350554463049775e-02
-2.511251280557581140e+03 -1.672981946999122783e+03 -8.658052892481806850e+01 0.000000000000000000e+00 0.000000000000000000e+00 -5.068581563048724092e-02
-2.829123653404229572e+03 -1.739179202919194495e+03 -1.008993060973991618e+02 0.000000000000000000e+00 0.000000000000000000e+00 7.860533395229651887e-02
-2.816835625922942199e+03 -2.005444113692587734e+03 -1.064874693826866121e+02 0.000000000000000000e+00 0.000000000000000000e+00 -4.860527655606006192e-02
-2.472907341904362056e+03 -1.999317882961690884e+03 -9.256747999670346871e+01 0.000000000000000000e+00 0.000000000000000000e+00 -6.479999535500269303e-03
-2.623061474524342430e+03 -2.164560627841200585e+03 -1.026057103793486078e+02 0.000000000000000000e+00 0.000000000000000000e+00 5.649448444304994155e-02
-2.831956427622025330e+03 -2.459355425146951802e+03 -1.193777361751531316e+02 0.000000000000000000e+00 0.000000000000000000e+00 -3.709016149669253082e-02
-2.469702340838557575e+03 -2.468852217408013075e+03 -1.053269990340146336e+02 0.000000000000000000e+00 0.000000000000000000e+00 -3.848336081463799019e-02
