# x y z x_res y_res z_res x_res_err y_res_err z_res_err
8.445790827845515878e+02 2.077794643869594438e+03 -3.250234649409586751e+01 0.000000000000000000e+00 0.000000000000000000e+00 1.682257926909613843e-02 1.321400078668845228e-02 1.373172834052927352e-02 9.901125861898608244e-03
4.685306773208583877e+02 2.491586540527825946e+03 -4.022723865369950147e+01 0.000000000000000000e+00 0.000000000000000000e+00 -1.077559476726719367e-02 1.462301784508969471e-02 1.514105927260765531e-02 1.089863124075217404e-02
4.693034779437564339e+02 2.076389889926320393e+03 -2.865235901049223699e+01 0.000000000000000000e+00 0.000000000000000000e+00 -1.811148934706707792e-02 1.551749214784801933e-02 1.551749214784799678e-02 1.097351635814881009e-02
6.546418123236603606e+02 2.327403049110116626e+03 -3.702026981842986686e+01 0.000000000000000000e+00 0.000000000000000000e+00 2.739039751596550332e-02 1.416856884194818769e-02 1.478643204098188148e-02 1.047522120090235362e-02
8.437718374901432981e+02 2.497902405192404785e+03 -4.419020314293707941e+01 0.000000000000000000e+00 0.000000000000000000e+00 -1.808438276772506015e-02 1.597257008080552390e-02 1.588761900677318137e-02 1.141664021625203758e-02
8.413824081022750079e+02 2.825957551609863458e+03 -5.468502084957304987e+01 0.000000000000000000e+00 0.000000000000000000e+00 2.046299087550096374e-02 1.597257008080552390e-02 1.588761900677318137e-02 1.141698558620046766e-02
4.644179197990638386e+02 3.241129282326448902e+03 -6.601212120940058981e+01 0.000000000000000000e+00 0.000000000000000000e+00 -1.070182285499754471e-02 1.551749214784801933e-02 1.551749214784799678e-02 1.097474879410602865e-02
6.498176347467730238e+02 3.076277680318220064e+03 -6.136448922387433669e+01 0.000000000000000000e+00 0.000000000000000000e+00 1.860118247993369778e-02 1.551749214784801933e-02 1.551749214784799678e-02 1.097460488967961535e-02
4.648397624040870824e+02 2.824297367413591928e+03 -5.089288060936868163e+01 0.000000000000000000e+00 0.000000000000000000e+00 -2.343830348314668299e-02 1.551749214784801933e-02 1.551749214784799678e-02 1.097425466906817859e-02
8.413386428252147198e+02 3.247160305842258367e+03 -6.993970459150308727e+01 0.000000000000000000e+00 0.000000000000000000e+00 -4.495896885288175326e-04 1.698946406437224291e-02 1.760510668598781400e-02 1.246978289493926376e-02
-1.611834841251562267e+01 2.322093430205220557e+03 -3.357152737734191561e+01 0.000000000000000000e+00 0.000000000000000000e+00 3.877193748489560221e-02 1.529525329323598061e-02 1.732944472480996492e-02 1.215827227326383118e-02
1.731260480151507863e+02 2.072937089692483823e+03 -2.708995322275913509e+01 0.000000000000000000e+00 0.000000000000000000e+00 2.243585942055048577e-02 1.416856884194818769e-02 1.478643204098188148e-02 1.047489676459236949e-02
1.726012780231670831e+02 2.493644814730138478e+03 -3.883389979818340265e+01 0.000000000000000000e+00 0.000000000000000000e+00 1.026352277316533446e-02 1.374445923705877766e-02 1.445808565683391611e-02 1.007696385673513897e-02
-2.011611009334773712e+02 2.070531781418658738e+03 -2.711002594993180992e+01 0.000000000000000000e+00 0.000000000000000000e+00 -1.450035954729145260e-03 1.374445923705877766e-02 1.445808565683391611e-02 1.007659262682933550e-02
-2.016295323591518240e+02 2.487857597313738552e+03 -3.874199008160644553e+01 0.000000000000000000e+00 0.000000000000000000e+00 4.602708262154919794e-03 1.537388133063744347e-02 1.809493474212619385e-02 1.272488097972066315e-02
1.778438426391689973e+02 1.745333281530167596e+03 -1.938099780488408896e+01 0.000000000000000000e+00 0.000000000000000000e+00 -1.678739370517945417e-02 1.410681104349820365e-02 1.410681104349817763e-02 9.975630365082931855e-03
-1.273104212733039375e+01 1.574223618931704777e+03 -1.560626202348513836e+01 0.000000000000000000e+00 0.000000000000000000e+00 -3.759260109598372424e-02 1.410681104349820365e-02 1.410681104349817763e-02 9.975511878063999388e-03
-1.967279055586327843e+02 1.740348695865975742e+03 -1.932852018260203408e+01 0.000000000000000000e+00 0.000000000000000000e+00 -7.620700459607832045e-03 1.416856884194818769e-02 1.478643204098188148e-02 1.047464714450531235e-02
-1.968034493126055224e+02 1.323965348193836917e+03 -1.138150248860166336e+01 0.000000000000000000e+00 0.000000000000000000e+00 -9.709093662362278110e-03 1.410681104349820365e-02 1.410681104349817763e-02 9.975382455388228514e-03
1.775454516545345314e+02 1.325243463080561469e+03 -1.134594478137687013e+01 0.000000000000000000e+00 0.000000000000000000e+00 -9.637488576075270430e-05 1.591781297082553101e-02 1.525712892449843962e-02 1.095942021243414763e-02
-2.067794650207050040e+02 2.821834411226929660e+03 -4.949061267925574015e+01 0.000000000000000000e+00 0.000000000000000000e+00 -1.791644352867649559e-02 1.515324345032620541e-02 1.586461636446283643e-02 1.107085833322271791e-02
1.693743929069380556e+02 2.823923751157723018e+03 -4.945459208788550853e+01 0.000000000000000000e+00 0.000000000000000000e+00 5.269951188815014120e-03 1.374445923705877766e-02 1.445808565683391611e-02 1.007729687549802425e-02
-2.167407468528174519e+01 3.072969051620929804e+03 -5.805713055398838662e+01 0.000000000000000000e+00 0.000000000000000000e+00 -1.081511640992260936e-02 1.374445923705877766e-02 1.445808565683391611e-02 1.007756428744705987e-02
1.694411179272950392e+02 3.244362467343958542e+03 -6.473075460034463902e+01 0.000000000000000000e+00 0.000000000000000000e+00 -2.156063829080778760e-02 1.515324345032620541e-02 1.586461636446283643e-02 1.107137619628170699e-02
-2.060611046515577129e+02 3.237763755956903424e+03 -6.457963378082354211e+01 0.000000000000000000e+00 0.000000000000000000e+00 1.010729284163858210e-02 1.522168277829436499e-02 1.658501685739781004e-02 1.160721077770610066e-02
8.481152775968473634e+02 1.749092599778956583e+03 -2.482228667722064586e+01 0.000000000000000000e+00 0.000000000000000000e+00 -2.035768002374283014e-02 1.410681104349820365e-02 1.410681104349817763e-02 9.975832287755786662e-03
6.578535735918865157e+02 1.578148067107047382e+03 -1.906947260518240128e+01 0.000000000000000000e+00 0.000000000000000000e+00 -1.395901565208035322e-02 1.456318734637955005e-02 1.447809452970261375e-02 1.041924337956331298e-02
4.725087984382942636e+02 1.744458191744167607e+03 -2.085766649917566795e+01 0.000000000000000000e+00 0.000000000000000000e+00 9.176021771747144840e-03 1.456318734637955005e-02 1.447809452970261375e-02 1.041928695373600666e-02
8.480048060887964994e+02 1.327731496184912885e+03 -1.679076728212094949e+01 0.000000000000000000e+00 0.000000000000000000e+00 9.388950466220791213e-03 1.456318734637955005e-02 1.447809452970261375e-02 1.041919028739545644e-02
4.732455172473232778e+02 1.327001920968362356e+03 -1.288933238741002008e+01 0.000000000000000000e+00 0.000000000000000000e+00 4.977683374878694167e-03 1.504715448559853889e-02 1.487410825417311705e-02 1.088416131546513128e-02
1.141423614038697679e+03 1.747151386689434958e+03 -2.931481721883175595e+01 0.000000000000000000e+00 0.000000000000000000e+00 -1.910441787421746085e-02 1.321400078668845228e-02 1.373172834052927352e-02 9.901051256036694573e-03
1.326870125850026852e+03 1.582219268127468467e+03 -2.949670268574133303e+01 0.000000000000000000e+00 0.000000000000000000e+00 -3.031786743296649433e-02 1.410681104349820365e-02 1.410681104349817763e-02 9.976031503197615308e-03
1.516235041482972520e+03 1.754072237664993736e+03 -3.717261777267721357e+01 0.000000000000000000e+00 0.000000000000000000e+00 -1.289348297481041072e-02 1.321400078668845228e-02 1.373172834052927352e-02 9.901306887995672129e-03
1.517913202226448675e+03 1.331615772422685950e+03 -2.923864297522961664e+01 0.000000000000000000e+00 0.000000000000000000e+00 1.492252803159388463e-02 1.462301784508969471e-02 1.514105927260765531e-02 1.089835788217744482e-02
1.142684291591073361e+03 1.329485105023424694e+03 -2.141489843286374750e+01 0.000000000000000000e+00 0.000000000000000000e+00 3.881354698203409725e-02 1.456318734637955005e-02 1.447809452970261375e-02 1.041936917709747855e-02
-6.837725833997178597e+02 1.574833633927339406e+03 -1.927652688598905328e+01 0.000000000000000000e+00 0.000000000000000000e+00 -8.660181873672456732e-03 1.374445923705877766e-02 1.445808565683391611e-02 1.007635201323059913e-02
-8.661350243765376717e+02 1.320290446915060329e+03 -1.691197160369899777e+01 0.000000000000000000e+00 0.000000000000000000e+00 4.867653247938363847e-03 1.374445923705877766e-02 1.445808565683391611e-02 1.007628452564272512e-02
-4.915253615318379161e+02 1.324542135338750541e+03 -1.298727198198726640e+01 0.000000000000000000e+00 0.000000000000000000e+00 -1.021022410386684953e-02 1.416856884194818769e-02 1.478643204098188148e-02 1.047444761583197527e-02
-8.661713311816449732e+02 1.738787680171159309e+03 -2.484150527377376605e+01 0.000000000000000000e+00 0.000000000000000000e+00 1.300155971686933754e-02 1.381385869676847976e-02 1.518363705070188870e-02 1.061666418024506675e-02
-4.932453387819591057e+02 1.742586665662388668e+03 -2.097348743041187547e+01 0.000000000000000000e+00 0.000000000000000000e+00 -1.340046099009839509e-03 1.515324345032620541e-02 1.586461636446283643e-02 1.106987555784962746e-02
2.680826650139398680e+03 -1.409559911812931432e+03 -6.918493171659953589e+01 0.000000000000000000e+00 0.000000000000000000e+00 -1.330864972128154022e-02 1.839996537529051818e-02 1.901474294911031926e-02 1.346720391626810009e-02
2.498568098445090527e+03 -1.662635877083104333e+03 -6.681423833155572822e+01 0.000000000000000000e+00 0.000000000000000000e+00 -3.040335245599123937e-02 1.609702975394929070e-02 1.724238274427487838e-02 1.239733776406735238e-02
2.873442225094421246e+03 -1.658346192907788236e+03 -8.205096750539968298e+01 0.000000000000000000e+00 0.000000000000000000e+00 -2.037566244635513613e-02 2.213889091503857404e-02 2.222112642190562926e-02 1.554085335542562674e-02
2.494199253247525576e+03 -1.245485352244844307e+03 -5.903182020333376556e+01 0.000000000000000000e+00 0.000000000000000000e+00 -2.180661186039145605e-02 1.744185902308714731e-02 1.796035713238137640e-02 1.289448864550704447e-02
2.868988343059196268e+03 -1.235679359070926466e+03 -7.427429604488129655e+01 0.000000000000000000e+00 0.000000000000000000e+00 -1.176972353376015690e-02 2.208059623109502601e-02 2.155901927419854106e-02 1.504802208979885009e-02
-1.162657788839913337e+03 1.746096707078354711e+03 -2.967177990577243918e+01 0.000000000000000000e+00 0.000000000000000000e+00 1.497998994211258150e-02 1.374445923705877766e-02 1.445808565683391611e-02 1.007670295332456500e-02
-1.160143781697447366e+03 1.325659786123065032e+03 -2.166648658636547253e+01 0.000000000000000000e+00 0.000000000000000000e+00 1.571468860007740886e-02 1.381385869676847976e-02 1.518363705070188870e-02 1.061656247314205458e-02
-1.535554284063153318e+03 1.738993827922697392e+03 -3.730680159302271903e+01 0.000000000000000000e+00 0.000000000000000000e+00 3.724499446243356715e-02 1.381385869676847976e-02 1.518363705070188870e-02 1.061707689019760967e-02
-1.534552993125974581e+03 1.320664229384287182e+03 -2.945560056542286986e+01 0.000000000000000000e+00 0.000000000000000000e+00 2.839582236793702918e-02 1.475745925811754872e-02 1.555903984021357253e-02 1.069411771791472544e-02
-1.353442252519205567e+03 1.574846926898974516e+03 -2.990696230021363533e+01 0.000000000000000000e+00 0.000000000000000000e+00 1.702472597722248793e-02 1.475745925811754872e-02 1.555903984021357253e-02 1.069411302369097788e-02
2.203997138562481723e+03 -1.241367131039536162e+03 -4.840088344202813886e+01 0.000000000000000000e+00 0.000000000000000000e+00 -1.652652828338574409e-02 1.609702975394929070e-02 1.724238274427487838e-02 1.239663496067360850e-02
1.829164462160097855e+03 -1.663037764788349023e+03 -4.437583178576182519e+01 0.000000000000000000e+00 0.000000000000000000e+00 -1.862192492740177840e-02 1.468826685735684021e-02 1.583534872125393414e-02 1.140018187108375256e-02
2.204232381846311000e+03 -1.661514632638430157e+03 -5.612427728469906185e+01 0.000000000000000000e+00 0.000000000000000000e+00 -2.893534079365167599e-02 1.468826685735684021e-02 1.583534872125393414e-02 1.140060980420786081e-02
1.828568612785253208e+03 -1.247329867088203628e+03 -3.664700580871183888e+01 0.000000000000000000e+00 0.000000000000000000e+00 6.408699975523290959e-03 1.462301784508969471e-02 1.514105927260765531e-02 1.089869570758322456e-02
2.013356499507094213e+03 -1.412110846515393177e+03 -4.500893943794788754e+01 0.000000000000000000e+00 0.000000000000000000e+00 -3.026193729672854715e-02 1.468826685735684021e-02 1.583534872125393414e-02 1.140022009508575261e-02
1.138178031920841022e+03 2.079538355473580395e+03 -3.703804315830534222e+01 0.000000000000000000e+00 0.000000000000000000e+00 4.494014602435925099e-03 1.321400078668845228e-02 1.373172834052927352e-02 9.901271027965986848e-03
1.514832710919906276e+03 2.080169237548217097e+03 -4.473404046591367234e+01 0.000000000000000000e+00 0.000000000000000000e+00 1.641845376768458209e-02 1.327991121968310692e-02 1.442902692158096363e-02 1.040411583476626156e-02
1.139084811281089287e+03 2.495910241588916051e+03 -4.860367739529810649e+01 0.000000000000000000e+00 0.000000000000000000e+00 4.927669379275556594e-02 1.462301784508969471e-02 1.514105927260765531e-02 1.089892123903947463e-02
1.323819749884549765e+03 2.330952789164313799e+03 -4.727222319941172657e+01 0.000000000000000000e+00 0.000000000000000000e+00 -2.351915577268215429e-02 1.462301784508969471e-02 1.514105927260765531e-02 1.089889316111495275e-02
1.515266105765908151e+03 2.500857230167299349e+03 -5.635168698712033120e+01 0.000000000000000000e+00 0.000000000000000000e+00 5.851097199896315715e-02 1.462301784508969471e-02 1.514105927260765531e-02 1.089918844420325640e-02
-1.538777443287930282e+03 2.484368279039828394e+03 -5.640415227107465057e+01 0.000000000000000000e+00 0.000000000000000000e+00 1.235275368702559717e-02 1.566517135798234719e-02 1.527144872784495788e-02 1.024743185775536629e-02
-1.535148541532140598e+03 2.068475303069424626e+03 -4.491544607235397990e+01 0.000000000000000000e+00 0.000000000000000000e+00 4.524185940255165406e-03 1.469251753035822131e-02 1.485183919661981281e-02 1.015861993860150449e-02
-1.158806107490976501e+03 2.073351381414282059e+03 -3.724650503223674036e+01 0.000000000000000000e+00 0.000000000000000000e+00 7.245094964680731664e-03 1.381385869676847976e-02 1.518363705070188870e-02 1.061707060795990913e-02
-1.352031587056909757e+03 2.319458785384747443e+03 -4.752638910141154582e+01 0.000000000000000000e+00 0.000000000000000000e+00 -1.160580553150225569e-02 1.475745925811754872e-02 1.555903984021357253e-02 1.069470174277097410e-02
-1.162721973854796488e+03 2.493261812010629910e+03 -4.893904507731068776e+01 0.000000000000000000e+00 0.000000000000000000e+00 -2.479785987063110042e-03 1.335358008057194873e-02 1.415784874089038095e-02 9.707066301232242581e-03
2.486976509251591324e+03 1.005443536484932565e+03 -5.460261020383013175e+01 0.000000000000000000e+00 0.000000000000000000e+00 -1.155624857862846966e-02 1.383303590129685533e-02 1.550214548134712725e-02 1.133485688452730983e-02
2.671629129885915972e+03 8.404453988806483267e+02 -6.009000725664661502e+01 0.000000000000000000e+00 0.000000000000000000e+00 1.360935946075869651e-02 1.571715881363527217e-02 1.763300195271033308e-02 1.252580327857412412e-02
2.860301962845683192e+03 1.010256502861713443e+03 -6.987074184824186318e+01 0.000000000000000000e+00 0.000000000000000000e+00 -1.841882661074123462e-02 1.720105376968006708e-02 1.978107196235070683e-02 1.406347469696765488e-02
2.486870924812198155e+03 5.887060062658130164e+02 -5.066755033097599892e+01 0.000000000000000000e+00 0.000000000000000000e+00 3.505580488398862826e-02 1.383303590129685533e-02 1.550214548134712725e-02 1.133475163613639411e-02
2.861813469182188783e+03 5.893782371999113820e+02 -6.602810532644733144e+01 0.000000000000000000e+00 0.000000000000000000e+00 2.081973531062430993e-03 1.616661725905427574e-02 1.795958331950222447e-02 1.291562694521293866e-02
2.002310575773596383e+03 8.363445477603700056e+02 -3.594401674255946944e+01 0.000000000000000000e+00 0.000000000000000000e+00 1.022096188874144218e-02 1.327991121968310692e-02 1.442902692158096363e-02 1.040390095877483101e-02
2.191939419145567626e+03 1.008789007041720538e+03 -4.402552542839607241e+01 0.000000000000000000e+00 0.000000000000000000e+00 -3.251381069834735627e-02 1.383303590129685533e-02 1.550214548134712725e-02 1.133452011031653960e-02
1.818041135624079061e+03 5.861659276999355370e+02 -2.829420235946048834e+01 0.000000000000000000e+00 0.000000000000000000e+00 -3.106400737401315837e-03 1.416856884194818769e-02 1.478643204098188148e-02 1.047506321460494293e-02
1.817642070376186439e+03 1.000902930429168805e+03 -3.229590677330592996e+01 0.000000000000000000e+00 0.000000000000000000e+00 -8.857412874327508234e-03 1.462301784508969471e-02 1.514105927260765531e-02 1.089850517988371487e-02
2.192290748905909822e+03 5.870612350622071745e+02 -3.999886305452638169e+01 0.000000000000000000e+00 0.000000000000000000e+00 -2.854717218519908783e-02 1.564557235999405535e-02 1.690194922351300963e-02 1.198988958195178200e-02
1.873137775293231186e+02 -1.720300254879190902e+02 -4.718619575953627021e-01 0.000000000000000000e+00 0.000000000000000000e+00 -4.620133482099775257e-03 1.504715448559853889e-02 1.487410825417311705e-02 1.088375198027212790e-02
-1.881311897664452886e+02 -1.734223125400143886e+02 -4.774210027507634901e-01 0.000000000000000000e+00 0.000000000000000000e+00 -1.937763522915730841e-02 1.504715448559853889e-02 1.487410825417311705e-02 1.088375218482121390e-02
-1.910542016992856702e+02 2.419874831117984968e+02 -6.668317304383692967e-01 0.000000000000000000e+00 0.000000000000000000e+00 -1.039443736647516214e-02 1.456318734637955005e-02 1.447809452970261375e-02 1.041864069360997312e-02
1.848694497297817634e+02 2.494446626117819221e+02 -6.716404775197815091e-01 0.000000000000000000e+00 0.000000000000000000e+00 1.711627830000439499e-02 1.591781297082553101e-02 1.525712892449843962e-02 1.095906297827215631e-02
-4.249128535566637943e+00 7.732726995648580726e+01 -3.847985935417978787e-02 0.000000000000000000e+00 0.000000000000000000e+00 -3.680552000763362419e-02 1.504715448559853889e-02 1.487410825417311705e-02 1.088373523787370019e-02
4.811713924309014487e+02 -1.734861917780279441e+02 -2.051353331093029642e+00 0.000000000000000000e+00 0.000000000000000000e+00 8.351501120414717150e-03 1.504715448559853889e-02 1.487410825417311705e-02 1.088381800570677703e-02
8.551799548014649872e+02 2.507185201295663717e+02 -6.241166360742846919e+00 0.000000000000000000e+00 0.000000000000000000e+00 1.446518470358260089e-02 1.504715448559853889e-02 1.487410825417311705e-02 1.088398861603729305e-02
8.562975554171478052e+02 -1.724686674594854878e+02 -6.066913900833703188e+00 0.000000000000000000e+00 0.000000000000000000e+00 2.265552149586902431e-02 1.504715448559853889e-02 1.487410825417311705e-02 1.088398561599535595e-02
6.651045655562925276e+02 7.773036028575383227e+01 -3.579364747246244427e+00 0.000000000000000000e+00 0.000000000000000000e+00 1.625556522124327330e-02 1.504715448559853889e-02 1.487410825417311705e-02 1.088388247456617205e-02
4.792910021345105065e+02 2.432029024788387517e+02 -2.215300167368024820e+00 0.000000000000000000e+00 0.000000000000000000e+00 3.044688681067952984e-02 1.639979654632435849e-02 1.566571511027941427e-02 1.143994828892937535e-02
1.908664757656819688e+02 -5.028504622158909569e+02 -1.921533380110159728e+00 0.000000000000000000e+00 0.000000000000000000e+00 4.893256769087583891e-03 1.504715448559853889e-02 1.487410825417311705e-02 1.088379960079531583e-02
7.088065668652973050e-01 -6.745186669022469914e+02 -2.933194189735491175e+00 0.000000000000000000e+00 0.000000000000000000e+00 -4.248894044641904344e-03 1.504715448559853889e-02 1.487410825417311705e-02 1.088383008108787485e-02
1.914379596264868439e+02 -9.234574585776473441e+02 -5.799175755046936054e+00 0.000000000000000000e+00 0.000000000000000000e+00 5.667600118878901583e-03 1.504715448559853889e-02 1.487410825417311705e-02 1.088392694255363446e-02
-1.839154208838855880e+02 -9.254956708657467743e+02 -5.800820895808843858e+00 0.000000000000000000e+00 0.000000000000000000e+00 -1.760433338265698922e-02 1.504715448559853889e-02 1.487410825417311705e-02 1.088392678669390136e-02
-1.841143896943173957e+02 -5.094699141935182070e+02 -1.944403788959933932e+00 0.000000000000000000e+00 0.000000000000000000e+00 -1.786128739085590666e-02 1.555613753796613111e-02 1.529293115313511663e-02 1.136779899288644681e-02
1.334641270461849444e+03 8.241388395899197405e+01 -1.424692670689126039e+01 0.000000000000000000e+00 0.000000000000000000e+00 1.401016632991591848e-02 1.456318734637955005e-02 1.447809452970261375e-02 1.041919396643632353e-02
1.150126690177492492e+03 -1.699972413347002771e+02 -1.076773576172416469e+01 0.000000000000000000e+00 0.000000000000000000e+00 1.498962940367221108e-04 1.456318734637955005e-02 1.447809452970261375e-02 1.041905448821894495e-02
1.525466226606562941e+03 -1.672991347100296764e+02 -1.874176671912642789e+01 0.000000000000000000e+00 0.000000000000000000e+00 2.261001883952928893e-02 1.370015053418719743e-02 1.411288300143302699e-02 1.034762981254195267e-02
1.524208202444926883e+03 2.532065532419363478e+02 -1.887704887466680859e+01 0.000000000000000000e+00 0.000000000000000000e+00 1.223660757086264539e-02 1.421353429260676510e-02 1.451886158615727819e-02 1.081584678814298539e-02
1.149301299570672199e+03 2.478057735676906645e+02 -1.092215360482039621e+01 0.000000000000000000e+00 0.000000000000000000e+00 1.287732202529312531e-03 1.504715448559853889e-02 1.487410825417311705e-02 1.088418172055966894e-02
4.842456824558874473e+02 -5.071956181245766402e+02 -3.541933510922515183e+00 0.000000000000000000e+00 0.000000000000000000e+00 1.162490677442029607e-02 1.504715448559853889e-02 1.487410825417311705e-02 1.088386741150145463e-02
6.709504370163231215e+02 -6.713336061187152382e+02 -6.523769015829175899e+00 0.000000000000000000e+00 0.000000000000000000e+00 1.165406640361332791e-02 1.555613753796613111e-02 1.529293115313511663e-02 1.136798383960146985e-02
4.851732819103600036e+02 -9.230298913970000285e+02 -7.392468535260803719e+00 0.000000000000000000e+00 0.000000000000000000e+00 -2.132136326402189752e-03 1.504715448559853889e-02 1.487410825417311705e-02 1.088399401206667678e-02
8.615744369415891697e+02 -9.210295846764369116e+02 -1.143658401415649095e+01 0.000000000000000000e+00 0.000000000000000000e+00 -3.760292441474000213e-02 1.504715448559853889e-02 1.487410825417311705e-02 1.088416392041619690e-02
8.595036668704279919e+02 -4.998191586533909003e+02 -7.538766457523072617e+00 0.000000000000000000e+00 0.000000000000000000e+00 1.686874176209052223e-02 1.475130889357819872e-02 1.494764157503327383e-02 1.130236776033246952e-02
1.154929278887518421e+03 -5.022746756684898628e+02 -1.231281982068423630e+01 0.000000000000000000e+00 0.000000000000000000e+00 1.750986650345431883e-02 1.370015053418719743e-02 1.411288300143302699e-02 1.034739204439327070e-02
1.529895745571533098e+03 -4.971947728508860109e+02 -2.029029978356389208e+01 0.000000000000000000e+00 0.000000000000000000e+00 -2.825083253874538514e-02 1.370015053418719743e-02 1.411288300143302699e-02 1.034768133084610492e-02
1.340315249816658024e+03 -6.680150901012691520e+02 -1.725696814611785612e+01 0.000000000000000000e+00 0.000000000000000000e+00 2.575341382205564855e-02 1.370015053418719743e-02 1.411288300143302699e-02 1.034756550764210845e-02
1.154804930105793801e+03 -9.183876321445516169e+02 -1.613381247576541355e+01 0.000000000000000000e+00 0.000000000000000000e+00 3.465772341334627527e-02 1.370015053418719743e-02 1.411288300143302699e-02 1.034751124936453270e-02
1.530827525686614081e+03 -9.168071587822137190e+02 -2.415087482722162804e+01 0.000000000000000000e+00 0.000000000000000000e+00 1.414997627649583478e-02 1.376373313717800702e-02 1.479222502863415667e-02 1.082965230093441318e-02
4.880814506945794733e+02 -1.254741734000289398e+03 -1.208560056395801219e+01 0.000000000000000000e+00 0.000000000000000000e+00 3.668787934387296445e-03 1.421353429260676510e-02 1.451886158615727819e-02 1.081554337412536475e-02
8.630719818283129143e+02 -1.245817858782949088e+03 -1.600267707926502680e+01 0.000000000000000000e+00 0.000000000000000000e+00 5.310323263058691623e-03 1.504715448559853889e-02 1.487410825417311705e-02 1.088431342087360469e-02
8.655171204488367493e+02 -1.666659467543296387e+03 -2.393614631168482632e+01 0.000000000000000000e+00 0.000000000000000000e+00 1.408170785830265004e-02 1.510506813375995551e-02 1.552016594764612026e-02 1.134367507094741559e-02
4.896462864083394493e+02 -1.671016575696438395e+03 -1.996194573507056447e+01 0.000000000000000000e+00 0.000000000000000000e+00 2.603877716047620083e-02 1.421353429260676510e-02 1.451886158615727819e-02 1.081579074589111150e-02
6.741205946588740971e+02 -1.419505681919135895e+03 -1.666556350362953864e+01 0.000000000000000000e+00 0.000000000000000000e+00 3.922683680968930275e-03 1.561216321693381648e-02 1.592200357807219829e-02 1.180861746821757798e-02
1.159594665600706549e+03 -1.252493306569412653e+03 -2.090042167567220588e+01 0.000000000000000000e+00 0.000000000000000000e+00 1.392432673316790215e-03 1.370015053418719743e-02 1.411288300143302699e-02 1.034765870594380084e-02
1.534924706141964634e+03 -1.245823507913105004e+03 -2.882795412026905879e+01 0.000000000000000000e+00 0.000000000000000000e+00 -1.751384521111987169e-02 1.427483037724689742e-02 1.518004599609654864e-02 1.127803935307933325e-02
1.342956493985473116e+03 -1.417854806554459401e+03 -2.739080873008604300e+01 0.000000000000000000e+00 0.000000000000000000e+00 1.486751268766184353e-02 1.376373313717800702e-02 1.479222502863415667e-02 1.082974485949619002e-02
1.159979800037747509e+03 -1.667794740140005388e+03 -2.870566829772964823e+01 0.000000000000000000e+00 0.000000000000000000e+00 2.111223338295076246e-02 1.462301784508969471e-02 1.514105927260765531e-02 1.089834379773292963e-02
1.534969276756839690e+03 -1.666805605723899134e+03 -3.667994946434376402e+01 0.000000000000000000e+00 0.000000000000000000e+00 -6.584749479365825664e-03 1.462301784508969471e-02 1.514105927260765531e-02 1.089865170173314780e-02
2.007646348517378101e+03 -6.628816759331643880e+02 -3.487703399244868763e+01 0.000000000000000000e+00 0.000000000000000000e+00 -1.229585192608340094e-02 1.557899531207454676e-02 1.619565237295567117e-02 1.147194069157082656e-02
1.823144821569498617e+03 -9.166147368446941073e+02 -3.190094283131537267e+01 0.000000000000000000e+00 0.000000000000000000e+00 -3.469574691219889928e-03 1.462301784508969471e-02 1.514105927260765531e-02 1.089853791213906374e-02
1.820468382766287277e+03 -4.984384203636963093e+02 -2.799836163608192763e+01 0.000000000000000000e+00 0.000000000000000000e+00 -3.758841209503316350e-03 1.327991121968310692e-02 1.442902692158096363e-02 1.040367610465384694e-02
2.197945460862666096e+03 -4.913268575967158540e+02 -3.985839699975305450e+01 0.000000000000000000e+00 0.000000000000000000e+00 -5.324721039656310495e-03 1.468826685735684021e-02 1.583534872125393414e-02 1.140005723883890515e-02
2.198313938538774437e+03 -9.138659614711984887e+02 -4.370294336801931934e+01 0.000000000000000000e+00 0.000000000000000000e+00 -7.782375870085900260e-03 1.603232757154617050e-02 1.655062025821028848e-02 1.189638629549836721e-02
1.537679356544621214e+03 -1.994073836569853711e+03 -4.437174033714042309e+01 0.000000000000000000e+00 0.000000000000000000e+00 -9.935813502174539735e-03 1.468826685735684021e-02 1.583534872125393414e-02 1.140016027250619242e-02
1.348027311792744285e+03 -2.165247901532543892e+03 -4.459626373223390061e+01 0.000000000000000000e+00 0.000000000000000000e+00 1.087986139873464708e-02 1.376373313717800702e-02 1.479222502863415667e-02 1.083028908989690058e-02
1.538016586937657166e+03 -2.412902150722617080e+03 -5.603178945304807712e+01 0.000000000000000000e+00 0.000000000000000000e+00 4.425487588854082333e-03 1.434166359507454275e-02 1.587263020644994610e-02 1.176400930094913776e-02
1.162789962053498584e+03 -2.416695952053111341e+03 -4.824796246427512614e+01 0.000000000000000000e+00 0.000000000000000000e+00 2.484225616893809274e-02 1.434166359507454275e-02 1.587263020644994610e-02 1.176375376236541738e-02
1.161283215068008531e+03 -2.001325225481522011e+03 -3.656146030509091815e+01 0.000000000000000000e+00 0.000000000000000000e+00 1.704218883928376727e-02 1.510506813375995551e-02 1.552016594764612026e-02 1.134412781404232039e-02
1.830543492492428186e+03 -1.996628628000996059e+03 -5.214251975153585050e+01 0.000000000000000000e+00 0.000000000000000000e+00 -1.787765669467944463e-02 1.516824365906106580e-02 1.619821423088282225e-02 1.182711308107150389e-02
2.016274003734551570e+03 -2.161581948067597295e+03 -6.198513493218027293e+01 0.000000000000000000e+00 0.000000000000000000e+00 -3.393676551151258991e-02 1.516824365906106580e-02 1.619821423088282225e-02 1.182745885389562858e-02
2.206424345019770499e+03 -1.989774400970978149e+03 -6.371573751507107630e+01 0.000000000000000000e+00 0.000000000000000000e+00 -3.138866505396009643e-02 1.523661560973484271e-02 1.690440404267959038e-02 1.233046450312082556e-02
1.832128891423486039e+03 -2.411877844104149517e+03 -6.366701889365298683e+01 0.000000000000000000e+00 0.000000000000000000e+00 -1.087357479713091379e-02 1.516824365906106580e-02 1.619821423088282225e-02 1.182749495433020083e-02
2.207168757323342106e+03 -2.409648802253198937e+03 -7.520121956645090222e+01 0.000000000000000000e+00 0.000000000000000000e+00 -3.116100491803308614e-02 1.750610159008764849e-02 1.864996779173511143e-02 1.339414712334474102e-02
2.502535877151373825e+03 -2.410644555402450351e+03 -8.575893416910849965e+01 0.000000000000000000e+00 0.000000000000000000e+00 -3.378062858644170774e-02 1.757484130075562603e-02 1.936332377161314316e-02 1.391076669340115743e-02
2.686797376082526625e+03 -2.158936414703584433e+03 -8.594026168692586509e+01 0.000000000000000000e+00 0.000000000000000000e+00 -6.981786761262753771e-02 1.757484130075562603e-02 1.936332377161314316e-02 1.391079351885370075e-02
2.876704388183258743e+03 -2.407575844486961614e+03 -1.006903121297776806e+02 0.000000000000000000e+00 0.000000000000000000e+00 -2.738181507311310270e-03 2.122103970392346522e-02 2.183442036055029123e-02 1.546293774130954625e-02
2.875891599365283582e+03 -1.986633733529594338e+03 -8.948510901588564082e+01 0.000000000000000000e+00 0.000000000000000000e+00 -2.995123418277501059e-02 2.213889091503857404e-02 2.222112642190562926e-02 1.554116884127124294e-02
2.501717476730218095e+03 -1.994063923421295158e+03 -7.446469707812509853e+01 0.000000000000000000e+00 0.000000000000000000e+00 -4.417719564442279534e-02 1.750610159008764849e-02 1.864996779173511143e-02 1.339417514038725859e-02
2.005196313158549174e+03 8.565563698803795489e+01 -3.190509895725227096e+01 0.000000000000000000e+00 0.000000000000000000e+00 1.621683546943586407e-02 1.462301784508969471e-02 1.514105927260765531e-02 1.089855293909149439e-02
1.820801869164490881e+03 2.500147000996391853e+02 -2.668124144764275840e+01 0.000000000000000000e+00 0.000000000000000000e+00 -7.021938120708171027e-03 1.462301784508969471e-02 1.514105927260765531e-02 1.089834607770436177e-02
2.196410526138030491e+03 -1.643298975213353117e+02 -3.837503773721697797e+01 0.000000000000000000e+00 0.000000000000000000e+00 1.424761666538643112e-02 1.609702975394929070e-02 1.724238274427487838e-02 1.239624841482591354e-02
1.820954602933179103e+03 -1.668198319816056028e+02 -2.655256493158331921e+01 0.000000000000000000e+00 0.000000000000000000e+00 1.150514528944768244e-04 1.462301784508969471e-02 1.514105927260765531e-02 1.089835153268372755e-02
2.195327893071250855e+03 2.569183226611368127e+02 -3.846407810710109487e+01 0.000000000000000000e+00 0.000000000000000000e+00 2.440451674161181472e-02 1.468826685735684021e-02 1.583534872125393414e-02 1.139998903385518701e-02
-4.725297348121733876e+02 -2.000079235526151024e+03 -2.760516150538143876e+01 0.000000000000000000e+00 0.000000000000000000e+00 -4.153062611059965548e-03 1.342385439041643078e-02 1.419347452959157305e-02 1.075425624027898444e-02
-8.451270140268287605e+02 -2.000900733522764995e+03 -3.152878954352313556e+01 0.000000000000000000e+00 0.000000000000000000e+00 1.010850674204633037e-02 1.475130889357819872e-02 1.494764157503327383e-02 1.130312632118846312e-02
-4.732614874757819052e+02 -2.420016138268952545e+03 -3.948430650887794968e+01 0.000000000000000000e+00 0.000000000000000000e+00 3.369110231261629451e-04 1.475130889357819872e-02 1.494764157503327383e-02 1.130335224582614678e-02
-8.458397582733488207e+02 -2.421659802543876140e+03 -4.340647006157883681e+01 0.000000000000000000e+00 0.000000000000000000e+00 -2.394757772327693601e-02 1.475130889357819872e-02 1.494764157503327383e-02 1.130349683299643020e-02
-6.650138201303544747e+02 -2.168702998585640216e+03 -3.385013121430153404e+01 0.000000000000000000e+00 0.000000000000000000e+00 -1.397567838558444464e-02 1.475130889357819872e-02 1.494764157503327383e-02 1.130318563333166521e-02
-4.753166262616489917e+02 -1.677211714438889658e+03 -1.998507392022621332e+01 0.000000000000000000e+00 0.000000000000000000e+00 -3.314214178483965156e-02 1.342385439041643078e-02 1.419347452959157305e-02 1.075402719087613021e-02
-4.753002416439312583e+02 -1.256127822918263746e+03 -1.200923739589010175e+01 0.000000000000000000e+00 0.000000000000000000e+00 -7.573926533783748027e-04 1.421353429260676510e-02 1.451886158615727819e-02 1.081554035973417149e-02
-6.657807505172478386e+02 -1.426688644644881833e+03 -1.670803721701857825e+01 0.000000000000000000e+00 0.000000000000000000e+00 -2.517455005742874619e-02 1.475130889357819872e-02 1.494764157503327383e-02 1.130264389360001454e-02
-8.511701165925089754e+02 -1.261148284824925895e+03 -1.608747441215166774e+01 0.000000000000000000e+00 0.000000000000000000e+00 -1.128540042447667702e-03 1.370015053418719743e-02 1.411288300143302699e-02 1.034748308990244593e-02
-8.508899875431084183e+02 -1.679071756356383503e+03 -2.400316625793592706e+01 0.000000000000000000e+00 0.000000000000000000e+00 2.252082152271128734e-03 1.475130889357819872e-02 1.494764157503327383e-02 1.130289012028800298e-02
-4.785706811356708386e+02 -9.280745442554062947e+02 -7.401695991734280611e+00 0.000000000000000000e+00 0.000000000000000000e+00 5.947744590189429914e-03 1.504715448559853889e-02 1.487410825417311705e-02 1.088399384469199843e-02
-8.538350512198302340e+02 -5.127509607763347503e+02 -7.545706213265789053e+00 0.000000000000000000e+00 0.000000000000000000e+00 6.723772296420627015e-03 1.370015053418719743e-02 1.411288300143302699e-02 1.034721800372772477e-02
-4.783784471809306638e+02 -5.078790526448478886e+02 -3.501039574452558867e+00 0.000000000000000000e+00 0.000000000000000000e+00 -1.452139482171199703e-02 1.456318734637955005e-02 1.447809452970261375e-02 1.041874624028684901e-02
-6.691394709561104719e+02 -6.790155816172898540e+02 -6.571335453558649675e+00 0.000000000000000000e+00 0.000000000000000000e+00 -1.802566868285193635e-02 1.370015053418719743e-02 1.411288300143302699e-02 1.034717554296520937e-02
-8.526096797816582011e+02 -9.296553773466010853e+02 -1.141660967105582358e+01 0.000000000000000000e+00 0.000000000000000000e+00 1.533026812616355983e-03 1.370015053418719743e-02 1.411288300143302699e-02 1.034733852241939180e-02
-1.817741013391051013e+02 -1.674464086725670995e+03 -1.838154480293589188e+01 0.000000000000000000e+00 0.000000000000000000e+00 -9.418321507531857151e-03 1.370015053418719743e-02 1.411288300143302699e-02 1.034752428095018183e-02
1.937592354199861404e+02 -1.671734477223605836e+03 -1.835865496766145100e+01 0.000000000000000000e+00 0.000000000000000000e+00 -2.059448533094965228e-02 1.421353429260676510e-02 1.451886158615727819e-02 1.081573081638369759e-02
-1.811652258026707329e+02 -1.257631588253137352e+03 -1.048239462393301480e+01 0.000000000000000000e+00 0.000000000000000000e+00 5.253842545092979321e-03 1.421353429260676510e-02 1.451886158615727819e-02 1.081548267986603452e-02
1.935048491690156141e+02 -1.250272212528448335e+03 -1.040019549377933217e+01 0.000000000000000000e+00 0.000000000000000000e+00 -2.128480041331926031e-03 1.421353429260676510e-02 1.451886158615727819e-02 1.081548032061653217e-02
3.596972234519477229e+00 -1.422467713523631346e+03 -1.307540577054499664e+01 0.000000000000000000e+00 0.000000000000000000e+00 -1.606176485561405798e-02 1.421353429260676510e-02 1.451886158615727819e-02 1.081556274638548372e-02
-4.808269371504251808e+02 -1.782244076331701308e+02 -2.059471874926022128e+00 0.000000000000000000e+00 0.000000000000000000e+00 -1.761239143531589946e-02 1.504715448559853889e-02 1.487410825417311705e-02 1.088381825382046288e-02
-4.816630855823410684e+02 2.439647455020512155e+02 -2.235871575102823083e+00 0.000000000000000000e+00 0.000000000000000000e+00 -4.237721675563133061e-03 1.546112341799465648e-02 1.487131829640233466e-02 1.049735371156568578e-02
-8.563404855166334073e+02 2.375797098769559739e+02 -6.216787862417862520e+00 0.000000000000000000e+00 0.000000000000000000e+00 9.452711358028942357e-03 1.551749214784801933e-02 1.551749214784799678e-02 1.097279221312574306e-02
-6.729979249492640747e+02 7.223219703914124068e+01 -3.658695024667760975e+00 0.000000000000000000e+00 0.000000000000000000e+00 -1.967978135220382896e-02 1.462301784508969471e-02 1.514105927260765531e-02 1.089745758074819534e-02
-8.574455779578739794e+02 -1.798958058836875011e+02 -6.099770434756540460e+00 0.000000000000000000e+00 0.000000000000000000e+00 -1.917669987824410782e-02 1.456318734637955005e-02 1.447809452970261375e-02 1.041886431612492128e-02
-1.152260024181868630e+03 -1.809398629015840072e+02 -1.083233899687360058e+01 0.000000000000000000e+00 0.000000000000000000e+00 4.685148077891554408e-03 1.416856884194818769e-02 1.478643204098188148e-02 1.047442788096710799e-02
-1.152936641526207268e+03 2.397861315909300117e+02 -1.096450776069331212e+01 0.000000000000000000e+00 0.000000000000000000e+00 -1.765183915138202053e-02 1.462301784508969471e-02 1.514105927260765531e-02 1.089773948411782226e-02
-1.342672704350797858e+03 6.912130463027597216e+01 -1.440629042866457965e+01 0.000000000000000000e+00 0.000000000000000000e+00 -2.263731235924915097e-02 1.423590093405193574e-02 1.549661788035299262e-02 1.099510120387411222e-02
-1.527348165093751049e+03 -1.834649668873719861e+02 -1.882564132016974057e+01 0.000000000000000000e+00 0.000000000000000000e+00 -3.045995471965667889e-02 1.516824365906106580e-02 1.619821423088282225e-02 1.182592625012082212e-02
-1.527498971091581097e+03 2.331850475679056274e+02 -1.889785573623559145e+01 0.000000000000000000e+00 0.000000000000000000e+00 -1.410449588124862430e-02 1.564557235999405535e-02 1.690194922351300963e-02 1.198906759004273077e-02
-1.510161727577436295e+03 -2.427199212783144048e+03 -5.580695201039055320e+01 0.000000000000000000e+00 0.000000000000000000e+00 1.160397271260649177e-02 1.614194293936650412e-02 1.634489573504913085e-02 1.229271343527631698e-02
-1.329988337935553091e+03 -2.174635776627373616e+03 -4.447568633765782664e+01 0.000000000000000000e+00 0.000000000000000000e+00 -5.840715068366364449e-03 1.669224754076811465e-02 1.678725132327875055e-02 1.279046883764816192e-02
-1.138114016937484621e+03 -2.424799318880092414e+03 -4.805167779358506408e+01 0.000000000000000000e+00 0.000000000000000000e+00 -1.124090820436407512e-02 1.536782420615893409e-02 1.602229265713118675e-02 1.223162980907784199e-02
-1.511959113209564521e+03 -2.010196930069599148e+03 -4.416634289140599634e+01 0.000000000000000000e+00 0.000000000000000000e+00 1.045110063152776547e-03 1.536782420615893409e-02 1.602229265713118675e-02 1.223153917555448375e-02
-1.138177750830205696e+03 -2.003944428331812105e+03 -3.620871324669816005e+01 0.000000000000000000e+00 0.000000000000000000e+00 -2.414595639184824449e-02 1.531090446771000632e-02 1.539731818548757680e-02 1.180668011410346621e-02
-1.509495332775304632e+03 -2.756949266963409627e+03 -6.646674690499351357e+01 0.000000000000000000e+00 0.000000000000000000e+00 2.589235526015443156e-02 1.614194293936650412e-02 1.634489573504913085e-02 1.229306028483823608e-02
-1.137040140315368717e+03 -2.753465172720842929e+03 -5.873953870447900272e+01 0.000000000000000000e+00 0.000000000000000000e+00 -7.804090490182602480e-03 1.481037944435663681e-02 1.559065243475322125e-02 1.174679566583458797e-02
-1.327659152247193560e+03 -2.922528499185827513e+03 -6.833681952505571644e+01 0.000000000000000000e+00 0.000000000000000000e+00 -2.775438238984406780e-02 1.620107571221367573e-02 1.699006208984321642e-02 1.273969062541469542e-02
-1.512304203182434776e+03 -3.176120448488978582e+03 -8.183181772315377600e+01 0.000000000000000000e+00 0.000000000000000000e+00 3.757605644945272161e-02 1.620107571221367573e-02 1.699006208984321642e-02 1.274015297929406709e-02
-1.138171888512383703e+03 -3.175049813223873116e+03 -7.426513857449528189e+01 0.000000000000000000e+00 0.000000000000000000e+00 1.789599416763110185e-02 1.620107571221367573e-02 1.699006208984321642e-02 1.273988235646543975e-02
-1.143279063132326201e+03 -2.744377379727461175e+03 -5.853710961285333525e+01 0.000000000000000000e+00 0.000000000000000000e+00 -2.640565390883793384e-01 4.260102313670286606e-02 4.092241258628882827e-02 3.503826877291425779e-02
-1.805091645679515750e+03 -2.758847573121531241e+03 -7.403124897207082711e+01 0.000000000000000000e+00 0.000000000000000000e+00 5.833879464731239750e-03 1.614194293936650412e-02 1.634489573504913085e-02 1.229335030821967871e-02
-1.995230141918231084e+03 -2.924989392886431688e+03 -8.528254860721838782e+01 0.000000000000000000e+00 0.000000000000000000e+00 5.472855002864207563e-03 1.753577976589886650e-02 1.774427476342526136e-02 1.328392753177216196e-02
-1.807329396232975114e+03 -3.179108976633460315e+03 -8.931354117339498089e+01 0.000000000000000000e+00 0.000000000000000000e+00 2.025385373841004366e-02 1.701278242656364958e-02 1.732636997407805898e-02 1.280499350623285661e-02
-2.177227323417675052e+03 -2.759321427571579534e+03 -8.527373234719146922e+01 0.000000000000000000e+00 0.000000000000000000e+00 -1.012288355966006748e-02 2.058753029964315029e-02 2.048434808571622176e-02 1.578074116001853058e-02
-2.178658796468913806e+03 -3.178124976134386088e+03 -1.002854187212414558e+02 0.000000000000000000e+00 0.000000000000000000e+00 -1.532766421777864707e-02 2.001981766896196099e-02 2.002271807443322185e-02 1.526770671826253346e-02
-2.012111623387728969e+03 6.523262376571291554e+01 -3.210827597155218882e+01 0.000000000000000000e+00 0.000000000000000000e+00 -5.681880527816929316e-04 1.483472849472882750e-02 1.730265503332885715e-02 1.245880698066600088e-02
-1.821857907274509216e+03 -1.831716892609979652e+02 -2.661787501907077669e+01 0.000000000000000000e+00 0.000000000000000000e+00 -4.498890310600245357e-03 1.468826685735684021e-02 1.583534872125393414e-02 1.139956247594234827e-02
-2.195731282259699583e+03 -1.856726379821327839e+02 -3.840429405963091369e+01 0.000000000000000000e+00 0.000000000000000000e+00 8.262932895412689049e-03 1.757484130075562603e-02 1.936332377161314316e-02 1.390884996434824279e-02
-1.822367222204603195e+03 2.356030506314612580e+02 -2.668502269698702634e+01 0.000000000000000000e+00 0.000000000000000000e+00 -8.345592728431938667e-03 1.564557235999405535e-02 1.690194922351300963e-02 1.198937960160568333e-02
-2.197111527061116703e+03 2.301109276425812027e+02 -3.845125895758547330e+01 0.000000000000000000e+00 0.000000000000000000e+00 5.332340874524277297e-03 1.587508412779721489e-02 1.915794650031407698e-02 1.363931194167117104e-02
-2.483935918536698864e+03 -1.259574561819324344e+03 -5.886051697556803219e+01 0.000000000000000000e+00 0.000000000000000000e+00 -2.451696129050873196e-02 1.707376951442657678e-02 1.798832477601016583e-02 1.327007740813572652e-02
-2.674114651360118387e+03 -1.428866091808308056e+03 -6.925261637630948997e+01 0.000000000000000000e+00 0.000000000000000000e+00 -3.529185807850865331e-02 1.657380233640366046e-02 1.760495412086432801e-02 1.282460596293877146e-02
-2.483311127239016059e+03 -1.679215190795531271e+03 -6.657736322094508807e+01 0.000000000000000000e+00 0.000000000000000000e+00 -3.573037261502065576e-02 1.701278242656364958e-02 1.732636997407805898e-02 1.280441512877978673e-02
-2.855088708579350168e+03 -1.682724385184461653e+03 -8.175838955651472872e+01 0.000000000000000000e+00 0.000000000000000000e+00 -3.685889170553480199e-02 2.372469486462705848e-02 2.331307282936301642e-02 1.834472721223533859e-02
-2.856321256242775689e+03 -1.266201286206312716e+03 -7.419936564685949065e+01 0.000000000000000000e+00 0.000000000000000000e+00 -3.162286164752003970e-03 2.312624794132611336e-02 2.282010079581987122e-02 1.780799253151410869e-02
-1.999904089868094161e+03 -2.179069389578947266e+03 -6.195241388483520950e+01 0.000000000000000000e+00 0.000000000000000000e+00 -1.679551457508665635e-02 1.614194293936650412e-02 1.634489573504913085e-02 1.229301143580204328e-02
-1.809600157376031120e+03 -2.010408898183520705e+03 -5.189732141362791396e+01 0.000000000000000000e+00 0.000000000000000000e+00 -2.159922971531358371e-02 1.561216321693381648e-02 1.592200357807219829e-02 1.180995323954714751e-02
-1.809692637085758179e+03 -2.431458701290434419e+03 -6.362866274937315580e+01 0.000000000000000000e+00 0.000000000000000000e+00 3.700398724660658445e-03 1.614194293936650412e-02 1.634489573504913085e-02 1.229302199365117816e-02
-2.181627257367088987e+03 -2.014181610163434925e+03 -6.348851950617802231e+01 0.000000000000000000e+00 0.000000000000000000e+00 -1.384704172240702746e-02 1.620107571221367573e-02 1.699006208984321642e-02 1.273963219466258366e-02
-2.182742142721668188e+03 -2.432079492811998080e+03 -7.505420736637306334e+01 0.000000000000000000e+00 0.000000000000000000e+00 7.954134859787131973e-03 1.753577976589886650e-02 1.774427476342526136e-02 1.328363677708489614e-02
-1.519707106588423358e+03 -1.256187262544580108e+03 -2.862634003602316568e+01 0.000000000000000000e+00 0.000000000000000000e+00 -2.741376541642637221e-03 1.370015053418719743e-02 1.411288300143302699e-02 1.034793724688900900e-02
-1.338574835105237298e+03 -1.423207779676806013e+03 -2.739522534514880903e+01 0.000000000000000000e+00 0.000000000000000000e+00 -5.808101716407776394e-03 1.370015053418719743e-02 1.411288300143302699e-02 1.034787695601394227e-02
-1.145709012536590535e+03 -1.253540322079882344e+03 -2.066214591812382650e+01 0.000000000000000000e+00 0.000000000000000000e+00 7.360112184205291896e-03 1.421353429260676510e-02 1.451886158615727819e-02 1.081586499704400260e-02
-1.147833817181403219e+03 -1.673694060790433014e+03 -2.860958377884926662e+01 0.000000000000000000e+00 0.000000000000000000e+00 1.522348364369108253e-02 1.531090446771000632e-02 1.539731818548757680e-02 1.180644118741955295e-02
-1.521323802178946153e+03 -1.675876149978117837e+03 -3.654471216932387279e+01 0.000000000000000000e+00 0.000000000000000000e+00 2.009718059263576606e-02 1.421353429260676510e-02 1.451886158615727819e-02 1.081640260282315871e-02
-1.770529147514543524e+02 -2.006306677071719150e+03 -2.623612117347587258e+01 0.000000000000000000e+00 0.000000000000000000e+00 -6.622604441965052047e-03 1.421353429260676510e-02 1.451886158615727819e-02 1.081597768061603147e-02
-1.786272266148502581e+02 -2.422671384834027322e+03 -3.804928381879525290e+01 0.000000000000000000e+00 0.000000000000000000e+00 6.659244781069162400e-03 1.427483037724689742e-02 1.518004599609654864e-02 1.127828073764960796e-02
6.310761402409401200e+00 -2.172966195693027657e+03 -3.045862329521077427e+01 0.000000000000000000e+00 0.000000000000000000e+00 -9.908804108611946049e-03 1.421353429260676510e-02 1.451886158615727819e-02 1.081610837602987180e-02
1.979882345935036199e+02 -2.001176812697405921e+03 -2.616656704506713638e+01 0.000000000000000000e+00 0.000000000000000000e+00 8.770911190655539258e-03 1.421353429260676510e-02 1.451886158615727819e-02 1.081597585189747641e-02
1.969099406942216319e+02 -2.421952080610633857e+03 -3.808132739613311912e+01 0.000000000000000000e+00 0.000000000000000000e+00 1.489663211457781244e-02 1.427483037724689742e-02 1.518004599609654864e-02 1.127828189991276868e-02
-2.008149710624230920e+03 -1.432542530948077911e+03 -4.521480743858995055e+01 0.000000000000000000e+00 0.000000000000000000e+00 -2.705064953744340528e-03 1.510506813375995551e-02 1.552016594764612026e-02 1.134454598611178179e-02
-1.814811016328805863e+03 -1.683004264417409786e+03 -4.439065479425625682e+01 0.000000000000000000e+00 0.000000000000000000e+00 -8.033546090217669189e-03 1.561216321693381648e-02 1.592200357807219829e-02 1.180971024308396546e-02
-2.186375058600349803e+03 -1.688867951924333738e+03 -5.609410510643635916e+01 0.000000000000000000e+00 0.000000000000000000e+00 -1.086659560843372674e-02 1.561216321693381648e-02 1.592200357807219829e-02 1.181017448972064392e-02
-1.818298442792249944e+03 -1.263790626298337656e+03 -3.661677675318434666e+01 0.000000000000000000e+00 0.000000000000000000e+00 -6.067209526314343293e-03 1.427483037724689742e-02 1.518004599609654864e-02 1.127831605263079039e-02
-2.190721433417066692e+03 -1.268007504625433057e+03 -4.837143313341393025e+01 0.000000000000000000e+00 0.000000000000000000e+00 -3.401214399609386874e-03 1.701278242656364958e-02 1.732636997407805898e-02 1.280369329853525522e-02
-8.407107897353696444e+02 -2.752987287929830018e+03 -5.417043969730854514e+01 0.000000000000000000e+00 0.000000000000000000e+00 1.256296714453242203e-02 1.481037944435663681e-02 1.559065243475322125e-02 1.174663805055937635e-02
-4.672723501442934548e+02 -2.752276657448678634e+03 -5.033485368899125234e+01 0.000000000000000000e+00 0.000000000000000000e+00 1.280316609829412755e-03 1.481037944435663681e-02 1.559065243475322125e-02 1.174650481129815849e-02
-6.625936866490345665e+02 -2.919931528242829245e+03 -5.803021268508693709e+01 0.000000000000000000e+00 0.000000000000000000e+00 -8.132303224783754558e-05 1.481037944435663681e-02 1.559065243475322125e-02 1.174675729589156128e-02
-8.456990856349405021e+02 -3.171743584299598297e+03 -6.970174983944802705e+01 0.000000000000000000e+00 0.000000000000000000e+00 5.551071543477803516e-02 1.567329488931083065e-02 1.658363021679042440e-02 1.227460912453405203e-02
-4.719370668723378799e+02 -3.173090847942955861e+03 -6.597340338571150653e+01 0.000000000000000000e+00 0.000000000000000000e+00 2.977434595398165129e-02 1.620107571221367573e-02 1.699006208984321642e-02 1.273958095592057395e-02
-2.009597700953090225e+03 -6.754368023680932538e+02 -3.504729313900006105e+01 0.000000000000000000e+00 0.000000000000000000e+00 3.806132503640924369e-03 1.468826685735684021e-02 1.583534872125393414e-02 1.139987695751242328e-02
-1.820202340546705727e+03 -9.283769629913363133e+02 -3.195604447860311481e+01 0.000000000000000000e+00 0.000000000000000000e+00 -1.672075276004036937e-02 1.376373313717800702e-02 1.479222502863415667e-02 1.082992285236404791e-02
-1.818034668377837761e+03 -5.079009398921360798e+02 -2.799060649559084979e+01 0.000000000000000000e+00 0.000000000000000000e+00 -4.459791709238913882e-02 1.383303590129685533e-02 1.550214548134712725e-02 1.133403844127511134e-02
-2.193070551362070546e+03 -9.305456624368994198e+02 -4.372029152780020667e+01 0.000000000000000000e+00 0.000000000000000000e+00 -1.876591372901259547e-02 1.701278242656364958e-02 1.732636997407805898e-02 1.280352607049819839e-02
-2.190967405138687809e+03 -5.096904429351814088e+02 -3.973918015997094955e+01 0.000000000000000000e+00 0.000000000000000000e+00 -4.370358958517783776e-03 1.616661725905427574e-02 1.795958331950222447e-02 1.291465011414196819e-02
-2.667910874965176390e+03 -2.178300841501376453e+03 -8.569187932292456367e+01 0.000000000000000000e+00 0.000000000000000000e+00 9.282487496307112451e-04 2.135278756434731348e-02 2.081700428219126348e-02 1.584315107713458667e-02
-2.475031528947494280e+03 -2.008578711880306173e+03 -7.381248826622275772e+01 0.000000000000000000e+00 0.000000000000000000e+00 -1.434256736573047419e-03 1.701278242656364958e-02 1.732636997407805898e-02 1.280465231763739352e-02
-2.850306191088908690e+03 -2.012487213270494522e+03 -8.901635866395557173e+01 0.000000000000000000e+00 0.000000000000000000e+00 -5.594528639420559557e-03 2.372469486462705848e-02 2.331307282936301642e-02 1.834500794511086802e-02
-2.852007997852414974e+03 -2.434284632930528460e+03 -1.004175814147700407e+02 0.000000000000000000e+00 0.000000000000000000e+00 3.563955775859994901e-03 2.444430178964896935e-02 2.362916942252110339e-02 1.840325522931598665e-02
-2.476319530033981664e+03 -2.429421596634007983e+03 -8.533028441252443486e+01 0.000000000000000000e+00 0.000000000000000000e+00 1.362658626723600719e-02 2.196556651599369456e-02 2.187017573672439541e-02 1.676100684275046160e-02
-1.149385570423241461e+03 -5.097356188316226735e+02 -1.225982607442344374e+01 0.000000000000000000e+00 0.000000000000000000e+00 4.131449058556668774e-03 1.327991121968310692e-02 1.442902692158096363e-02 1.040314436217365697e-02
-1.524197706036480668e+03 -5.145508949689317433e+02 -2.026645897456616652e+01 0.000000000000000000e+00 0.000000000000000000e+00 1.334234685472779347e-03 1.327991121968310692e-02 1.442902692158096363e-02 1.040341572201122951e-02
-1.337880574476503625e+03 -6.809462831263236922e+02 -1.731794749941131784e+01 0.000000000000000000e+00 0.000000000000000000e+00 -2.228941319999577786e-02 1.376373313717800702e-02 1.479222502863415667e-02 1.082941936441188593e-02
-1.149099689627454609e+03 -9.307256948293149890e+02 -1.617620102653468095e+01 0.000000000000000000e+00 0.000000000000000000e+00 -1.801332989037263133e-02 1.370015053418719743e-02 1.411288300143302699e-02 1.034751199425865652e-02
-1.522924278128071364e+03 -9.319869238215476344e+02 -2.414034855016413772e+01 0.000000000000000000e+00 0.000000000000000000e+00 -1.902494100135498911e-02 1.510506813375995551e-02 1.552016594764612026e-02 1.134375991988763842e-02
-2.678743895656138193e+03 -6.822599054911740950e+02 -5.949051554392034546e+01 0.000000000000000000e+00 0.000000000000000000e+00 -2.285260832824320687e-02 1.861032765493862706e-02 2.079007128242101737e-02 1.525376865803050597e-02
-2.488068356877497536e+03 -9.339849304795754961e+02 -5.449149893720768034e+01 0.000000000000000000e+00 0.000000000000000000e+00 -5.082379927955571475e-03 1.664139629320214933e-02 1.830795673765404918e-02 1.332577015820804629e-02
-2.487220972941533091e+03 -5.138539396720387913e+02 -5.054918205237829198e+01 0.000000000000000000e+00 0.000000000000000000e+00 -1.150360629901570064e-02 1.912221812676605584e-02 2.116350694193326609e-02 1.568513981714880420e-02
-2.861023510049743436e+03 -9.348164833865115497e+02 -6.982801562154141095e+01 0.000000000000000000e+00 0.000000000000000000e+00 -2.110083878464763529e-02 2.231229799739929687e-02 2.301167044546040263e-02 1.718694198268665152e-02
-2.860878533234912084e+03 -5.159009552916419352e+02 -6.594244638525320568e+01 0.000000000000000000e+00 0.000000000000000000e+00 1.604624472285820502e-02 2.377020968704046319e-02 2.507526971291553636e-02 1.864176494959300309e-02
-2.200305719915533700e+03 9.841092864785222218e+02 -4.401334302285640376e+01 0.000000000000000000e+00 0.000000000000000000e+00 1.907292094124812820e-02 1.630594215197605362e-02 1.844089699680441508e-02 1.279569713185734967e-02
-1.826426489058712832e+03 9.869296328097440210e+02 -3.237557745956080879e+01 0.000000000000000000e+00 0.000000000000000000e+00 7.789366562249711023e-03 1.537388133063744347e-02 1.809493474212619385e-02 1.272451904209724247e-02
-2.017367243415532357e+03 8.182106126971264075e+02 -3.623275476358784886e+01 0.000000000000000000e+00 0.000000000000000000e+00 -9.649928895086645753e-03 1.579368655625751003e-02 1.838585779113522875e-02 1.307536247552030899e-02
-1.826864044523709481e+03 5.658476260429118838e+02 -2.840379276264497932e+01 0.000000000000000000e+00 0.000000000000000000e+00 9.014391455668402386e-03 1.632019388648179789e-02 1.945895139144842440e-02 1.399752125442267105e-02
-2.199642679683803181e+03 5.646529027981117679e+02 -4.009578974780966121e+01 0.000000000000000000e+00 0.000000000000000000e+00 8.172795591733006404e-03 1.728063421804328093e-02 2.054624281746501510e-02 1.462134780747867575e-02
-2.206565376483781620e+03 1.317798140620320737e+03 -4.884593501367280055e+01 0.000000000000000000e+00 0.000000000000000000e+00 2.967514025783657416e-02 1.586297930054308969e-02 1.741686945329038588e-02 1.189349082899879978e-02
-2.025236094305380448e+03 1.569762076070423063e+03 -4.733548683431991577e+01 0.000000000000000000e+00 0.000000000000000000e+00 6.653339754464582256e-03 1.586297930054308969e-02 1.741686945329038588e-02 1.189341458108205372e-02
-1.831712685509296534e+03 1.320145713938430390e+03 -3.721101107577240441e+01 0.000000000000000000e+00 0.000000000000000000e+00 2.911810356755495377e-02 1.482772549291254925e-02 1.629295714466654291e-02 1.124806462328127241e-02
-2.206960553018593600e+03 1.733485762069928114e+03 -5.646804866157958713e+01 0.000000000000000000e+00 0.000000000000000000e+00 -5.964252748782428171e-04 1.741553075880041337e-02 2.033839389338099393e-02 1.402877673581636592e-02
-1.835185408564427462e+03 1.740323776145523880e+03 -4.511207750575759690e+01 0.000000000000000000e+00 0.000000000000000000e+00 -2.345800885052540252e-03 1.475745925811754872e-02 1.555903984021357253e-02 1.069467035093917863e-02
-1.348559036567786052e+03 8.176108292370100799e+02 -1.862536279200287126e+01 0.000000000000000000e+00 0.000000000000000000e+00 -2.071533047796947358e-03 1.571715881363527217e-02 1.763300195271033308e-02 1.252424404907402471e-02
-1.533765222905711425e+03 9.823244731449934761e+02 -2.464535018330909466e+01 0.000000000000000000e+00 0.000000000000000000e+00 1.495676373975740603e-02 1.388889958320872232e-02 1.593485380717483968e-02 1.117415804065939773e-02
-1.158666140557786775e+03 9.893846490495540138e+02 -1.680862383888116796e+01 0.000000000000000000e+00 0.000000000000000000e+00 6.586740239725941137e-03 1.423590093405193574e-02 1.549661788035299262e-02 1.099516416286811654e-02
-1.157361960124244661e+03 5.682253782149870176e+02 -1.269640492602961679e+01 0.000000000000000000e+00 0.000000000000000000e+00 -1.627164172762185501e-02 1.609702975394929070e-02 1.724238274427487838e-02 1.239517269547594711e-02
-1.532879408863344452e+03 5.676981429045290497e+02 -2.066455719467106533e+01 0.000000000000000000e+00 0.000000000000000000e+00 4.999161195012646886e-03 1.430872862774012870e-02 1.623335755468546110e-02 1.153450194393476451e-02
-1.935013078401363487e+02 5.734142954045490796e+02 -2.395637901274781267e+00 0.000000000000000000e+00 0.000000000000000000e+00 -2.400101607391480485e-02 1.546112341799465648e-02 1.487131829640233466e-02 1.049734059627088940e-02
-8.836362869686876564e+00 8.257511264509859075e+02 -4.337151654170026127e+00 0.000000000000000000e+00 0.000000000000000000e+00 1.763332353112545547e-03 1.591781297082553101e-02 1.525712892449843962e-02 1.095918332787685322e-02
1.823846231463432161e+02 5.772365355812589769e+02 -2.390295022172128192e+00 0.000000000000000000e+00 0.000000000000000000e+00 2.311742506967640054e-03 1.591781297082553101e-02 1.525712892449843962e-02 1.095912092068721325e-02
1.809510926707766032e+02 9.964671447999515976e+02 -6.560868878250412095e+00 0.000000000000000000e+00 0.000000000000000000e+00 -3.661904632869195098e-03 1.591781297082553101e-02 1.525712892449843962e-02 1.095926085735649327e-02
-1.947566271995492571e+02 9.899245902847826528e+02 -6.520004064144393929e+00 0.000000000000000000e+00 0.000000000000000000e+00 3.249825438570219660e-03 1.597257008080552390e-02 1.588761900677318137e-02 1.141532524797627714e-02
4.773841883103931991e+02 9.954922330050185337e+02 -8.092986097330493678e+00 0.000000000000000000e+00 0.000000000000000000e+00 -5.703406565798374572e-03 1.546112341799465648e-02 1.487131829640233466e-02 1.049754670428144042e-02
6.625972117923151927e+02 8.296582780666140025e+02 -7.859253069965399519e+00 0.000000000000000000e+00 0.000000000000000000e+00 2.882860479424209643e-03 1.639979654632435849e-02 1.566571511027941427e-02 1.144015851226520136e-02
8.526434815608148483e+02 1.000752109032337330e+03 -1.210143531442113840e+01 0.000000000000000000e+00 0.000000000000000000e+00 1.648479443556105650e-02 1.456318734637955005e-02 1.447809452970261375e-02 1.041904615713728187e-02
8.520075723050740635e+02 5.803738216169613224e+02 -7.921291837373679812e+00 0.000000000000000000e+00 0.000000000000000000e+00 -1.201721220400209234e-02 1.504715448559853889e-02 1.487410825417311705e-02 1.088404002875804563e-02
4.775238552266251872e+02 5.797962022297780322e+02 -3.959921240076928139e+00 0.000000000000000000e+00 0.000000000000000000e+00 1.317823025784647939e-02 1.591781297082553101e-02 1.525712892449843962e-02 1.095919225742057225e-02
-4.863887275251108235e+02 9.940323177553309506e+02 -8.143354208015400886e+00 0.000000000000000000e+00 0.000000000000000000e+00 6.695101490974408875e-03 1.462301784508969471e-02 1.514105927260765531e-02 1.089759469607924636e-02
-8.613699212497489270e+02 9.869826637328000061e+02 -1.204811595675121794e+01 0.000000000000000000e+00 0.000000000000000000e+00 -6.577160178634855470e-03 1.564557235999405535e-02 1.690194922351300963e-02 1.198876934975346212e-02
-8.615911614727243659e+02 5.721883388665597749e+02 -7.992292460069556626e+00 0.000000000000000000e+00 0.000000000000000000e+00 -4.807749625636681401e-03 1.468826685735684021e-02 1.583534872125393414e-02 1.139885151268461676e-02
-6.769014736557103333e+02 8.227421603783916453e+02 -7.939087903417001435e+00 0.000000000000000000e+00 0.000000000000000000e+00 -1.307831919729096626e-02 1.516824365906106580e-02 1.619821423088282225e-02 1.182548420838454122e-02
-4.860246784093965857e+02 5.729441464490803355e+02 -3.975060490568830041e+00 0.000000000000000000e+00 0.000000000000000000e+00 -6.625296798912660989e-03 1.597257008080552390e-02 1.588761900677318137e-02 1.141525070387251588e-02
1.806586101443473581e+03 2.087337110082279196e+03 -5.232540964231260006e+01 0.000000000000000000e+00 0.000000000000000000e+00 -5.894784698313060289e-03 1.327991121968310692e-02 1.442902692158096363e-02 1.040434671702853732e-02
2.181963366483719255e+03 2.508819787150443062e+03 -7.518837275318324487e+01 0.000000000000000000e+00 0.000000000000000000e+00 -5.989819741387236718e-03 1.523661560973484271e-02 1.690440404267959038e-02 1.233071274985898282e-02
2.180671552292908927e+03 2.088658171799736920e+03 -6.369511544764988997e+01 0.000000000000000000e+00 0.000000000000000000e+00 -8.988508665559891142e-03 1.516824365906106580e-02 1.619821423088282225e-02 1.182741663659733072e-02
1.991507182802190528e+03 2.337193303643982745e+03 -6.427346684219230610e+01 0.000000000000000000e+00 0.000000000000000000e+00 -1.937167969708752935e-02 1.516824365906106580e-02 1.619821423088282225e-02 1.182741251434616878e-02
1.806209877900771289e+03 2.502646377452537308e+03 -6.372438137214201959e+01 0.000000000000000000e+00 0.000000000000000000e+00 3.177470355907985322e-02 1.510506813375995551e-02 1.552016594764612026e-02 1.134498182277551663e-02
4.929517219245750539e+02 -2.004168696678491870e+03 -2.786731110037223758e+01 0.000000000000000000e+00 0.000000000000000000e+00 -1.619766796707722278e-04 1.421353429260676510e-02 1.451886158615727819e-02 1.081603808199300271e-02
8.683806323539154164e+02 -2.416588668291786234e+03 -4.355450683506743559e+01 0.000000000000000000e+00 0.000000000000000000e+00 6.322523691380865785e-03 1.510506813375995551e-02 1.552016594764612026e-02 1.134433459662794602e-02
4.940567610586744536e+02 -2.420590872737986047e+03 -3.966077385624435436e+01 0.000000000000000000e+00 0.000000000000000000e+00 1.829493373526247524e-02 1.427483037724689742e-02 1.518004599609654864e-02 1.127833681171435537e-02
6.780032155576800506e+02 -2.169152955312785252e+03 -3.400085681221754896e+01 0.000000000000000000e+00 0.000000000000000000e+00 -2.143903459355556151e-03 1.427483037724689742e-02 1.518004599609654864e-02 1.127815742814136830e-02
8.677860430634337945e+02 -1.996942681792119629e+03 -3.173538187643842789e+01 0.000000000000000000e+00 0.000000000000000000e+00 1.078401091663394595e-02 1.510506813375995551e-02 1.552016594764612026e-02 1.134393873207686573e-02
2.210898384968246773e+03 -3.159275530901158163e+03 -1.006198505725957659e+02 0.000000000000000000e+00 0.000000000000000000e+00 1.743863932395584015e-02 1.898343020239174131e-02 2.076800482267937217e-02 1.490618699593105993e-02
2.212072880344288478e+03 -2.738718893896381815e+03 -8.573597801439125021e+01 0.000000000000000000e+00 0.000000000000000000e+00 -1.045722669256576864e-02 1.664139629320214933e-02 1.830795673765404918e-02 1.332688517421859106e-02
1.837449299372846099e+03 -3.162358747256757397e+03 -8.949426262608342597e+01 0.000000000000000000e+00 0.000000000000000000e+00 3.962581394661413015e-02 1.757484130075562603e-02 1.936332377161314316e-02 1.391088693800353326e-02
1.837710689651218672e+03 -2.744948954953840257e+03 -7.446576365377470097e+01 0.000000000000000000e+00 0.000000000000000000e+00 2.524023978202194485e-02 1.523661560973484271e-02 1.690440404267959038e-02 1.233082104866069229e-02
2.021172017692247664e+03 -2.909171674929102664e+03 -8.550598804058287783e+01 0.000000000000000000e+00 0.000000000000000000e+00 3.459868756209516505e-02 1.891541332410553305e-02 2.005798785825201047e-02 1.439125801744508062e-02
1.541800401442835437e+03 -3.163978683539181475e+03 -8.204334093596742150e+01 0.000000000000000000e+00 0.000000000000000000e+00 2.664942030952488494e-02 1.664139629320214933e-02 1.830795673765404918e-02 1.332675201762740548e-02
1.168055230703132565e+03 -3.166621211270512504e+03 -7.446181032096269803e+01 0.000000000000000000e+00 0.000000000000000000e+00 1.759569413097494817e-02 1.664139629320214933e-02 1.830795673765404918e-02 1.332648102523047509e-02
1.542256438133196980e+03 -2.741822029367502637e+03 -6.671865804488679430e+01 0.000000000000000000e+00 0.000000000000000000e+00 2.119423253883212510e-02 1.523661560973484271e-02 1.690440404267959038e-02 1.233055971971241775e-02
1.352149595135332447e+03 -2.914249689464617859e+03 -6.854101721039235429e+01 0.000000000000000000e+00 0.000000000000000000e+00 4.037477933238164951e-03 1.657380233640366046e-02 1.760495412086432801e-02 1.282440301117553777e-02
1.165666363061276570e+03 -2.750156868313369159e+03 -5.913634229615153970e+01 0.000000000000000000e+00 0.000000000000000000e+00 2.095344716631331039e-02 1.567329488931083065e-02 1.658363021679042440e-02 1.227425752402272127e-02
8.720940581914107952e+02 -3.167251233410454915e+03 -6.987315534424682539e+01 0.000000000000000000e+00 0.000000000000000000e+00 -2.423501264701144464e-04 1.573947306060358847e-02 1.727407082698897978e-02 1.276003328890055848e-02
4.972843088984679412e+02 -3.168762375969543882e+03 -6.599209473935088965e+01 0.000000000000000000e+00 0.000000000000000000e+00 5.464439662858922020e-04 1.573947306060358847e-02 1.727407082698897978e-02 1.275990079923834675e-02
8.727505376616591093e+02 -2.747843741750667959e+03 -5.442003528731823536e+01 0.000000000000000000e+00 0.000000000000000000e+00 7.486635468033853158e-03 1.516824365906106580e-02 1.619821423088282225e-02 1.182713601550047441e-02
6.818258528453256986e+02 -2.918025683098157970e+03 -5.816114616493666034e+01 0.000000000000000000e+00 0.000000000000000000e+00 6.822442217611524029e-03 1.516824365906106580e-02 1.619821423088282225e-02 1.182726165649568284e-02
4.970608288605948246e+02 -2.753097198179451425e+03 -5.058788734888187122e+01 0.000000000000000000e+00 0.000000000000000000e+00 -3.076587193002922049e-02 1.516824365906106580e-02 1.619821423088282225e-02 1.182699723738345893e-02
1.249652007330730896e+01 -2.921674502318798204e+03 -5.468309029589676840e+01 0.000000000000000000e+00 0.000000000000000000e+00 1.276361632872635710e-02 1.516824365906106580e-02 1.619821423088282225e-02 1.182713760975272546e-02
2.033967119317495928e+02 -2.749731246201945396e+03 -4.886189826940982783e+01 0.000000000000000000e+00 0.000000000000000000e+00 -5.042336710687322920e-03 1.567329488931083065e-02 1.658363021679042440e-02 1.227387613406243604e-02
-1.717189741002636652e+02 -2.755504313750880101e+03 -4.896963192519599772e+01 0.000000000000000000e+00 0.000000000000000000e+00 2.675318165113793611e-02 1.481037944435663681e-02 1.559065243475322125e-02 1.174645689970859296e-02
2.038079750422197947e+02 -3.170387236458781445e+03 -6.447164533839934109e+01 0.000000000000000000e+00 0.000000000000000000e+00 -6.449637101141547646e-03 1.573947306060358847e-02 1.727407082698897978e-02 1.275984868669357425e-02
-1.717728545546812597e+02 -3.172279209253518729e+03 -6.445349822557268737e+01 0.000000000000000000e+00 0.000000000000000000e+00 1.013040959237798688e-02 1.573947306060358847e-02 1.727407082698897978e-02 1.275984820304055210e-02
2.851243572801950450e+03 2.510232488445808940e+03 -1.002758016991624288e+02 0.000000000000000000e+00 0.000000000000000000e+00 -1.759987441462840252e-02 1.959831298600505506e-02 2.257323470676473806e-02 1.636269257607350647e-02
2.662480657686865015e+03 2.338491258565165026e+03 -8.773008008294966942e+01 0.000000000000000000e+00 0.000000000000000000e+00 6.086676474298258199e-02 1.804709750326429982e-02 1.971252713717350571e-02 1.432281128157520539e-02
2.478896964656934415e+03 2.502084001016005459e+03 -8.533310488252963921e+01 0.000000000000000000e+00 0.000000000000000000e+00 -5.692227338826683081e-03 1.713939182506150558e-02 1.867690280954783025e-02 1.375635427836866681e-02
2.478975776275625776e+03 2.086506279806504153e+03 -7.412962997581843183e+01 0.000000000000000000e+00 0.000000000000000000e+00 2.496723008971457602e-02 1.523661560973484271e-02 1.690440404267959038e-02 1.233069276028289814e-02
2.854547425507181288e+03 2.090495216432114375e+03 -8.920855830349852056e+01 0.000000000000000000e+00 0.000000000000000000e+00 2.009787500581694530e-02 1.804709750326429982e-02 1.971252713717350571e-02 1.432289995436063917e-02
2.176231419773690050e+03 2.835828147481377073e+03 -8.527861803029466614e+01 0.000000000000000000e+00 0.000000000000000000e+00 -2.454763221902567238e-02 1.713939182506150558e-02 1.867690280954783025e-02 1.375633158578947780e-02
1.801549836983109799e+03 2.836309645569778695e+03 -7.416771038029661156e+01 0.000000000000000000e+00 0.000000000000000000e+00 -2.479558853266894403e-03 1.620107571221367573e-02 1.699006208984321642e-02 1.273979615876835551e-02
1.801874672897582059e+03 3.252553609322150805e+03 -8.906962240501965766e+01 0.000000000000000000e+00 0.000000000000000000e+00 3.940757109177184248e-03 1.798016335932608317e-02 1.901227806661369771e-02 1.382196866946579575e-02
1.986974482362428716e+03 3.086943400279662001e+03 -8.813088962936295445e+01 0.000000000000000000e+00 0.000000000000000000e+00 -2.906422067511016394e-03 1.841493779059120983e-02 1.873168538528935043e-02 1.379926395287110232e-02
2.177842302803465373e+03 3.257808596534918706e+03 -1.003112269086951045e+02 0.000000000000000000e+00 0.000000000000000000e+00 -3.194816820368373556e-03 2.116129757749434306e-02 2.548449086813016698e-02 1.844163524682528379e-02
2.186570992211776229e+03 1.757663477145079014e+03 -5.629037904055435604e+01 0.000000000000000000e+00 0.000000000000000000e+00 -2.627730738337419325e-02 1.468826685735684021e-02 1.583534872125393414e-02 1.140051223988246612e-02
1.812727596329724975e+03 1.334670317292681375e+03 -3.691009058342143589e+01 0.000000000000000000e+00 0.000000000000000000e+00 7.641525314490138499e-03 1.327991121968310692e-02 1.442902692158096363e-02 1.040390546762588395e-02
1.997281058141199992e+03 1.586897535466512863e+03 -4.679846321653354835e+01 0.000000000000000000e+00 0.000000000000000000e+00 -1.693687610393368459e-02 1.462301784508969471e-02 1.514105927260765531e-02 1.089897211043054474e-02
1.811299193690004358e+03 1.752182178231219950e+03 -4.469358284068926679e+01 0.000000000000000000e+00 0.000000000000000000e+00 6.100850998201678976e-03 1.462301784508969471e-02 1.514105927260765531e-02 1.089887398174532208e-02
2.187400348867620323e+03 1.335582234210909519e+03 -4.848286449851595137e+01 0.000000000000000000e+00 0.000000000000000000e+00 -7.961839263634828967e-02 2.931503541340270413e-02 3.064579276974333313e-02 2.154183499996721596e-02
1.136581548242395002e+03 2.833366812588442826e+03 -5.935932445695357274e+01 0.000000000000000000e+00 0.000000000000000000e+00 -1.643974706009032616e-02 1.462301784508969471e-02 1.514105927260765531e-02 1.089925424592960365e-02
1.510314264569444504e+03 2.834629523644051005e+03 -6.686696349433634623e+01 0.000000000000000000e+00 0.000000000000000000e+00 -2.727182157826746334e-03 1.651096860720200829e-02 1.692801458615719040e-02 1.234138582896262930e-02
1.134881919461730604e+03 3.248286766580388303e+03 -7.432718038342144951e+01 0.000000000000000000e+00 0.000000000000000000e+00 -2.372044285820607001e-02 1.835840663819098689e-02 1.809694188543675697e-02 1.335107043661904087e-02
1.319693667836914983e+03 3.083499150903956888e+03 -7.155181172874681295e+01 0.000000000000000000e+00 0.000000000000000000e+00 -1.821709765958701155e-02 1.701278242656364958e-02 1.732636997407805898e-02 1.280420663892240137e-02
1.509294735222264990e+03 3.254267175112163386e+03 -8.194192228292661184e+01 0.000000000000000000e+00 0.000000000000000000e+00 -2.786549786873138146e-02 1.847579715553748433e-02 1.939388841061888066e-02 1.426660493543485675e-02
-8.704463515103537929e+02 2.068213037207682646e+03 -3.260204547819154186e+01 0.000000000000000000e+00 0.000000000000000000e+00 1.131329717660634060e-02 1.374445923705877766e-02 1.445808565683391611e-02 1.007677998797579244e-02
-8.693215566777585082e+02 2.485150548142833486e+03 -4.414038358618122970e+01 0.000000000000000000e+00 0.000000000000000000e+00 -4.704996620787937900e-03 1.335358008057194873e-02 1.415784874089038095e-02 9.706911602806943609e-03
-4.968676423282905716e+02 2.070581997221801885e+03 -2.871074430315745829e+01 0.000000000000000000e+00 0.000000000000000000e+00 -8.075623307799872919e-03 1.388889958320872232e-02 1.593485380717483968e-02 1.117433440307466497e-02
-6.877286604157243346e+02 2.320751158797159860e+03 -3.717357082857567718e+01 0.000000000000000000e+00 0.000000000000000000e+00 -5.639904581833832253e-03 1.374445923705877766e-02 1.445808565683391611e-02 1.007691801361774997e-02
-4.963965693269412895e+02 2.489530418753734466e+03 -4.037124661564600103e+01 0.000000000000000000e+00 0.000000000000000000e+00 -1.907678923515732095e-02 1.469251753035822131e-02 1.485183919661981281e-02 1.015837692175276287e-02
2.857232379244363074e+03 1.760081639927519518e+03 -8.189837267307208890e+01 0.000000000000000000e+00 0.000000000000000000e+00 1.240095749952274673e-02 1.764802560554793939e-02 2.009789677745825454e-02 1.444185840627930373e-02
2.665908390583630535e+03 1.587917437453502089e+03 -7.056627505808860690e+01 0.000000000000000000e+00 0.000000000000000000e+00 -1.677910101308555113e-02 1.483472849472882750e-02 1.730265503332885715e-02 1.246005895668854391e-02
2.481181844552381790e+03 1.752846147211284460e+03 -6.663537076892309585e+01 0.000000000000000000e+00 0.000000000000000000e+00 1.842505979782060876e-02 1.523661560973484271e-02 1.690440404267959038e-02 1.233045977309691656e-02
2.858704557356681107e+03 1.338059634199154289e+03 -7.430707749459078570e+01 0.000000000000000000e+00 0.000000000000000000e+00 4.148773506216230089e-04 1.720105376968006708e-02 1.978107196235070683e-02 1.406362850072163072e-02
2.482783206854136097e+03 1.335630300036739527e+03 -5.904131522738252613e+01 0.000000000000000000e+00 0.000000000000000000e+00 -7.589044923022925104e-03 1.475886251752135149e-02 1.655702270616024943e-02 1.192155023863673835e-02
1.524633032216066795e+03 5.840972606050700051e+02 -2.058234871727172433e+01 0.000000000000000000e+00 0.000000000000000000e+00 1.350270631657579656e-02 1.416856884194818769e-02 1.478643204098188148e-02 1.047477609947338253e-02
1.523070906049232690e+03 1.006000449018022550e+03 -2.467957589944714414e+01 0.000000000000000000e+00 0.000000000000000000e+00 4.872243463112369000e-02 1.416856884194818769e-02 1.478643204098188148e-02 1.047489923407250202e-02
1.149467482630476297e+03 5.835368768979882361e+02 -1.266232639482316102e+01 0.000000000000000000e+00 0.000000000000000000e+00 8.207416109522469583e-03 1.456318734637955005e-02 1.447809452970261375e-02 1.041910615357937754e-02
1.332663782588240110e+03 8.341090399185752631e+02 -1.845911026683837974e+01 0.000000000000000000e+00 0.000000000000000000e+00 9.646777443954590581e-03 1.370015053418719743e-02 1.411288300143302699e-02 1.034758147144296259e-02
1.147852565457304536e+03 9.983294580816478856e+02 -1.672307901627585380e+01 0.000000000000000000e+00 0.000000000000000000e+00 1.848657973138401189e-02 1.410681104349820365e-02 1.410681104349817763e-02 9.975623122923557920e-03
-2.210306912934262527e+03 2.062096014382756039e+03 -6.402409040367919602e+01 0.000000000000000000e+00 0.000000000000000000e+00 1.735109496928544104e-02 1.579205387491556048e-02 1.667634466071283086e-02 1.132900298439229285e-02
-1.835865889843100149e+03 2.060765843669857531e+03 -5.247635634903820545e+01 0.000000000000000000e+00 0.000000000000000000e+00 -8.850336543943626566e-03 1.630594215197605362e-02 1.844089699680441508e-02 1.279600408303873879e-02
-1.836467609048753047e+03 2.478713668725584284e+03 -6.384698242035948113e+01 0.000000000000000000e+00 0.000000000000000000e+00 -2.074956297070684741e-02 1.719207458478276898e-02 1.807453523560625941e-02 1.231329497229345822e-02
-2.207470802713418379e+03 2.474805643120464538e+03 -7.502754794148737005e+01 0.000000000000000000e+00 0.000000000000000000e+00 2.240434800643242852e-02 1.706585603740233201e-02 1.667528776077073505e-02 1.124082533829922487e-02
-2.026331572955281445e+03 2.313095380849997582e+03 -6.466401806224145332e+01 0.000000000000000000e+00 0.000000000000000000e+00 -4.258480475840542567e-04 1.579205387491556048e-02 1.667634466071283086e-02 1.132899406969078634e-02
2.865823482177551796e+03 2.625097977350037581e+02 -6.464072085834840209e+01 0.000000000000000000e+00 0.000000000000000000e+00 5.583315779423969616e-02 1.757484130075562603e-02 1.936332377161314316e-02 1.390995300607254272e-02
2.490690741216819788e+03 -1.610442090792145393e+02 -4.909005268556423829e+01 0.000000000000000000e+00 0.000000000000000000e+00 3.465814843509917864e-02 1.609702975394929070e-02 1.724238274427487838e-02 1.239668426727916044e-02
2.675622808055634323e+03 9.115032269383387131e+01 -5.626304165108716404e+01 0.000000000000000000e+00 0.000000000000000000e+00 4.167774468417206890e-02 1.750610159008764849e-02 1.864996779173511143e-02 1.339349013146940923e-02
2.489887720174595415e+03 2.557959599024302406e+02 -4.916347049787100332e+01 0.000000000000000000e+00 0.000000000000000000e+00 4.587553503101560182e-02 1.564557235999405535e-02 1.690194922351300963e-02 1.199026984051701841e-02
2.866257839718473861e+03 -1.591236509270166266e+02 -6.456342137050624785e+01 0.000000000000000000e+00 0.000000000000000000e+00 1.034027165472650722e-02 2.251372160670231728e-02 2.191935843537339001e-02 1.548509710421130253e-02
-1.169428262876001327e+03 2.819650026726585111e+03 -5.946872138017278075e+01 0.000000000000000000e+00 0.000000000000000000e+00 2.432121894389638328e-02 1.475745925811754872e-02 1.555903984021357253e-02 1.069509016849620915e-02
-1.545869487379459770e+03 2.817441172542668937e+03 -6.710764535286884325e+01 0.000000000000000000e+00 0.000000000000000000e+00 -7.741978818103234516e-04 1.706585603740233201e-02 1.667528776077073505e-02 1.124034973903785019e-02
-1.362120497571685291e+03 3.069954405211015910e+03 -7.191127705301688877e+01 0.000000000000000000e+00 0.000000000000000000e+00 -1.013033177905242610e-02 1.811035685433297002e-02 1.778426935592575600e-02 1.185829944453114376e-02
-1.170980714956523798e+03 3.237632611081843152e+03 -7.454134588495510627e+01 0.000000000000000000e+00 0.000000000000000000e+00 -4.622127727857616719e-02 1.817223629860969733e-02 1.848045201920651623e-02 1.239940243280982825e-02
-1.544308629077115711e+03 3.235272781614538417e+03 -8.201341541326632978e+01 0.000000000000000000e+00 0.000000000000000000e+00 -1.636356177044717697e-03 2.050226326511061375e-02 1.962432602968563339e-02 1.294270884017629381e-02
2.678609870016663990e+03 -6.599520909343190169e+02 -5.929247634440939407e+01 0.000000000000000000e+00 0.000000000000000000e+00 -1.462019612093001797e-02 1.839996537529051818e-02 1.901474294911031926e-02 1.346680697581704653e-02
2.492798875357854740e+03 -9.118421652080425019e+02 -5.441319640243364120e+01 0.000000000000000000e+00 0.000000000000000000e+00 -2.694845255717837063e-02 1.698946406437224291e-02 1.760510668598781400e-02 1.246957987099306560e-02
2.868418195499823469e+03 -9.093489568665881961e+02 -6.985454030736816833e+01 0.000000000000000000e+00 0.000000000000000000e+00 -9.149026679139637963e-03 1.981049229033755160e-02 2.042452348949191920e-02 1.446443293356449410e-02
2.495429458750491449e+03 -4.956062097179330976e+02 -5.074568921991095749e+01 0.000000000000000000e+00 0.000000000000000000e+00 -3.283365393155435186e-02 1.744185902308714731e-02 1.796035713238137640e-02 1.289416833762603749e-02
2.867679819927629978e+03 -4.891792479559510411e+02 -6.606549868552048110e+01 0.000000000000000000e+00 0.000000000000000000e+00 -3.430185848475275634e-02 2.161179529219202367e-02 2.152723222435423689e-02 1.540625392808199837e-02
-2.503610846101898460e+03 2.056329367853913936e+03 -7.431501370032142972e+01 0.000000000000000000e+00 0.000000000000000000e+00 -2.628185431461815824e-03 1.866289620752634160e-02 2.020505794282329015e-02 1.385499028752659040e-02
-2.502799286545049654e+03 2.475654960153872707e+03 -8.544999072227183490e+01 0.000000000000000000e+00 0.000000000000000000e+00 2.419167463959581710e-02 1.817223629860969733e-02 1.848045201920651623e-02 1.240008420660012115e-02
-2.876889082638660057e+03 2.055798793158192893e+03 -8.932350919907109699e+01 0.000000000000000000e+00 0.000000000000000000e+00 -2.566643976085458689e-02 1.873626865315728557e-02 2.095475250169712492e-02 1.442278859690500868e-02
-2.876718604310506635e+03 2.471763127190166870e+03 -1.002432359786111107e+02 0.000000000000000000e+00 0.000000000000000000e+00 -2.863774330209878372e-02 2.059544038193185378e-02 2.337996101062831539e-02 1.630923895249350442e-02
-2.693308239587408480e+03 2.307092388751601902e+03 -8.810699780252099345e+01 0.000000000000000000e+00 0.000000000000000000e+00 -3.983483166334167436e-02 1.999661174996272828e-02 2.087595881708822348e-02 1.428878877077902933e-02
-1.845056426071973192e+03 2.807735054537130509e+03 -7.440351071394540838e+01 0.000000000000000000e+00 0.000000000000000000e+00 1.842738437900948156e-03 1.706585603740233201e-02 1.667528776077073505e-02 1.124068045941331931e-02
-2.219931824424162642e+03 2.809416860419427394e+03 -8.583423415980932702e+01 0.000000000000000000e+00 0.000000000000000000e+00 1.647519163360300354e-02 1.805287195581677800e-02 1.711442388032774140e-02 1.133516885566568724e-02
-2.032591198759791041e+03 3.057699219899055606e+03 -8.844025376472954747e+01 0.000000000000000000e+00 0.000000000000000000e+00 -2.326827894606253722e-03 1.846806252047224900e-02 1.808019192149691590e-02 1.223468704421250275e-02
-2.212663007760912024e+03 3.219586322508654121e+03 -1.000007960057144771e+02 0.000000000000000000e+00 0.000000000000000000e+00 -8.483834093044606561e-02 2.423759065117894046e-02 2.223047764498132725e-02 1.451119260399479430e-02
-1.839569001368872250e+03 3.221354749448550137e+03 -8.890613922417846027e+01 0.000000000000000000e+00 0.000000000000000000e+00 2.006197014154054159e-03 2.050226326511061375e-02 1.962432602968563339e-02 1.294309292671542121e-02
-2.875684759051841866e+03 1.725363864006416861e+03 -8.198311853012187100e+01 0.000000000000000000e+00 0.000000000000000000e+00 -5.987601066138381611e-03 1.778721505687470145e-02 2.059765446735040140e-02 1.434868206795509096e-02
-2.874704572249242574e+03 1.314509944843946187e+03 -7.463304440570090037e+01 0.000000000000000000e+00 0.000000000000000000e+00 5.635522530988623657e-02 2.012013494874816122e-02 2.705041691276293889e-02 1.918730759595610458e-02
-2.692556192141817064e+03 1.563493757629606307e+03 -7.119089107682283668e+01 0.000000000000000000e+00 0.000000000000000000e+00 1.520702506302029633e-02 1.926148028085353237e-02 2.575884852600793945e-02 1.801734467362175671e-02
-2.501660111401200993e+03 1.315403090582049344e+03 -5.943979524969766004e+01 0.000000000000000000e+00 0.000000000000000000e+00 9.940304320821269357e-04 1.843761100188146679e-02 2.323101232737704788e-02 1.642284287747992205e-02
-2.503044892589917254e+03 1.732723385943444782e+03 -6.704436967498473621e+01 0.000000000000000000e+00 0.000000000000000000e+00 8.201821748471616047e-03 1.830899743252246623e-02 1.994069364587912341e-02 1.352417660029593856e-02
-2.494138848635820068e+03 9.816346832813188712e+02 -5.459493316161729126e+01 0.000000000000000000e+00 0.000000000000000000e+00 4.969306815501539631e-02 1.885529253136506572e-02 2.350137401626581704e-02 1.674740565848390622e-02
-2.495850091230845919e+03 5.629455234983375931e+02 -5.083838259913139979e+01 0.000000000000000000e+00 0.000000000000000000e+00 4.394107591376439359e-02 1.967664997945292940e-02 2.332699055052317449e-02 1.690118935992680760e-02
-2.866587792564535448e+03 9.796697599842269710e+02 -6.978814204210617334e+01 0.000000000000000000e+00 0.000000000000000000e+00 -2.785643341567833886e-03 2.227681761085972129e-02 2.813593860656230308e-02 2.019695605862114468e-02
-2.686844504844756102e+03 8.159165707772498308e+02 -6.047429019807449890e+01 0.000000000000000000e+00 0.000000000000000000e+00 2.615013604622618004e-02 1.938437604958002936e-02 2.458247016478166611e-02 1.766469217097508052e-02
-2.869948906134293793e+03 5.610952018664594334e+02 -6.619681778978953446e+01 0.000000000000000000e+00 0.000000000000000000e+00 -7.178879516477820744e-02 2.133349550208834752e-02 2.705079242153984875e-02 1.956504120413400660e-02
-2.492122038980466186e+03 -1.897641222819959239e+02 -4.921722295160157756e+01 0.000000000000000000e+00 0.000000000000000000e+00 -7.317917170936993898e-03 2.016148519026690969e-02 2.366041948692601884e-02 1.729181942278437342e-02
-2.683502513585131510e+03 6.073592872658188213e+01 -5.657052956487815010e+01 0.000000000000000000e+00 0.000000000000000000e+00 4.087079447177188740e-02 1.967664997945292940e-02 2.332699055052317449e-02 1.690146240223626764e-02
-2.870029435809933602e+03 2.241043421844268266e+02 -6.472639894758570733e+01 0.000000000000000000e+00 0.000000000000000000e+00 2.250947435014438724e-02 1.835773993115627153e-02 2.271019918351482869e-02 1.646838291202267282e-02
-2.493289847264038144e+03 2.317051908864371228e+02 -4.923001131323948698e+01 0.000000000000000000e+00 0.000000000000000000e+00 1.143671267411150438e-02 1.789368418840531910e-02 2.240776044823386201e-02 1.611065341718198943e-02
-2.866684202264592841e+03 -1.922211514126215377e+02 -6.466640992001593702e+01 0.000000000000000000e+00 0.000000000000000000e+00 4.262265160359390848e-02 2.198900779127644853e-02 2.467833002271408935e-02 1.817853089306864858e-02
-5.027732482099777940e+02 2.819677829309755452e+03 -5.101509156569383663e+01 0.000000000000000000e+00 0.000000000000000000e+00 -5.061877626594935009e-03 1.469251753035822131e-02 1.485183919661981281e-02 1.015872491519267083e-02
-5.028995216989487176e+02 3.240174238803046592e+03 -6.625512759917232586e+01 0.000000000000000000e+00 0.000000000000000000e+00 -2.826141387912173286e-02 1.515324345032620541e-02 1.586461636446283643e-02 1.107142878827247455e-02
-8.758062179958578781e+02 2.818922770767755537e+03 -5.489520060980029825e+01 0.000000000000000000e+00 0.000000000000000000e+00 2.079547391879543738e-03 1.475745925811754872e-02 1.555903984021357253e-02 1.069493042433455367e-02
-6.942602230693224783e+02 3.071176698238130939e+03 -6.162805223985753855e+01 0.000000000000000000e+00 0.000000000000000000e+00 -3.655590143566911365e-02 1.609808402760779314e-02 1.625810785782056539e-02 1.115245447902749043e-02
-8.737253562884957319e+02 3.237934303050230028e+03 -7.000153840259974913e+01 0.000000000000000000e+00 0.000000000000000000e+00 -3.669420678906476496e-02 1.616252297440255031e-02 1.696180423437066223e-02 1.168486355823852157e-02
