0.002354 21.060874
0.005492 29.467589
0.002364 37.874303
0.004640 46.281018
0.008752 54.687732
0.009906 63.094446
0.006799 71.501161
0.007963 79.907875
0.006676 88.314590
0.007073 96.721304
0.006724 105.128018
0.007950 113.534733
0.007928 121.941447
0.007655 130.348162
0.006818 138.754876
0.004939 147.161590
0.007896 155.568305
0.008897 163.975019
0.008185 172.381734
0.008643 180.788448
0.007813 189.195162
0.008199 197.601877
0.006565 206.008591
0.008768 214.415306
0.010721 222.822020
0.008796 231.228734
0.008638 239.635449
0.007296 248.042163
0.008682 256.448878
0.006850 264.855592
0.008032 273.262306
0.006538 281.669021
0.006875 290.075735
0.008208 298.482450
0.007522 306.889164
0.012028 315.295878
0.009320 323.702593
0.008121 332.109307
0.010552 340.516022
0.008091 348.922736
0.009447 357.329450
0.008805 365.736165
0.004829 374.142879
0.010531 382.549594
0.005576 390.956308
0.008594 399.363023
0.007018 407.769737
0.006843 416.176451
0.008009 424.583166
0.008943 432.989880
0.008345 441.396595
0.004898 449.803309
0.006590 458.210023
0.006631 466.616738
0.007368 475.023452
0.006447 483.430167
0.009135 491.836881
0.008099 500.243595
0.007678 508.650310
0.007736 517.057024
0.006261 525.463739
0.006468 533.870453
0.008350 542.277167
0.006540 550.683882
0.007792 559.090596
0.007817 567.497311
0.007226 575.904025
0.006622 584.310739
0.006220 592.717454
0.008120 601.124168
0.006856 609.530883
0.006061 617.937597
0.006853 626.344311
0.008298 634.751026
0.011382 643.157740
0.009394 651.564455
0.007258 659.971169
0.004394 668.377883
0.013701 676.784598
0.005402 685.191312
0.006832 693.598027
0.010597 702.004741
0.007138 710.411455
0.005254 718.818170
0.004499 727.224884
0.005782 735.631599
0.008410 744.038313
0.009936 752.445027
0.008167 760.851742
0.002740 769.258456
0.015120 777.665171
0.005789 786.071885
0.003184 794.478599
0.001868 802.885314
nan 811.292028
nan 819.698743
0.002631 828.105457
nan 836.512171
nan 844.918886
0.001032 853.325600
