0.009925 56.258462
nan 63.071248
nan 69.884033
nan 76.696819
0.005389 83.509604
nan 90.322389
0.006161 97.135175
nan 103.947960
nan 110.760745
nan 117.573531
0.012677 124.386316
0.000612 131.199102
0.001457 138.011887
nan 144.824672
nan 151.637458
nan 158.450243
nan 165.263028
nan 172.075814
nan 178.888599
nan 185.701384
0.011621 192.514170
nan 199.326955
nan 206.139741
nan 212.952526
nan 219.765311
0.000573 226.578097
nan 233.390882
nan 240.203667
nan 247.016453
0.007346 253.829238
0.008274 260.642024
0.012505 267.454809
0.005885 274.267594
0.000906 281.080380
0.005732 287.893165
0.006734 294.705950
nan 301.518736
0.001501 308.331521
0.009279 315.144306
0.001992 321.957092
nan 328.769877
0.014541 335.582663
0.006344 342.395448
0.011771 349.208233
0.013763 356.021019
0.007662 362.833804
nan 369.646589
0.006575 376.459375
0.014668 383.272160
nan 390.084946
nan 396.897731
nan 403.710516
0.009709 410.523302
0.010437 417.336087
0.011175 424.148872
nan 430.961658
0.002920 437.774443
nan 444.587229
0.003493 451.400014
0.003392 458.212799
0.000928 465.025585
0.007812 471.838370
0.014006 478.651155
0.002469 485.463941
nan 492.276726
0.012549 499.089511
nan 505.902297
nan 512.715082
nan 519.527868
nan 526.340653
nan 533.153438
nan 539.966224
0.006959 546.779009
nan 553.591794
nan 560.404580
nan 567.217365
nan 574.030151
nan 580.842936
0.007623 587.655721
0.001329 594.468507
nan 601.281292
0.000127 608.094077
nan 614.906863
nan 621.719648
nan 628.532433
nan 635.345219
0.010270 642.158004
nan 648.970790
nan 655.783575
nan 662.596360
nan 669.409146
nan 676.221931
0.000778 683.034716
nan 689.847502
nan 696.660287
nan 703.473073
0.004109 710.285858
nan 717.098643
0.002235 723.911429
0.010843 730.724214
