0.004450 20.349511
0.002994 29.080466
0.006047 37.811421
0.005017 46.542375
0.007607 55.273330
0.006091 64.004285
0.007555 72.735240
0.007311 81.466195
0.006840 90.197149
0.006857 98.928104
0.007016 107.659059
0.007734 116.390014
0.005961 125.120969
0.007167 133.851923
0.007778 142.582878
0.006685 151.313833
0.007784 160.044788
0.006061 168.775742
0.006805 177.506697
0.005208 186.237652
0.010044 194.968607
0.005388 203.699562
0.006322 212.430516
0.006826 221.161471
0.007915 229.892426
0.006242 238.623381
0.007321 247.354336
0.005945 256.085290
0.007302 264.816245
0.008061 273.547200
0.008346 282.278155
0.006349 291.009109
0.005189 299.740064
0.006559 308.471019
0.008736 317.201974
0.006451 325.932929
0.006219 334.663883
0.008541 343.394838
0.007208 352.125793
0.008744 360.856748
0.006243 369.587703
0.008995 378.318657
0.007451 387.049612
0.005720 395.780567
0.008179 404.511522
0.008066 413.242477
0.005353 421.973431
0.007124 430.704386
0.006454 439.435341
0.004959 448.166296
0.008224 456.897250
0.008666 465.628205
0.007007 474.359160
0.006170 483.090115
0.006580 491.821070
0.009665 500.552024
0.005299 509.282979
0.008440 518.013934
0.005927 526.744889
0.006318 535.475844
0.006148 544.206798
0.006226 552.937753
0.005949 561.668708
0.005988 570.399663
0.007475 579.130617
0.007874 587.861572
0.006461 596.592527
0.007014 605.323482
0.006488 614.054437
0.008903 622.785391
0.007041 631.516346
0.007348 640.247301
0.007127 648.978256
0.008370 657.709211
0.007948 666.440165
0.011938 675.171120
0.005667 683.902075
0.003370 692.633030
0.007630 701.363984
0.009587 710.094939
0.011387 718.825894
0.009901 727.556849
0.006150 736.287804
0.003663 745.018758
0.005441 753.749713
0.006273 762.480668
0.007027 771.211623
0.009277 779.942578
0.008640 788.673532
0.007288 797.404487
0.005227 806.135442
0.006710 814.866397
0.007364 823.597352
nan 832.328306
0.008221 841.059261
nan 849.790216
0.009366 858.521171
nan 867.252125
nan 875.983080
0.003324 884.714035
