0.012427 40.952145
0.013164 48.498090
0.001418 56.044036
0.005461 63.589981
0.010768 71.135926
0.011833 78.681871
0.012014 86.227817
0.004574 93.773762
0.007478 101.319707
0.001869 108.865652
0.011376 116.411598
nan 123.957543
0.005377 131.503488
0.002572 139.049433
0.009601 146.595378
0.005496 154.141324
0.008057 161.687269
0.003183 169.233214
0.013133 176.779159
0.013844 184.325105
0.007482 191.871050
0.008113 199.416995
0.004975 206.962940
0.006842 214.508886
0.007987 222.054831
0.013086 229.600776
0.005706 237.146721
0.009404 244.692667
0.009423 252.238612
nan 259.784557
0.009450 267.330502
0.003620 274.876447
0.010110 282.422393
0.008740 289.968338
0.005196 297.514283
0.007511 305.060228
0.009001 312.606174
0.004665 320.152119
0.011822 327.698064
0.003455 335.244009
0.010446 342.789955
0.007609 350.335900
0.007214 357.881845
0.010304 365.427790
0.009600 372.973736
0.012024 380.519681
0.006072 388.065626
0.006022 395.611571
0.010237 403.157517
0.008533 410.703462
0.007996 418.249407
0.009360 425.795352
0.008750 433.341297
0.004444 440.887243
0.011045 448.433188
0.007632 455.979133
0.004615 463.525078
0.007839 471.071024
0.011261 478.616969
0.006457 486.162914
0.008563 493.708859
0.014135 501.254805
0.006112 508.800750
0.009626 516.346695
0.004706 523.892640
0.002531 531.438586
0.003656 538.984531
0.004786 546.530476
0.009094 554.076421
0.012076 561.622366
0.006766 569.168312
0.008710 576.714257
0.009378 584.260202
0.008112 591.806147
0.007553 599.352093
0.002256 606.898038
0.011699 614.443983
0.004315 621.989928
0.003767 629.535874
0.005400 637.081819
0.002076 644.627764
nan 652.173709
nan 659.719655
0.010770 667.265600
0.006623 674.811545
0.008465 682.357490
nan 689.903435
nan 697.449381
nan 704.995326
nan 712.541271
0.002150 720.087216
0.002121 727.633162
nan 735.179107
0.003539 742.725052
nan 750.270997
nan 757.816943
nan 765.362888
nan 772.908833
nan 780.454778
0.006178 788.000724
