0.005513 35.097308
nan 42.426282
0.004773 49.755256
0.003649 57.084230
0.004953 64.413204
nan 71.742178
0.000489 79.071152
0.003509 86.400126
0.011699 93.729100
0.006232 101.058074
0.001724 108.387048
nan 115.716022
nan 123.044996
nan 130.373970
0.005692 137.702944
0.006697 145.031918
0.006512 152.360893
nan 159.689867
0.005980 167.018841
0.008076 174.347815
0.004439 181.676789
nan 189.005763
0.003791 196.334737
0.005795 203.663711
0.000244 210.992685
nan 218.321659
nan 225.650633
0.005635 232.979607
nan 240.308581
nan 247.637555
nan 254.966529
nan 262.295503
0.003792 269.624477
0.004299 276.953451
0.001315 284.282425
0.005635 291.611399
nan 298.940374
0.003616 306.269348
0.005110 313.598322
0.002121 320.927296
nan 328.256270
0.002259 335.585244
0.010253 342.914218
0.003915 350.243192
0.002705 357.572166
0.006953 364.901140
0.002461 372.230114
0.002908 379.559088
0.002614 386.888062
0.002948 394.217036
0.004540 401.546010
0.006179 408.874984
0.003777 416.203958
0.004459 423.532932
nan 430.861906
0.003449 438.190881
0.003952 445.519855
0.007756 452.848829
nan 460.177803
0.001532 467.506777
0.003014 474.835751
0.002173 482.164725
0.003941 489.493699
0.000088 496.822673
0.001239 504.151647
0.001260 511.480621
0.008154 518.809595
0.002662 526.138569
0.004888 533.467543
0.004678 540.796517
0.007339 548.125491
nan 555.454465
nan 562.783439
0.005327 570.112413
0.003468 577.441387
0.006049 584.770362
nan 592.099336
0.005423 599.428310
nan 606.757284
0.002285 614.086258
0.000069 621.415232
0.001044 628.744206
0.005597 636.073180
nan 643.402154
nan 650.731128
0.005946 658.060102
nan 665.389076
0.010370 672.718050
0.004038 680.047024
nan 687.375998
nan 694.704972
nan 702.033946
nan 709.362920
0.005991 716.691894
nan 724.020868
0.001329 731.349843
0.001824 738.678817
nan 746.007791
nan 753.336765
0.005708 760.665739
