0.002541 20.404384
0.010190 29.245084
0.008837 38.085784
0.006345 46.926485
nan 55.767185
0.007934 64.607885
0.006278 73.448586
0.005423 82.289286
0.008707 91.129986
0.006133 99.970686
0.006780 108.811387
0.009966 117.652087
0.006109 126.492787
0.006512 135.333488
0.007864 144.174188
0.006412 153.014888
0.002777 161.855589
0.007440 170.696289
0.008935 179.536989
0.007484 188.377689
0.010042 197.218390
0.006186 206.059090
0.005992 214.899790
0.005870 223.740491
0.006797 232.581191
0.007421 241.421891
0.009210 250.262592
0.006359 259.103292
0.009161 267.943992
0.006092 276.784692
0.006634 285.625393
0.007781 294.466093
0.005135 303.306793
0.008340 312.147494
0.007696 320.988194
0.009651 329.828894
0.007666 338.669594
0.011001 347.510295
0.008923 356.350995
0.010810 365.191695
0.006927 374.032396
0.007813 382.873096
0.007735 391.713796
0.006734 400.554497
0.005527 409.395197
0.006445 418.235897
0.006827 427.076597
0.007869 435.917298
0.006470 444.757998
0.007054 453.598698
0.005370 462.439399
0.007855 471.280099
0.010772 480.120799
0.009494 488.961500
0.007064 497.802200
0.006027 506.642900
0.006209 515.483600
0.006671 524.324301
0.009302 533.165001
0.007673 542.005701
0.010519 550.846402
0.007671 559.687102
0.008356 568.527802
0.007010 577.368502
0.004602 586.209203
0.008665 595.049903
0.009005 603.890603
0.007445 612.731304
0.009605 621.572004
0.005689 630.412704
0.011367 639.253405
0.008062 648.094105
0.006466 656.934805
0.005529 665.775505
0.008242 674.616206
0.019226 683.456906
0.007492 692.297606
0.006102 701.138307
0.009453 709.979007
0.012445 718.819707
0.006599 727.660408
0.007920 736.501108
0.012013 745.341808
0.009786 754.182508
0.002899 763.023209
0.010656 771.863909
nan 780.704609
0.006745 789.545310
0.004405 798.386010
0.005431 807.226710
0.007992 816.067411
0.005685 824.908111
nan 833.748811
0.003926 842.589511
0.010846 851.430212
nan 860.270912
0.002646 869.111612
nan 877.952313
nan 886.793013
0.019177 895.633713
