# x y z x_res y_res z_res
2.840263080698306567e+03 2.501343923611042555e+03 -1.186260995888065111e+02 0.000000000000000000e+00 0.000000000000000000e+00 2.003536961232725844e-01
2.464968674950861896e+03 2.480796286568491269e+03 -1.032646647230161250e+02 0.000000000000000000e+00 0.000000000000000000e+00 1.700910689977490620e-01
2.848116299156342848e+03 2.079829707971773587e+03 -1.077437918545592623e+02 0.000000000000000000e+00 0.000000000000000000e+00 6.102789216592441335e-02
2.469810282732923952e+03 2.073035168133350908e+03 -9.252208436390648671e+01 0.000000000000000000e+00 0.000000000000000000e+00 6.057384742541671585e-02
2.477499073336953643e+03 1.735232942928432067e+03 -8.519599493036611193e+01 0.000000000000000000e+00 0.000000000000000000e+00 -5.138543760847369413e-02
2.847596391357583798e+03 1.742796042759834336e+03 -1.001986699705595498e+02 0.000000000000000000e+00 0.000000000000000000e+00 3.337953191089582106e-02
2.661452118516504015e+03 1.577270892058187655e+03 -8.925226433243888380e+01 0.000000000000000000e+00 0.000000000000000000e+00 1.732114303113974074e-02
2.844525231111086214e+03 1.323627098346234334e+03 -9.253694293227975720e+01 0.000000000000000000e+00 0.000000000000000000e+00 7.831740798752662158e-02
2.474895234671796970e+03 1.322484340271750398e+03 -7.759719144123577905e+01 0.000000000000000000e+00 0.000000000000000000e+00 2.739166721805474936e-02
2.483057689322836268e+03 9.947002027369350117e+02 -7.338710179345126505e+01 0.000000000000000000e+00 0.000000000000000000e+00 -2.291642334012067295e-02
2.857410276099572002e+03 9.962017996019756083e+02 -8.864528142050794202e+01 0.000000000000000000e+00 0.000000000000000000e+00 4.066998070499039386e-03
2.682557105819130811e+03 8.329367243770308278e+02 -7.952591683430379987e+01 0.000000000000000000e+00 0.000000000000000000e+00 -1.581327980034075154e-03
2.489462729039545593e+03 6.321069032569879482e+02 -7.013891565378683879e+01 0.000000000000000000e+00 0.000000000000000000e+00 3.597381079403305648e-02
2.832009151039017070e+03 6.313485672048805100e+02 -8.409424765551068504e+01 0.000000000000000000e+00 0.000000000000000000e+00 -1.077997012248488318e-02
2.857955724912249480e+03 3.104702064585991934e+02 -8.350912627281869050e+01 0.000000000000000000e+00 0.000000000000000000e+00 1.220188623432250097e-02
2.488680639871851781e+03 2.442462851028231512e+02 -6.814600431642897149e+01 0.000000000000000000e+00 0.000000000000000000e+00 8.534645768392579157e-03
2.649235874539211181e+03 1.010660819671643509e+02 -7.425252948390662766e+01 0.000000000000000000e+00 0.000000000000000000e+00 -5.081890524330390235e-02
2.861021734617016136e+03 -1.126304881801876405e+02 -8.330227561535815539e+01 0.000000000000000000e+00 0.000000000000000000e+00 -3.448049886796411556e-02
2.511616787729709358e+03 -1.282375607297579450e+02 -6.889129482361464341e+01 0.000000000000000000e+00 0.000000000000000000e+00 -9.425038684879893935e-02
2.507412982297723374e+03 -4.555302509238846369e+02 -7.002142611130553007e+01 0.000000000000000000e+00 0.000000000000000000e+00 4.653690230740892275e-02
2.840472879840820497e+03 -4.705332421084490306e+02 -8.382480490041172061e+01 0.000000000000000000e+00 0.000000000000000000e+00 2.359508334639315308e-02
2.685458553893714452e+03 -6.220674717752912102e+02 -7.832506316154280057e+01 0.000000000000000000e+00 0.000000000000000000e+00 -4.894263385752140039e-02
2.515203086713827815e+03 -8.848495161142304823e+02 -7.403326883448588092e+01 0.000000000000000000e+00 0.000000000000000000e+00 6.241747536449793188e-03
2.836440674082897203e+03 -9.020531724035114394e+02 -8.744277557275285062e+01 0.000000000000000000e+00 0.000000000000000000e+00 2.509980838479179965e-01
2.877449693375010156e+03 -1.203457743411595402e+03 -9.321877023543552809e+01 0.000000000000000000e+00 0.000000000000000000e+00 2.773667129204682169e-02
2.523689314495119561e+03 -1.231099505396191034e+03 -7.901049227455277446e+01 0.000000000000000000e+00 0.000000000000000000e+00 -5.346558946408208612e-02
2.689609638335840827e+03 -1.368967745062293034e+03 -8.790472816235899245e+01 0.000000000000000000e+00 0.000000000000000000e+00 -1.013150591528386713e-01
2.879959117649570999e+03 -1.609974319715195634e+03 -1.004265854641167834e+02 0.000000000000000000e+00 0.000000000000000000e+00 -1.990940396289886394e-02
2.509618657638833156e+03 -1.674038442259998874e+03 -8.653977661549981804e+01 0.000000000000000000e+00 0.000000000000000000e+00 -1.154897853059537738e-01
2.516638893311235734e+03 -1.956428404135256187e+03 -9.318021613072903619e+01 0.000000000000000000e+00 0.000000000000000000e+00 -2.986251305249254528e-02
2.853457071740219362e+03 -1.974266237462286881e+03 -1.072900076996855319e+02 0.000000000000000000e+00 0.000000000000000000e+00 3.483763943741706726e-01
2.701072675715982768e+03 -2.118199622097106840e+03 -1.045221164074446563e+02 0.000000000000000000e+00 0.000000000000000000e+00 3.276662569606969555e-02
2.882230564655102171e+03 -2.366736908620292525e+03 -1.188267811739970341e+02 0.000000000000000000e+00 0.000000000000000000e+00 3.103447013373283880e-03
2.523348222474234262e+03 -2.381247532037810743e+03 -1.047543189913441779e+02 0.000000000000000000e+00 0.000000000000000000e+00 3.629337074845295774e-02
2.242562514853171706e+03 -3.126052411018622024e+03 -1.194867325635816542e+02 0.000000000000000000e+00 0.000000000000000000e+00 3.581041238334137233e-04
1.882038603175539947e+03 -3.157567310124199594e+03 -1.096187980550908065e+02 0.000000000000000000e+00 0.000000000000000000e+00 -3.020269908584793939e-02
2.050989523533969077e+03 -2.922646147139785171e+03 -1.059619222269987233e+02 0.000000000000000000e+00 0.000000000000000000e+00 -6.712653940607538061e-02
1.861880624764433833e+03 -2.762184427804396819e+03 -9.479474706823754104e+01 0.000000000000000000e+00 0.000000000000000000e+00 1.927232288642244384e-02
2.231546837017086091e+03 -2.761314019080001344e+03 -1.062077353392577805e+02 0.000000000000000000e+00 0.000000000000000000e+00 -9.543412864701394938e-03
2.224023342888544903e+03 -2.433736718164480862e+03 -9.555248872949556471e+01 0.000000000000000000e+00 0.000000000000000000e+00 -5.450306283721317868e-02
1.848397922488217773e+03 -2.441533483449760752e+03 -8.408709826688095745e+01 0.000000000000000000e+00 0.000000000000000000e+00 2.384493837308809816e-02
2.029503924725255956e+03 -2.191801074009134481e+03 -8.228184020941742460e+01 0.000000000000000000e+00 0.000000000000000000e+00 6.298315435033430276e-02
1.838986368677085238e+03 -2.018316771733308315e+03 -7.199312426706026713e+01 0.000000000000000000e+00 0.000000000000000000e+00 2.061991611901703436e-02
2.213045932353341868e+03 -2.012620887432237851e+03 -8.357464814960472665e+01 0.000000000000000000e+00 0.000000000000000000e+00 -2.272784017317519556e-02
2.207944269710293611e+03 -1.689281573280533394e+03 -7.589853003014646049e+01 0.000000000000000000e+00 0.000000000000000000e+00 4.081193455557752259e-02
1.834301287781713427e+03 -1.689581690832054619e+03 -6.414747252697537760e+01 0.000000000000000000e+00 0.000000000000000000e+00 9.866759029844729412e-02
2.023821977514176979e+03 -1.434120585815109052e+03 -6.479688715039523572e+01 0.000000000000000000e+00 0.000000000000000000e+00 -2.302187044215031619e-02
1.834425491519246634e+03 -1.276099026455607373e+03 -5.633792277407206939e+01 0.000000000000000000e+00 0.000000000000000000e+00 5.462310167158079821e-02
2.182282191490366131e+03 -1.224228866999510956e+03 -6.645036649317944466e+01 0.000000000000000000e+00 0.000000000000000000e+00 -1.290784824782065243e-02
2.197970618539729003e+03 -9.367808677649874198e+02 -6.302233677072547380e+01 0.000000000000000000e+00 0.000000000000000000e+00 -3.609591064867601062e-02
1.827048374138364352e+03 -9.363249119623718570e+02 -5.130518050402278618e+01 0.000000000000000000e+00 0.000000000000000000e+00 3.627398230436540416e-02
2.001532397635374764e+03 -6.789294049262622366e+02 -5.388156015591361836e+01 0.000000000000000000e+00 0.000000000000000000e+00 5.726874230468581572e-03
1.816671686756750660e+03 -5.211022029634657429e+02 -4.709627555372408381e+01 0.000000000000000000e+00 0.000000000000000000e+00 4.105504202605914088e-03
2.189400339708974116e+03 -5.206539475647892914e+02 -5.881802139994057654e+01 0.000000000000000000e+00 0.000000000000000000e+00 -2.541642052486281500e-02
2.186769468576823783e+03 -1.790332985915320023e+02 -5.713913616862302547e+01 0.000000000000000000e+00 0.000000000000000000e+00 -8.957789888155787139e-02
1.812730838886334823e+03 -1.886084917596612627e+02 -4.542627746473105788e+01 0.000000000000000000e+00 0.000000000000000000e+00 7.102122651857456503e-02
1.994596522235328848e+03 6.600420879369303861e+01 -5.061598386008647310e+01 0.000000000000000000e+00 0.000000000000000000e+00 7.543626237591638528e-04
1.813247998187968051e+03 2.292847434405220497e+02 -4.546329246910306665e+01 0.000000000000000000e+00 0.000000000000000000e+00 2.256460691802431029e-02
2.183706684399749520e+03 2.346350168617211125e+02 -5.706410282034286752e+01 0.000000000000000000e+00 0.000000000000000000e+00 -1.296274924364126946e-03
2.170866399779505173e+03 5.607542448849178527e+02 -5.815155704357765387e+01 0.000000000000000000e+00 0.000000000000000000e+00 -3.033739803079527064e-03
1.799965096018013355e+03 5.651260371371985229e+02 -4.669105375703974659e+01 0.000000000000000000e+00 0.000000000000000000e+00 9.631370423264229430e-03
1.999173750589686279e+03 8.139572943574141846e+02 -5.468034481585368667e+01 0.000000000000000000e+00 0.000000000000000000e+00 5.664423729031398125e-02
1.818055861685708805e+03 9.783135033743941449e+02 -5.109153973705149099e+01 0.000000000000000000e+00 0.000000000000000000e+00 7.132503919325472452e-02
2.186059292117195128e+03 9.979227347859340398e+02 -6.275476526451326720e+01 0.000000000000000000e+00 0.000000000000000000e+00 2.907106186624019983e-02
2.180205449610386495e+03 1.322899286995653028e+03 -6.709848535362942812e+01 0.000000000000000000e+00 0.000000000000000000e+00 3.223692430492519634e-02
1.798615926969177963e+03 1.316671193713611956e+03 -5.528218634195026482e+01 0.000000000000000000e+00 0.000000000000000000e+00 -1.752751848594158446e-02
1.989958713540524968e+03 1.576150886165274414e+03 -6.542833415968991062e+01 0.000000000000000000e+00 0.000000000000000000e+00 4.871912982986259522e-02
1.800392734294475304e+03 1.733723545772421858e+03 -6.306005649132117696e+01 0.000000000000000000e+00 0.000000000000000000e+00 -1.843920879425553494e-02
2.174388517430864795e+03 1.739911136528221505e+03 -7.457450886170825299e+01 0.000000000000000000e+00 0.000000000000000000e+00 2.003133248706490122e-03
2.167687696132377823e+03 2.060703160411952467e+03 -8.163861176667957409e+01 0.000000000000000000e+00 0.000000000000000000e+00 1.014784846771163984e-01
1.793221819091900898e+03 2.065811284118644380e+03 -7.048029912094366978e+01 0.000000000000000000e+00 0.000000000000000000e+00 5.648160882969932572e-02
1.980586049758738227e+03 2.320198681683427367e+03 -8.253596874874195066e+01 0.000000000000000000e+00 0.000000000000000000e+00 -2.548449774295136194e-02
1.785238189134435288e+03 2.485776890223431565e+03 -8.171504417711440738e+01 0.000000000000000000e+00 0.000000000000000000e+00 2.248420661996419767e-02
2.163000804505245014e+03 2.498038595082776737e+03 -9.331543595541032232e+01 0.000000000000000000e+00 0.000000000000000000e+00 -1.516304804182766475e-02
2.157687103483566716e+03 2.815427125739739040e+03 -1.030700946810253384e+02 0.000000000000000000e+00 0.000000000000000000e+00 4.412983992764907271e-02
1.778866461266216447e+03 2.822791781527496823e+03 -9.216984530736742443e+01 0.000000000000000000e+00 0.000000000000000000e+00 -2.548637579150181409e-02
1.970515624809017254e+03 3.073292805791120372e+03 -1.062212500791083301e+02 0.000000000000000000e+00 0.000000000000000000e+00 2.752272939719091482e-02
1.776058579058736541e+03 3.236498282313063100e+03 -1.068413260803204423e+02 0.000000000000000000e+00 0.000000000000000000e+00 -2.621756220500515155e-02
2.150172050599685008e+03 3.240294664779313734e+03 -1.178378604599710684e+02 0.000000000000000000e+00 0.000000000000000000e+00 -1.204034539826182026e-02
1.515802318140858688e+03 3.231897025969202332e+03 -1.002998867362576618e+02 0.000000000000000000e+00 0.000000000000000000e+00 1.176462248101017849e-02
1.123550791313366972e+03 3.232278527549840874e+03 -9.258520005659298135e+01 0.000000000000000000e+00 0.000000000000000000e+00 -3.454953002562888287e-02
1.314661328694623307e+03 3.062874618014392581e+03 -8.976383059073218362e+01 0.000000000000000000e+00 0.000000000000000000e+00 7.774453120462965217e-02
1.126942389797986834e+03 2.813803838567238927e+03 -7.759385592678700050e+01 0.000000000000000000e+00 0.000000000000000000e+00 -7.962097467384410265e-05
1.506056298467512988e+03 2.811724656733268603e+03 -8.506311701699081596e+01 0.000000000000000000e+00 0.000000000000000000e+00 -2.093476635067759162e-02
1.507766994063087623e+03 2.482185581123222619e+03 -7.468184748179217536e+01 0.000000000000000000e+00 0.000000000000000000e+00 -2.613381268518821798e-02
1.134031146276644449e+03 2.477086650357728558e+03 -6.700981738381398145e+01 0.000000000000000000e+00 0.000000000000000000e+00 -3.008028148414609859e-03
1.312669920589033836e+03 2.314730816896345914e+03 -6.565073288978862820e+01 0.000000000000000000e+00 0.000000000000000000e+00 -1.206243487401508219e-01
1.131251194658203303e+03 2.063726555110629761e+03 -5.557428416450188280e+01 0.000000000000000000e+00 0.000000000000000000e+00 -1.208692235813657589e-02
1.513416439512381658e+03 2.049674833730614864e+03 -6.299684828771374612e+01 0.000000000000000000e+00 0.000000000000000000e+00 -3.407534573110382325e-02
1.506632668314419561e+03 1.741950730284728934e+03 -5.574728626952377653e+01 0.000000000000000000e+00 0.000000000000000000e+00 -9.777108553876701080e-04
1.141728626282702862e+03 1.731237408919335167e+03 -4.803577382949947605e+01 0.000000000000000000e+00 0.000000000000000000e+00 -8.359981607013367011e-02
1.318238619136807529e+03 1.605716766695420120e+03 -4.883502604903516442e+01 0.000000000000000000e+00 0.000000000000000000e+00 -8.750772996384625912e-02
1.517869960966527060e+03 1.361870694914133537e+03 -4.879375891988590297e+01 0.000000000000000000e+00 0.000000000000000000e+00 -9.940072794679366552e-02
1.141096908642959761e+03 1.310817834730997674e+03 -4.013551194858870019e+01 0.000000000000000000e+00 0.000000000000000000e+00 -7.042072761063167263e-02
1.163874307390903823e+03 1.034327962019122651e+03 -3.652297599083252067e+01 0.000000000000000000e+00 0.000000000000000000e+00 -7.848957692786484586e-04
1.498917309155171552e+03 1.025489311138561789e+03 -4.340758328363710916e+01 0.000000000000000000e+00 0.000000000000000000e+00 -6.157026702158674425e-02
1.353761655769350000e+03 8.333311563915618763e+02 -3.795082965093153859e+01 0.000000000000000000e+00 0.000000000000000000e+00 -3.300841675773114048e-02
1.517224994919542951e+03 6.100816640707840861e+02 -3.965056669094409614e+01 0.000000000000000000e+00 0.000000000000000000e+00 -7.231674682140720734e-02
1.156631786858083615e+03 5.609459751363589248e+02 -3.168451460847801116e+01 0.000000000000000000e+00 0.000000000000000000e+00 7.610583864293474221e-02
1.164391029733770665e+03 2.345580535329976897e+02 -3.021255205278016120e+01 0.000000000000000000e+00 0.000000000000000000e+00 -4.253740977613773566e-03
1.518832971584007737e+03 2.422660176262138521e+02 -3.776943302331214625e+01 0.000000000000000000e+00 0.000000000000000000e+00 7.156369093097225687e-02
1.349478381772079729e+03 7.560215065851117799e+01 -3.361012450527012163e+01 0.000000000000000000e+00 0.000000000000000000e+00 3.239861813699462800e-02
1.529704817352494274e+03 -1.377089074941354170e+02 -3.783698785235932860e+01 0.000000000000000000e+00 0.000000000000000000e+00 -5.099386827931340349e-02
1.157612066102125027e+03 -1.863451685663764010e+02 -2.999648988991870979e+01 0.000000000000000000e+00 0.000000000000000000e+00 -9.524271330102962452e-02
1.158291806406529076e+03 -5.213514900910753340e+02 -3.155430416424100315e+01 0.000000000000000000e+00 0.000000000000000000e+00 2.139964564111807022e-01
1.523175157689305706e+03 -5.250006160073287447e+02 -3.936688557539886801e+01 0.000000000000000000e+00 0.000000000000000000e+00 5.696338035318859738e-02
1.371022468689150173e+03 -6.598018361383903994e+02 -3.690296781878912924e+01 0.000000000000000000e+00 0.000000000000000000e+00 8.193121875211772931e-02
1.186758731111214274e+03 -9.291846374059150548e+02 -3.591335087020002703e+01 0.000000000000000000e+00 0.000000000000000000e+00 -1.258149510415051964e-02
1.526625257719739466e+03 -9.303900290144626979e+02 -4.326595332565886309e+01 0.000000000000000000e+00 0.000000000000000000e+00 9.347681971810573032e-02
1.567766918404366606e+03 -1.207790828800275222e+03 -4.809157915986713761e+01 0.000000000000000000e+00 0.000000000000000000e+00 -1.630462845427871343e-02
1.178551569986809909e+03 -1.265761694187200874e+03 -4.052333922474556971e+01 0.000000000000000000e+00 0.000000000000000000e+00 2.879476402695502202e-02
1.340000801102992682e+03 -1.387202535740950680e+03 -4.583110939333795386e+01 0.000000000000000000e+00 0.000000000000000000e+00 2.218616969364006763e-02
1.200427917377586937e+03 -1.664938112056926002e+03 -4.845825196497146692e+01 0.000000000000000000e+00 0.000000000000000000e+00 8.106040108390288879e-02
1.519450113470215683e+03 -1.660559785964534285e+03 -5.523081622959342951e+01 0.000000000000000000e+00 0.000000000000000000e+00 2.300317970199330375e-01
1.568724853747688257e+03 -1.961862518401984744e+03 -6.337805822212376938e+01 0.000000000000000000e+00 0.000000000000000000e+00 1.376606386963601381e-01
1.188832903619215358e+03 -2.013690020332321637e+03 -5.644669553970597775e+01 0.000000000000000000e+00 0.000000000000000000e+00 -6.430567985940172093e-02
1.374114107460640298e+03 -2.130852917089446237e+03 -6.327459874864432265e+01 0.000000000000000000e+00 0.000000000000000000e+00 2.039634915050214659e-03
1.204691292502017404e+03 -2.396705638023089250e+03 -6.747501258096394849e+01 0.000000000000000000e+00 0.000000000000000000e+00 -5.649432690859157447e-03
1.530027049382217228e+03 -2.392943672846241498e+03 -7.429956178356481189e+01 0.000000000000000000e+00 0.000000000000000000e+00 -5.317016443001421067e-03
1.535926249626577601e+03 -2.722751107863845391e+03 -8.498397611919281758e+01 0.000000000000000000e+00 0.000000000000000000e+00 -3.162344083249024607e-02
1.184786304049248429e+03 -2.776146177764960157e+03 -7.944320110957677628e+01 0.000000000000000000e+00 0.000000000000000000e+00 8.792143626925508215e-02
1.343536696302437349e+03 -2.907201833100126350e+03 -8.717124574684564209e+01 0.000000000000000000e+00 0.000000000000000000e+00 -6.901768993910195604e-02
1.542375456676512385e+03 -3.140393015847710103e+03 -1.002150201673630789e+02 0.000000000000000000e+00 0.000000000000000000e+00 -6.380004872639233326e-02
1.220976956777938994e+03 -3.152596698130275399e+03 -9.394384955047021890e+01 0.000000000000000000e+00 0.000000000000000000e+00 -1.464740348046689178e-02
9.166385888442068790e+02 -3.180977930693651615e+03 -9.008377297910297443e+01 0.000000000000000000e+00 0.000000000000000000e+00 6.422450400225443445e-02
5.488926717942433697e+02 -3.174159540844747426e+03 -8.568148031677210952e+01 0.000000000000000000e+00 0.000000000000000000e+00 -3.999633020039539133e-02
7.139655338541498395e+02 -2.940641997801262278e+03 -7.839847949491337431e+01 0.000000000000000000e+00 0.000000000000000000e+00 -3.414662073649310514e-02
5.223041426207838640e+02 -2.778378867779809298e+03 -7.072977530449040273e+01 0.000000000000000000e+00 0.000000000000000000e+00 -3.028290075617690036e-02
8.751014586123949357e+02 -2.764826167735246145e+03 -7.410019201355767393e+01 0.000000000000000000e+00 0.000000000000000000e+00 5.987054520957713066e-03
8.636973453453051661e+02 -2.440731766921142025e+03 -6.329313593260198445e+01 0.000000000000000000e+00 0.000000000000000000e+00 -4.940937770682296559e-02
4.980535018997894667e+02 -2.448468448245610034e+03 -5.961355021314004432e+01 0.000000000000000000e+00 0.000000000000000000e+00 -1.702908905669886508e-02
6.693885259132143801e+02 -2.182848152966361795e+03 -5.334640218752791441e+01 0.000000000000000000e+00 0.000000000000000000e+00 -1.269119088762664660e-01
4.983598779514929902e+02 -2.028720290680500057e+03 -4.760096705415693918e+01 0.000000000000000000e+00 0.000000000000000000e+00 -4.421256789625260808e-02
8.693047187886021447e+02 -2.014003053236294363e+03 -5.125061354484851250e+01 0.000000000000000000e+00 0.000000000000000000e+00 -7.950496112199800791e-02
8.723359409733204757e+02 -1.690804385557044270e+03 -4.360684467700234279e+01 0.000000000000000000e+00 0.000000000000000000e+00 -3.243507240398457725e-02
5.056891676303414442e+02 -1.696643758324465807e+03 -3.969994658703306811e+01 0.000000000000000000e+00 0.000000000000000000e+00 2.823754672718976622e-01
6.801418703643803383e+02 -1.449497601615928488e+03 -3.633956092175765207e+01 0.000000000000000000e+00 0.000000000000000000e+00 -6.061670494300130940e-02
4.829922731574749264e+02 -1.277284166982024317e+03 -3.146723654046087404e+01 0.000000000000000000e+00 0.000000000000000000e+00 5.064068429002333005e-02
8.776772217702142598e+02 -1.271656456407292126e+03 -3.567926867792461110e+01 0.000000000000000000e+00 0.000000000000000000e+00 1.085778709448490531e-01
8.692182068699258934e+02 -9.438983980576440445e+02 -3.087061727510497278e+01 0.000000000000000000e+00 0.000000000000000000e+00 3.976019322579915638e-02
4.950828241888582966e+02 -8.918575245189431371e+02 -2.615619528309367325e+01 0.000000000000000000e+00 0.000000000000000000e+00 -2.141344672051204157e-02
6.790343225679654324e+02 -6.949906165125372581e+02 -2.587170670917587501e+01 0.000000000000000000e+00 0.000000000000000000e+00 2.959376563143223393e-02
4.866088531266954078e+02 -5.299032781004001436e+02 -2.276322165857612134e+01 0.000000000000000000e+00 0.000000000000000000e+00 1.189161243097203169e-02
8.683999309563243969e+02 -5.155536776972624011e+02 -2.681697406335429079e+01 0.000000000000000000e+00 0.000000000000000000e+00 1.550335702686922446e-02
8.560552451110927450e+02 -1.906390393961738141e+02 -2.515812552706559302e+01 0.000000000000000000e+00 0.000000000000000000e+00 9.027379421114645197e-02
5.206242998226351801e+02 -1.731534503151895592e+02 -2.141807172387927238e+01 0.000000000000000000e+00 0.000000000000000000e+00 8.482044041415903735e-02
6.682955653341656443e+02 4.759513253552233891e+01 -2.264096488021629483e+01 0.000000000000000000e+00 0.000000000000000000e+00 4.466006731608018754e-02
8.679074414739810663e+02 2.280348727701322105e+02 -2.539932160449308540e+01 0.000000000000000000e+00 0.000000000000000000e+00 2.839386409894473218e-02
4.713403491656900428e+02 2.123064166875464593e+02 -2.111594643670020588e+01 0.000000000000000000e+00 0.000000000000000000e+00 4.927838341134105349e-02
4.752323660959622202e+02 5.524192099682002208e+02 -2.279685343755110694e+01 0.000000000000000000e+00 0.000000000000000000e+00 2.430534556992469675e-02
8.544117398271135926e+02 5.538738028439628351e+02 -2.681640576971830825e+01 0.000000000000000000e+00 0.000000000000000000e+00 6.893675803084065024e-02
6.503248654019481592e+02 8.038972991945796593e+02 -2.651805835433187752e+01 0.000000000000000000e+00 0.000000000000000000e+00 2.181255611306909259e-02
4.700996862819177409e+02 9.723000124077210558e+02 -2.680264083139930165e+01 0.000000000000000000e+00 0.000000000000000000e+00 -4.695436027897770259e-02
8.483980245544474883e+02 9.829884654675480533e+02 -3.087621488384298374e+01 0.000000000000000000e+00 0.000000000000000000e+00 6.685658345309164474e-02
8.480041896036843809e+02 1.305056027213074458e+03 -3.547235439682683023e+01 0.000000000000000000e+00 0.000000000000000000e+00 6.798309124413037807e-03
4.697257049704094811e+02 1.299068344115684567e+03 -3.145694127501697679e+01 0.000000000000000000e+00 0.000000000000000000e+00 -6.338621516601250505e-03
6.485416801319818205e+02 1.550541793105672923e+03 -3.749167824596975152e+01 0.000000000000000000e+00 0.000000000000000000e+00 -4.892923038922702972e-02
8.378174491252165126e+02 1.731329975660271884e+03 -4.336033618461530637e+01 0.000000000000000000e+00 0.000000000000000000e+00 -3.234451469959509495e-02
4.653960043876116401e+02 1.724908248143108267e+03 -3.943931945364315084e+01 0.000000000000000000e+00 0.000000000000000000e+00 2.281376876877061477e-02
8.374451732868324143e+02 2.049025985797603880e+03 -5.073859812949551440e+01 0.000000000000000000e+00 0.000000000000000000e+00 2.060855607027178849e-03
4.674873302162658320e+02 2.047941997416595768e+03 -4.697348413456685989e+01 0.000000000000000000e+00 0.000000000000000000e+00 -6.346282308072659362e-03
6.417868723885625286e+02 2.300872129985235460e+03 -5.520008629965044378e+01 0.000000000000000000e+00 0.000000000000000000e+00 -3.774021187133058675e-02
8.363333756848545590e+02 2.477180517944648273e+03 -6.252796761430213479e+01 0.000000000000000000e+00 0.000000000000000000e+00 -9.319662156187291657e-03
4.561370488620178207e+02 2.471030230646837481e+03 -5.857644498447363901e+01 0.000000000000000000e+00 0.000000000000000000e+00 6.501232621865682404e-02
4.482088605273929716e+02 2.806795183540075868e+03 -6.924272210713380105e+01 0.000000000000000000e+00 0.000000000000000000e+00 -1.453810008747637994e-01
6.327540055152686591e+02 3.052977886026482793e+03 -7.940703879710846991e+01 0.000000000000000000e+00 0.000000000000000000e+00 1.116714649934635872e-02
4.497685617133349751e+02 3.218385985983436512e+03 -8.409859398527348162e+01 0.000000000000000000e+00 0.000000000000000000e+00 -4.357816291785354679e-02
8.420523162921618905e+02 3.217720660104081617e+03 -8.788167633479245922e+01 0.000000000000000000e+00 0.000000000000000000e+00 -4.914372343874617854e-02
8.592970973102428616e+02 2.813046070955020241e+03 -7.353876353802434096e+01 0.000000000000000000e+00 0.000000000000000000e+00 2.793831045224237641e-02
1.546372821802892759e+02 3.217790865914979804e+03 -8.273305291593271704e+01 0.000000000000000000e+00 0.000000000000000000e+00 -8.217362759167201602e-02
1.391054426830446777e+00 3.076564915974131509e+03 -7.724573247712989144e+01 0.000000000000000000e+00 0.000000000000000000e+00 2.109222372823182923e-03
-2.095932300064341689e+02 3.210547870813233203e+03 -8.260641394892726908e+01 0.000000000000000000e+00 0.000000000000000000e+00 -3.499614958457186731e-03
-2.058220798958124078e+02 2.860541413099550482e+03 -6.987064370425454740e+01 0.000000000000000000e+00 0.000000000000000000e+00 -3.811367945766619414e-02
1.300248709097552364e+02 2.816272527034242557e+03 -6.816327544836573793e+01 0.000000000000000000e+00 0.000000000000000000e+00 -2.149608478370623743e-02
1.597021623921994546e+02 2.525395362342130738e+03 -5.882640345550254324e+01 0.000000000000000000e+00 0.000000000000000000e+00 -9.968666887168353696e-03
-1.724739221080544098e+02 2.479541702803501721e+03 -5.746366382403516582e+01 0.000000000000000000e+00 0.000000000000000000e+00 3.673234084715204517e-02
-3.055647307635866738e+01 2.348259325798487680e+03 -5.337902699622532054e+01 0.000000000000000000e+00 0.000000000000000000e+00 -9.154915458957191277e-03
-1.681644346004698036e+02 2.060762143304110396e+03 -4.582202801603658315e+01 0.000000000000000000e+00 0.000000000000000000e+00 -9.092548597912752939e-03
1.643780605170094873e+02 2.045844432592432668e+03 -4.543534310541737398e+01 0.000000000000000000e+00 0.000000000000000000e+00 3.602914247507271739e-02
1.982334117092787551e+02 1.783541298738011619e+03 -3.932982272945789504e+01 0.000000000000000000e+00 0.000000000000000000e+00 2.049805968077578200e-03
-1.867098397138991572e+02 1.718044144372922347e+03 -3.787351161432032143e+01 0.000000000000000000e+00 0.000000000000000000e+00 -1.803671966931119641e-02
-2.913389653010540670e+01 1.592447818331541384e+03 -3.502369163407099961e+01 0.000000000000000000e+00 0.000000000000000000e+00 -2.647586570325444200e-02
-1.894202859963188530e+02 1.293239794373839914e+03 -2.990743543254389891e+01 0.000000000000000000e+00 0.000000000000000000e+00 4.192381212470053242e-02
1.814690327466685744e+02 1.299885094304801441e+03 -2.999216098517372586e+01 0.000000000000000000e+00 0.000000000000000000e+00 5.583163868461227253e-02
2.170154183589928607e+02 1.030213596316808662e+03 -2.615674218744119628e+01 0.000000000000000000e+00 0.000000000000000000e+00 -3.427133286993822026e-02
-1.752683935898302252e+02 9.633013598874681520e+02 -2.518605549002984390e+01 0.000000000000000000e+00 0.000000000000000000e+00 2.490723239860770377e-02
-2.672147590978436682e+01 8.460965580355311886e+02 -2.360822251296986352e+01 0.000000000000000000e+00 0.000000000000000000e+00 -5.278731577614692583e-02
-1.755552344439366266e+02 5.499105439933707657e+02 -2.122545013528105073e+01 0.000000000000000000e+00 0.000000000000000000e+00 2.966215551589712618e-02
1.854835198215121181e+02 5.542738407459908103e+02 -2.128465783197336592e+01 0.000000000000000000e+00 0.000000000000000000e+00 8.289313559308553181e-02
2.264764062080480471e+02 2.585604939686191983e+02 -1.988825738356281292e+01 0.000000000000000000e+00 0.000000000000000000e+00 6.208095235248478616e-02
-1.837720569374231445e+02 2.182438036918372859e+02 -1.962530778114712504e+01 0.000000000000000000e+00 0.000000000000000000e+00 -2.627649505846818556e-02
4.770059982397677700e+00 1.042139095814083305e+02 -1.911980562914394710e+01 0.000000000000000000e+00 0.000000000000000000e+00 2.321635901390450840e-02
2.097384334242106547e+02 -1.921826124812358785e+02 -1.964071464519010135e+01 0.000000000000000000e+00 0.000000000000000000e+00 5.296729938804034532e-02
-1.769754113785317031e+02 -2.010539632712133766e+02 -1.956141293744336451e+01 0.000000000000000000e+00 0.000000000000000000e+00 1.081445320483709338e-01
-1.359653003115564616e+02 -5.069182263015279659e+02 -2.085404882197246224e+01 0.000000000000000000e+00 0.000000000000000000e+00 6.620464116557656098e-02
2.015535606075865189e+02 -5.310393698434053249e+02 -2.119372932361068251e+01 0.000000000000000000e+00 0.000000000000000000e+00 4.300671154899760040e-02
3.063220361261308256e+01 -6.998536225350828772e+02 -2.221623673334311277e+01 0.000000000000000000e+00 0.000000000000000000e+00 4.760969923589541963e-02
2.403559521076667238e+02 -9.065784021955170147e+02 -2.482050761003834083e+01 0.000000000000000000e+00 0.000000000000000000e+00 4.668241047938792576e-02
-1.607581024047680103e+02 -9.474816913690439151e+02 -2.505398808816286760e+01 0.000000000000000000e+00 0.000000000000000000e+00 3.286150662635733966e-02
-1.404479270655577352e+02 -1.248367687982205098e+03 -2.927886719952467942e+01 0.000000000000000000e+00 0.000000000000000000e+00 -3.451794765085480776e-02
2.074270332616027872e+02 -1.280177676538030028e+03 -2.998649764321616118e+01 0.000000000000000000e+00 0.000000000000000000e+00 4.368050345083318575e-02
2.320367281135762028e+01 -1.441836966997451555e+03 -3.249075657454690003e+01 0.000000000000000000e+00 0.000000000000000000e+00 1.417662619468273988e-02
-1.537417152096804216e+02 -1.696534072424906299e+03 -3.783976820277512587e+01 0.000000000000000000e+00 0.000000000000000000e+00 5.401397081669756517e-02
2.057070047373001671e+02 -1.706765479726698231e+03 -3.821408862448799937e+01 0.000000000000000000e+00 0.000000000000000000e+00 -3.392602830292190674e-02
2.530700382377722235e+02 -2.001441791702101909e+03 -4.542632337555058086e+01 0.000000000000000000e+00 0.000000000000000000e+00 -2.803174773098504602e-02
-1.363152824247911212e+02 -2.033051979334183443e+03 -4.588364997076949692e+01 0.000000000000000000e+00 0.000000000000000000e+00 -8.239839839114893039e-02
2.687571677293281525e+01 -2.199156865572941570e+03 -5.025375803333565727e+01 0.000000000000000000e+00 0.000000000000000000e+00 -1.876558702925024136e-03
2.197101795449273141e+02 -2.446251495471537055e+03 -5.796748119598430549e+01 0.000000000000000000e+00 0.000000000000000000e+00 6.207689993763665370e-02
-1.523289071869339750e+02 -2.448918415624671979e+03 -5.785264545855756779e+01 0.000000000000000000e+00 0.000000000000000000e+00 -1.581740534087572314e-02
-1.265648821470758207e+02 -2.767516107775284127e+03 -6.834204181103336850e+01 0.000000000000000000e+00 0.000000000000000000e+00 -3.666136218868132346e-03
2.188381616563285093e+02 -2.777243119283611577e+03 -6.893200144832832166e+01 0.000000000000000000e+00 0.000000000000000000e+00 -1.389480513353191782e-03
5.273748451811844973e+01 -2.934319412541300153e+03 -7.422835993043482006e+01 0.000000000000000000e+00 0.000000000000000000e+00 3.814659514758034220e-02
-1.409702717902439986e+02 -3.193967485472896442e+03 -8.429853485678157199e+01 0.000000000000000000e+00 0.000000000000000000e+00 1.355521157494905538e-01
2.279786558249966220e+02 -3.192524279455383748e+03 -8.448852449460787284e+01 0.000000000000000000e+00 0.000000000000000000e+00 2.425986421361869816e-02
-8.227866591740390732e+02 -3.127881994521612341e+03 -8.676111641956249798e+01 0.000000000000000000e+00 0.000000000000000000e+00 9.314666061932541652e-02
-4.421897437571901719e+02 -3.146019157888321388e+03 -8.376322025672746463e+01 0.000000000000000000e+00 0.000000000000000000e+00 4.020330476720346269e-03
-6.319876555366809043e+02 -2.959911005033975471e+03 -7.825432859697319543e+01 0.000000000000000000e+00 0.000000000000000000e+00 -5.145167376593917652e-02
-8.166861367942121888e+02 -2.799338502727515333e+03 -7.453725006604956604e+01 0.000000000000000000e+00 0.000000000000000000e+00 2.472078403732780316e-02
-4.576613279751175014e+02 -2.776554039665819346e+03 -7.017105282009593736e+01 0.000000000000000000e+00 0.000000000000000000e+00 1.806237147181377622e-02
-8.120249992893648141e+02 -2.448761399339884065e+03 -6.286167893503750292e+01 0.000000000000000000e+00 0.000000000000000000e+00 -6.844070461886531120e-02
-4.778028304702543210e+02 -2.436525561251662566e+03 -5.908626050429818832e+01 0.000000000000000000e+00 0.000000000000000000e+00 7.224203146144247967e-03
-6.399417331576370316e+02 -2.196245907291516687e+03 -5.341606049575501913e+01 0.000000000000000000e+00 0.000000000000000000e+00 -5.373454331670046713e-02
-8.257332006877235244e+02 -2.035150388141337089e+03 -5.121306730325017043e+01 0.000000000000000000e+00 0.000000000000000000e+00 -1.164211111132900101e-01
-4.915123726509178823e+02 -2.014058290373264299e+03 -4.716642049463567332e+01 0.000000000000000000e+00 0.000000000000000000e+00 1.579869326737082247e-02
-8.248743065964647485e+02 -1.715962215093126588e+03 -4.351603235145965698e+01 0.000000000000000000e+00 0.000000000000000000e+00 -1.010310878940003931e-01
-4.945656635627138371e+02 -1.685570799252253437e+03 -3.936947509948430479e+01 0.000000000000000000e+00 0.000000000000000000e+00 -5.389444827738998356e-02
-6.500157306954672549e+02 -1.467339010347455996e+03 -3.635456431650248277e+01 0.000000000000000000e+00 0.000000000000000000e+00 -1.658125738451587949e-02
-8.422186731360675367e+02 -1.288264475244903224e+03 -3.546564135726749356e+01 0.000000000000000000e+00 0.000000000000000000e+00 -5.718759539794149305e-02
-4.668723811327512863e+02 -1.235359927486591232e+03 -3.066322189484451854e+01 0.000000000000000000e+00 0.000000000000000000e+00 2.247069613772723073e-02
-8.275519028867058751e+02 -9.675487194579120569e+02 -3.059615614216414770e+01 0.000000000000000000e+00 0.000000000000000000e+00 -8.333702725078140361e-02
-4.588300058514867032e+02 -9.657983743372682284e+02 -2.676637114938148088e+01 0.000000000000000000e+00 0.000000000000000000e+00 4.412640012972701697e-02
-6.776592055817760638e+02 -7.133922969140900250e+02 -2.602427160906191972e+01 0.000000000000000000e+00 0.000000000000000000e+00 9.646464147031963421e-03
-8.468313305016065442e+02 -5.500214292824255153e+02 -2.675822916005543917e+01 0.000000000000000000e+00 0.000000000000000000e+00 -5.669590344571417972e-02
-4.985214076377216088e+02 -5.111236032773656461e+02 -2.273123919536507742e+01 0.000000000000000000e+00 0.000000000000000000e+00 -6.361829305472355145e-03
-8.255677426035583721e+02 -2.145014551724990497e+02 -2.481099032713685659e+01 0.000000000000000000e+00 0.000000000000000000e+00 -2.584636187955169362e-02
-4.597292385159973946e+02 -2.064394660278287006e+02 -2.102088093923081047e+01 0.000000000000000000e+00 0.000000000000000000e+00 4.746766552213088630e-02
-6.566194888180114049e+02 4.016979254758146567e+01 -2.251328341880246597e+01 0.000000000000000000e+00 0.000000000000000000e+00 -5.535199066780549515e-02
-8.516298855550493272e+02 2.154855192362064713e+02 -2.514136019403821365e+01 0.000000000000000000e+00 0.000000000000000000e+00 -2.557106948429321847e-02
-4.755788048255888043e+02 2.219482700048010315e+02 -2.117463588053146850e+01 0.000000000000000000e+00 0.000000000000000000e+00 -3.219556299075421180e-02
-8.350611420596923153e+02 5.306534438986241184e+02 -2.639818590247027430e+01 0.000000000000000000e+00 0.000000000000000000e+00 3.147000218061535293e-02
-4.678915091431325095e+02 5.463625608969780387e+02 -2.269952129999236945e+01 0.000000000000000000e+00 0.000000000000000000e+00 1.789900987528625365e-02
-6.525376376419309281e+02 7.852206411587801540e+02 -2.635388887904418809e+01 0.000000000000000000e+00 0.000000000000000000e+00 1.701932925312377165e-02
-8.458528967444381124e+02 9.575436228955422848e+02 -3.053287524738708925e+01 0.000000000000000000e+00 0.000000000000000000e+00 -5.982946806199151979e-03
-5.175054427977054274e+02 9.798157208495629220e+02 -2.726546841803736498e+01 0.000000000000000000e+00 0.000000000000000000e+00 1.365793425631878222e-02
-8.448934030635637100e+02 1.275655950287672567e+03 -3.495844166448510748e+01 0.000000000000000000e+00 0.000000000000000000e+00 -2.127793231413477315e-02
-4.974917197158611089e+02 1.298261255769487434e+03 -3.165518827508881117e+01 0.000000000000000000e+00 0.000000000000000000e+00 -3.115923747518678510e-02
-6.765694937260237793e+02 1.545573785965025991e+03 -3.768679928528423062e+01 0.000000000000000000e+00 0.000000000000000000e+00 -2.757587114643200721e-02
-8.427159294376137950e+02 1.711440082985581057e+03 -4.300180217853720421e+01 0.000000000000000000e+00 0.000000000000000000e+00 2.845908374926864326e-02
-4.759426049696012910e+02 1.731078482134447540e+03 -3.964888465243204507e+01 0.000000000000000000e+00 0.000000000000000000e+00 -3.247341513698387416e-02
-8.621365528893710461e+02 2.029309434280078449e+03 -5.057062781749314695e+01 0.000000000000000000e+00 0.000000000000000000e+00 -1.326907719942482800e-03
-5.046548753185879832e+02 2.043979760246144224e+03 -4.715392613882692530e+01 0.000000000000000000e+00 0.000000000000000000e+00 1.097843224088279612e-02
-6.806727203262601051e+02 2.288335499601536412e+03 -5.524521797851551241e+01 0.000000000000000000e+00 0.000000000000000000e+00 -6.085205729014830922e-03
-8.532308072745519212e+02 2.462125085283569206e+03 -6.229599625447793443e+01 0.000000000000000000e+00 0.000000000000000000e+00 -3.206207437528263426e-02
-5.212910912074725047e+02 2.482640585789222314e+03 -5.941453571109816068e+01 0.000000000000000000e+00 0.000000000000000000e+00 3.037151147836425480e-03
-8.428228925788165498e+02 2.805811217252449296e+03 -7.308186746301062442e+01 0.000000000000000000e+00 0.000000000000000000e+00 -6.462819225563976033e-02
-4.983663983649086049e+02 2.794648446280346434e+03 -6.919426567601796307e+01 0.000000000000000000e+00 0.000000000000000000e+00 -8.950863247676466017e-02
-6.698468647749641605e+02 3.042589310589229626e+03 -7.939369814835029615e+01 0.000000000000000000e+00 0.000000000000000000e+00 -5.856217410824626768e-02
-8.434008872429104713e+02 3.208018179467390382e+03 -8.752870912084034671e+01 0.000000000000000000e+00 0.000000000000000000e+00 -9.205555634274276144e-02
-5.334956797226006984e+02 3.218887589074163316e+03 -8.473712251198715251e+01 0.000000000000000000e+00 0.000000000000000000e+00 -3.014949508525432975e-02
-1.481903872264810389e+03 -3.163203941650333036e+03 -9.970884503128336007e+01 0.000000000000000000e+00 0.000000000000000000e+00 4.570566205977399932e-02
-1.117848094978627159e+03 -3.142800764701552907e+03 -9.172461584080562602e+01 0.000000000000000000e+00 0.000000000000000000e+00 -3.528579154793476391e-02
-1.304719874846329731e+03 -2.966219641505455911e+03 -8.852890569944901245e+01 0.000000000000000000e+00 0.000000000000000000e+00 -1.004816231189380460e-01
-1.471946862320935452e+03 -2.793150053040747935e+03 -8.591603360469640904e+01 0.000000000000000000e+00 0.000000000000000000e+00 -9.091243838231832797e-02
-1.114411533377658088e+03 -2.784839949403617993e+03 -7.849272641002339412e+01 0.000000000000000000e+00 0.000000000000000000e+00 -3.906385685604618629e-02
-1.474104283426911479e+03 -2.468138529133367228e+03 -7.529024372134952614e+01 0.000000000000000000e+00 0.000000000000000000e+00 5.626764080258794820e-02
-1.134293788580237106e+03 -2.456721029640873439e+03 -6.802785299528160579e+01 0.000000000000000000e+00 0.000000000000000000e+00 6.366676455898812037e-02
-1.290202684325825885e+03 -2.205650351846637932e+03 -6.357803580955465605e+01 0.000000000000000000e+00 0.000000000000000000e+00 -4.736699036634206550e-03
-1.473167807377205463e+03 -2.045368362972446221e+03 -6.322199539625524523e+01 0.000000000000000000e+00 0.000000000000000000e+00 6.888650308692234603e-02
-1.112931671281096214e+03 -2.031264083110751699e+03 -5.552048315045351501e+01 0.000000000000000000e+00 0.000000000000000000e+00 -6.415200377416852007e-02
-1.483085470833751515e+03 -1.717956058681146715e+03 -5.560792213457874311e+01 0.000000000000000000e+00 0.000000000000000000e+00 1.303429516274690059e-02
-1.108341698131743215e+03 -1.715223540838805775e+03 -4.786072933707622923e+01 0.000000000000000000e+00 0.000000000000000000e+00 2.668041928890545478e-01
-1.311694557682707909e+03 -1.472423641001690157e+03 -4.680057650826071836e+01 0.000000000000000000e+00 0.000000000000000000e+00 1.068965445332636932e-01
-1.490711489587901951e+03 -1.304226856355139944e+03 -4.778068831975488706e+01 0.000000000000000000e+00 0.000000000000000000e+00 9.318260532437250276e-02
-1.153155982782537421e+03 -1.255027987480006914e+03 -3.987696616246106629e+01 0.000000000000000000e+00 0.000000000000000000e+00 -9.602435860058733397e-02
-1.487021415135494181e+03 -9.619199420330913881e+02 -4.270333544247503710e+01 0.000000000000000000e+00 0.000000000000000000e+00 2.975307141641536646e-02
-1.145704975465730058e+03 -9.573761048087519612e+02 -3.549238866796013525e+01 0.000000000000000000e+00 0.000000000000000000e+00 8.567914000366272376e-03
-1.316575141831189512e+03 -7.325404998752114807e+02 -3.639315070696160603e+01 0.000000000000000000e+00 0.000000000000000000e+00 -4.211977463280192069e-02
-1.482258793020682106e+03 -5.427832831591400691e+02 -3.851398418602664719e+01 0.000000000000000000e+00 0.000000000000000000e+00 -2.412961500545662830e-02
-1.133695561588783903e+03 -5.403118938954935402e+02 -3.123468275652229309e+01 0.000000000000000000e+00 0.000000000000000000e+00 -5.043413550307107585e-02
-1.496406924899564274e+03 -2.300799516730705250e+02 -3.726724714233317570e+01 0.000000000000000000e+00 0.000000000000000000e+00 -3.015043370233883024e-02
-1.126731634830957091e+03 -2.223291731192493899e+02 -2.953099200087346787e+01 0.000000000000000000e+00 0.000000000000000000e+00 2.781348704081310075e-02
-1.281391329042941834e+03 4.780323942845544138e+01 -3.216930642736330981e+01 0.000000000000000000e+00 0.000000000000000000e+00 -4.620157927062962244e-02
-1.509563050805517150e+03 1.930196235034185293e+02 -3.741933519595653479e+01 0.000000000000000000e+00 0.000000000000000000e+00 -4.934361894319749808e-02
-1.140461787155958291e+03 2.089625478306117543e+02 -2.970446587435690589e+01 0.000000000000000000e+00 0.000000000000000000e+00 -7.572314182091588464e-02
-1.509219809291092588e+03 5.603893463877871000e+02 -3.910166828124278027e+01 0.000000000000000000e+00 0.000000000000000000e+00 1.790156938617570859e-02
-1.150297885240331425e+03 5.242977397867221043e+02 -3.132072483138413688e+01 0.000000000000000000e+00 0.000000000000000000e+00 -1.133964410304244552e-02
-1.329164678225739863e+03 7.791035399064045350e+02 -3.688916472644855560e+01 0.000000000000000000e+00 0.000000000000000000e+00 2.395006445561165265e-02
-1.515756249356162471e+03 9.460133478898013664e+02 -4.283897932018705745e+01 0.000000000000000000e+00 0.000000000000000000e+00 -5.231480950423872400e-02
-1.160709686873940427e+03 9.688728688540857092e+02 -3.564940325651765818e+01 0.000000000000000000e+00 0.000000000000000000e+00 -8.357327330009667321e-02
-1.529815475270535444e+03 1.280942900452973845e+03 -4.776401258368491654e+01 0.000000000000000000e+00 0.000000000000000000e+00 -4.250042319411306835e-02
-1.182521673061305819e+03 1.301377654528664607e+03 -4.073600382590618096e+01 0.000000000000000000e+00 0.000000000000000000e+00 -3.578605620824504285e-02
-1.330285491799767442e+03 1.548231560710349186e+03 -4.796945614826348248e+01 0.000000000000000000e+00 0.000000000000000000e+00 4.329011055617115744e-02
-1.516354307959253447e+03 1.693440994706597849e+03 -5.495776884571161958e+01 0.000000000000000000e+00 0.000000000000000000e+00 -2.602437841517257766e-03
-1.140662199902896191e+03 1.712007684105873068e+03 -4.761002571923600613e+01 0.000000000000000000e+00 0.000000000000000000e+00 -1.998186545914393264e-02
-1.535840610528357274e+03 2.009727669192329131e+03 -6.253904813435624988e+01 0.000000000000000000e+00 0.000000000000000000e+00 -1.070978986911654829e-01
-1.144661394713311211e+03 2.041671520121828507e+03 -5.525735580618848530e+01 0.000000000000000000e+00 0.000000000000000000e+00 -6.076688222879766954e-02
-1.331094027455215610e+03 2.271067291204100911e+03 -6.481278616506253343e+01 0.000000000000000000e+00 0.000000000000000000e+00 -8.459827490838733866e-03
-1.530205922122388984e+03 2.448023785602969383e+03 -7.418943244340475474e+01 0.000000000000000000e+00 0.000000000000000000e+00 -5.333202960449057173e-02
-1.182282751368494473e+03 2.456370993921373611e+03 -6.724627533483960917e+01 0.000000000000000000e+00 0.000000000000000000e+00 -4.738016382503928980e-02
-1.546254893139390788e+03 2.778499928705504772e+03 -8.488287370004879051e+01 0.000000000000000000e+00 0.000000000000000000e+00 1.528534398961767238e-02
-1.191191112677556021e+03 2.786012892127140276e+03 -7.779029998422915071e+01 0.000000000000000000e+00 0.000000000000000000e+00 -3.064430086683955778e-02
-1.357538832482184716e+03 3.023506151793737445e+03 -8.920341661783305653e+01 0.000000000000000000e+00 0.000000000000000000e+00 -4.221808706687113499e-02
-1.525726052800767320e+03 3.190723553037084912e+03 -9.896928659340740353e+01 0.000000000000000000e+00 0.000000000000000000e+00 -1.568793810328372729e-02
-1.160681832335029867e+03 3.197553331665933001e+03 -9.189946386989177540e+01 0.000000000000000000e+00 0.000000000000000000e+00 -3.151644883267579189e-02
-2.157930401986207926e+03 -3.157132069168490034e+03 -1.178960077168344895e+02 0.000000000000000000e+00 0.000000000000000000e+00 -7.476479612522268781e-02
-1.777649670734158462e+03 -3.157020236489564013e+03 -1.067359170548807867e+02 0.000000000000000000e+00 0.000000000000000000e+00 -6.141667326096467150e-02
-1.943955592943088959e+03 -2.960168236721114226e+03 -1.040858023521598170e+02 0.000000000000000000e+00 0.000000000000000000e+00 -6.295941467087118326e-03
-2.132985151195813614e+03 -2.805417514481147464e+03 -1.044641422307405207e+02 0.000000000000000000e+00 0.000000000000000000e+00 4.935392183038800340e-02
-1.799224668657801658e+03 -2.775543186239676743e+03 -9.350297269642803144e+01 0.000000000000000000e+00 0.000000000000000000e+00 -6.868264955778613512e-02
-2.141909870906662945e+03 -2.463026778567078054e+03 -9.370763525999851140e+01 0.000000000000000000e+00 0.000000000000000000e+00 2.292540610724813632e-02
-1.778455416943731962e+03 -2.456443503925152527e+03 -8.258846638305089982e+01 0.000000000000000000e+00 0.000000000000000000e+00 -2.595152258133737178e-02
-1.942511846752676320e+03 -2.215331960773198261e+03 -8.026455227574800233e+01 0.000000000000000000e+00 0.000000000000000000e+00 2.829146385208503034e-02
-2.144817245562956487e+03 -2.057253484196997306e+03 -8.242020464693518988e+01 0.000000000000000000e+00 0.000000000000000000e+00 1.755347382253091837e-02
-1.766480898730522540e+03 -2.041121221822281768e+03 -7.054168968744001234e+01 0.000000000000000000e+00 0.000000000000000000e+00 -5.008525122893559001e-02
-2.143438171763636092e+03 -1.718605255184203770e+03 -7.435299108827216230e+01 0.000000000000000000e+00 0.000000000000000000e+00 -4.855446100866345205e-02
-1.772007909755447372e+03 -1.720299512771631271e+03 -6.305341635449555326e+01 0.000000000000000000e+00 0.000000000000000000e+00 1.389218376330134674e-01
-1.953587499851021903e+03 -1.468533364089019415e+03 -6.324768201812312896e+01 0.000000000000000000e+00 0.000000000000000000e+00 1.499569311906938651e-01
-2.141464281017625581e+03 -1.304785275465346558e+03 -6.637011572418145988e+01 0.000000000000000000e+00 0.000000000000000000e+00 -8.965808354105320177e-02
-1.800643040828839958e+03 -1.292013553580100506e+03 -5.563315448923357565e+01 0.000000000000000000e+00 0.000000000000000000e+00 1.806176786856426020e-01
-2.141292374106688385e+03 -9.697968353961550747e+02 -6.150418344524994296e+01 0.000000000000000000e+00 0.000000000000000000e+00 3.515359455948185996e-02
-1.776383992218852654e+03 -9.659999880388770634e+02 -5.022839149326014763e+01 0.000000000000000000e+00 0.000000000000000000e+00 4.220897159277114952e-02
-1.982012184229315608e+03 -6.630728809936630341e+02 -5.313297377451587522e+01 0.000000000000000000e+00 0.000000000000000000e+00 1.024654039409114148e-01
-2.171076153361857905e+03 -5.510156355973875861e+02 -5.840535362366640015e+01 0.000000000000000000e+00 0.000000000000000000e+00 -8.949320494387791314e-03
-1.816526419191356581e+03 -5.383269042829392674e+02 -4.721092494126564532e+01 0.000000000000000000e+00 0.000000000000000000e+00 -4.141297637865903880e-02
-2.154424061659217386e+03 -2.170801882195092958e+02 -5.614638516209062402e+01 0.000000000000000000e+00 0.000000000000000000e+00 -4.329830172029858204e-02
-1.787104894749812274e+03 -2.229441247630855401e+02 -4.479496964805460379e+01 0.000000000000000000e+00 0.000000000000000000e+00 -6.749664852925718606e-03
-1.988425059466495441e+03 3.503832135026173233e+01 -5.041098774649483261e+01 0.000000000000000000e+00 0.000000000000000000e+00 -1.361742972287061093e-02
-2.197589033496264619e+03 1.932625873795635698e+02 -5.743917658319917052e+01 0.000000000000000000e+00 0.000000000000000000e+00 7.781783479771320344e-03
-1.815058370471540684e+03 2.108473768639544232e+02 -4.546765615692793006e+01 0.000000000000000000e+00 0.000000000000000000e+00 -3.118397245662407613e-02
-2.162831802602151583e+03 5.321585102054211802e+02 -5.769480669573917453e+01 0.000000000000000000e+00 0.000000000000000000e+00 1.942950708114210556e-02
-1.803470786362067201e+03 5.191283503468785057e+02 -4.648724987689570298e+01 0.000000000000000000e+00 0.000000000000000000e+00 1.101255573399129162e-02
-2.032726362918484483e+03 8.406299181313003146e+02 -5.599893021808433957e+01 0.000000000000000000e+00 0.000000000000000000e+00 -4.129300436031968502e-02
-2.188782462919911723e+03 9.477596663601337923e+02 -6.225943362349219257e+01 0.000000000000000000e+00 0.000000000000000000e+00 -1.058601526641993473e-01
-1.840763062016961385e+03 9.598771859691313466e+02 -5.152046641727470444e+01 0.000000000000000000e+00 0.000000000000000000e+00 1.617948630971000057e-02
-2.183434387140303897e+03 1.283586156773206767e+03 -6.659014750909054214e+01 0.000000000000000000e+00 0.000000000000000000e+00 -6.342721500956827185e-03
-1.801072308927859240e+03 1.289490913649701270e+03 -5.491903350664267691e+01 0.000000000000000000e+00 0.000000000000000000e+00 -7.488467472452242646e-02
-2.013466757103064992e+03 1.537050242404894107e+03 -6.541650455087057026e+01 0.000000000000000000e+00 0.000000000000000000e+00 1.413836484336172816e-02
-2.196598736126454696e+03 1.684228043556637203e+03 -7.417305642824118195e+01 0.000000000000000000e+00 0.000000000000000000e+00 4.989941521927221402e-02
-1.846964036588555700e+03 1.701616684251584275e+03 -6.369811216425714662e+01 0.000000000000000000e+00 0.000000000000000000e+00 2.829894167395252680e-02
-2.188151412860559503e+03 2.006172682439402934e+03 -8.099252987185403185e+01 0.000000000000000000e+00 0.000000000000000000e+00 -2.644454098600590441e-03
-1.839702054950996398e+03 2.024362610372852942e+03 -7.074953857985479999e+01 0.000000000000000000e+00 0.000000000000000000e+00 1.306803898549446785e-02
-2.013300509235967183e+03 2.288744802511318539e+03 -8.266075145580487060e+01 0.000000000000000000e+00 0.000000000000000000e+00 -4.004450549207660970e-02
-2.183996745840541735e+03 2.425538399295717682e+03 -9.189105582819345841e+01 0.000000000000000000e+00 0.000000000000000000e+00 -2.537876112174330956e-02
-1.846545020241625934e+03 2.447366543996930432e+03 -8.226913280210757762e+01 0.000000000000000000e+00 0.000000000000000000e+00 -5.571095948560866873e-02
-2.208192728345205069e+03 2.774390062754608152e+03 -1.033670093408213830e+02 0.000000000000000000e+00 0.000000000000000000e+00 6.929739152604952324e-02
-1.848230788472357972e+03 2.758975583215097686e+03 -9.195001736608924148e+01 0.000000000000000000e+00 0.000000000000000000e+00 3.570266048274106652e-02
-2.037275136711584082e+03 3.004251437587653982e+03 -1.057521014078689632e+02 0.000000000000000000e+00 0.000000000000000000e+00 9.181715570377946278e-02
-2.183651605536193983e+03 3.186270668689473496e+03 -1.168915272414346731e+02 0.000000000000000000e+00 0.000000000000000000e+00 6.861005544384113364e-02
-1.870432053811431615e+03 3.189692652972488304e+03 -1.076337937124066286e+02 0.000000000000000000e+00 0.000000000000000000e+00 6.391442285772086507e-02
-2.839575843933419492e+03 -2.404135128336985417e+03 -1.180879785178039327e+02 0.000000000000000000e+00 0.000000000000000000e+00 -5.243088240889903773e-02
-2.487798602712085085e+03 -2.434908331006151457e+03 -1.049883420082520615e+02 0.000000000000000000e+00 0.000000000000000000e+00 -2.050266464601264715e-01
-2.639189631260720034e+03 -2.218161705308328237e+03 -1.046810587330307811e+02 0.000000000000000000e+00 0.000000000000000000e+00 -4.216202974399152481e-02
-2.839606980691148692e+03 -2.068326945750684899e+03 -1.090148481614491942e+02 0.000000000000000000e+00 0.000000000000000000e+00 -6.881535098904123515e-02
-2.458247489442476308e+03 -2.036753987296791365e+03 -9.295144576262460134e+01 0.000000000000000000e+00 0.000000000000000000e+00 -6.254430126006127466e-03
-2.832107305328991970e+03 -1.671813555215650695e+03 -9.961121900952235819e+01 0.000000000000000000e+00 0.000000000000000000e+00 6.444762606227527613e-02
-2.448307829500686694e+03 -1.718813974241458027e+03 -8.515693268943100236e+01 0.000000000000000000e+00 0.000000000000000000e+00 -4.956889307447909232e-02
-2.632343131951809937e+03 -1.475153039357170655e+03 -8.746148068733980097e+01 0.000000000000000000e+00 0.000000000000000000e+00 -2.903378904875353328e-02
-2.828800868331057700e+03 -1.302763108771028328e+03 -9.266042098515215741e+01 0.000000000000000000e+00 0.000000000000000000e+00 1.197385943602427005e-01
-2.457752834908429122e+03 -1.296009415659503020e+03 -7.751215336011530610e+01 0.000000000000000000e+00 0.000000000000000000e+00 9.779196929179079234e-02
-2.835365726300120969e+03 -9.787618180226522782e+02 -8.830792708507473776e+01 0.000000000000000000e+00 0.000000000000000000e+00 4.014360354076984549e-02
-2.459834323471429798e+03 -9.813314064972930737e+02 -7.304984845234562840e+01 0.000000000000000000e+00 0.000000000000000000e+00 6.792918361946931327e-02
-2.673763874714079520e+03 -6.560999654940817436e+02 -7.812307204916805858e+01 0.000000000000000000e+00 0.000000000000000000e+00 7.099447601818553721e-02
-2.827684349768045195e+03 -5.515435270555892657e+02 -8.380862165868461489e+01 0.000000000000000000e+00 0.000000000000000000e+00 -8.631015140061037982e-02
-2.468541291560146874e+03 -5.567873315666225835e+02 -6.919216580066552069e+01 0.000000000000000000e+00 0.000000000000000000e+00 4.379753095558669429e-02
-2.826118836461264436e+03 -2.200584158463394715e+02 -8.204445263174099523e+01 0.000000000000000000e+00 0.000000000000000000e+00 1.639667569719449602e-04
-2.444917952116397828e+03 -2.399793374140557489e+02 -6.662238512746017705e+01 0.000000000000000000e+00 0.000000000000000000e+00 -7.569397326648186208e-02
-2.663050190180684694e+03 1.024847408000183435e+01 -7.478828913375079424e+01 0.000000000000000000e+00 0.000000000000000000e+00 1.538900079737004489e-03
-2.827908598450776935e+03 1.826885532212550629e+02 -8.187046057630338680e+01 0.000000000000000000e+00 0.000000000000000000e+00 -6.732471332270506537e-03
-2.482975224426360910e+03 2.515069079431294199e+02 -6.794662411214063980e+01 0.000000000000000000e+00 0.000000000000000000e+00 -2.294225853003695192e-02
-2.863987807573858845e+03 5.237759068101111097e+02 -8.476961774770211377e+01 0.000000000000000000e+00 0.000000000000000000e+00 -5.862493249495059899e-02
-2.456766780230803306e+03 5.164151337831912087e+02 -6.811354165203836430e+01 0.000000000000000000e+00 0.000000000000000000e+00 7.234989783341916336e-02
-2.648585848149938556e+03 7.719514848831639711e+02 -7.756715002039020135e+01 0.000000000000000000e+00 0.000000000000000000e+00 7.798769193321675175e-02
-2.834769257322027443e+03 9.255351646032485178e+02 -8.687440549983686822e+01 0.000000000000000000e+00 0.000000000000000000e+00 6.153252003964837513e-02
-2.511592228139713825e+03 9.681707673454665155e+02 -7.417014452422168347e+01 0.000000000000000000e+00 0.000000000000000000e+00 9.604197293526794965e-03
-2.838168753428863511e+03 1.262629393610786110e+03 -9.133923140160186449e+01 0.000000000000000000e+00 0.000000000000000000e+00 1.729792522411344180e-04
-2.509825187407452177e+03 1.281061629476013422e+03 -7.828398431106634803e+01 0.000000000000000000e+00 0.000000000000000000e+00 -9.684408846482028821e-04
-2.680292163742586581e+03 1.506126675297606198e+03 -8.871877206519160097e+01 0.000000000000000000e+00 0.000000000000000000e+00 4.787838762109686286e-02
-2.869593727200733156e+03 1.672158103333698364e+03 -9.973020617572906588e+01 0.000000000000000000e+00 0.000000000000000000e+00 9.964027178091328096e-02
-2.494223803829858753e+03 1.689022941438253383e+03 -8.488733406324233499e+01 0.000000000000000000e+00 0.000000000000000000e+00 1.089018591573989170e-01
-2.863306950689352561e+03 2.003316580100588226e+03 -1.065691430838887186e+02 0.000000000000000000e+00 0.000000000000000000e+00 7.104007180655003140e-02
-2.514673742239274361e+03 2.015709200680234289e+03 -9.282117492330925757e+01 0.000000000000000000e+00 0.000000000000000000e+00 4.616397240630476517e-02
-2.667334380611965116e+03 2.267679977630572921e+03 -1.050837640051774997e+02 0.000000000000000000e+00 0.000000000000000000e+00 2.754130646397356941e-02
-2.864194892959402750e+03 2.415458061266200730e+03 -1.171891941077416419e+02 0.000000000000000000e+00 0.000000000000000000e+00 7.089691608719306259e-02
-2.534518015945385741e+03 2.449990879337574825e+03 -1.049664475970059243e+02 0.000000000000000000e+00 0.000000000000000000e+00 3.616962748451157950e-02
