# x y z x_res y_res z_res
2.843631307579710665e+03 2.498419112223916272e+03 -1.186826918963008097e+02 0.000000000000000000e+00 0.000000000000000000e+00 2.063516979955863917e-01
2.468130389043794366e+03 2.478314929102949918e+03 -1.033088532492890579e+02 0.000000000000000000e+00 0.000000000000000000e+00 2.060261242011165450e-01
2.851067602021776565e+03 2.076849684602585057e+03 -1.077968216670605415e+02 0.000000000000000000e+00 0.000000000000000000e+00 6.326883320618037487e-02
2.472582182766958340e+03 2.070577270469769246e+03 -9.256503229640038910e+01 0.000000000000000000e+00 0.000000000000000000e+00 4.614276477666123810e-02
2.480065055948522968e+03 1.732280035720747492e+03 -8.523160806627014097e+01 0.000000000000000000e+00 0.000000000000000000e+00 9.688228341772742169e-03
2.850156346701097846e+03 1.739834286539163713e+03 -1.002476242749317947e+02 0.000000000000000000e+00 0.000000000000000000e+00 9.093168503135018454e-02
2.663381003663673255e+03 1.573567110483102397e+03 -8.926102576449376613e+01 0.000000000000000000e+00 0.000000000000000000e+00 -1.260204914065354842e-02
2.846559169996168293e+03 1.320470276980371182e+03 -9.257538362025537992e+01 0.000000000000000000e+00 0.000000000000000000e+00 8.416072739336755149e-03
2.476988109924280252e+03 1.319812207746617787e+03 -7.763424047972749520e+01 0.000000000000000000e+00 0.000000000000000000e+00 -4.120017762453187515e-02
2.484687463854427278e+03 9.920025973063359288e+02 -7.341731396695928424e+01 0.000000000000000000e+00 0.000000000000000000e+00 -1.835847550461267019e-02
2.859103005529143502e+03 9.930069989192716093e+02 -8.868151285129296468e+01 0.000000000000000000e+00 0.000000000000000000e+00 -2.507364685017421380e-02
2.684090924406997146e+03 8.300738309552147030e+02 -7.956084832221347369e+01 0.000000000000000000e+00 0.000000000000000000e+00 -1.440608878399984860e-02
2.490720631832281470e+03 6.293139975507473309e+02 -7.016643671558666995e+01 0.000000000000000000e+00 0.000000000000000000e+00 2.715110858615332745e-02
2.833359671427020203e+03 6.282002845425183750e+02 -8.412968666657241101e+01 0.000000000000000000e+00 0.000000000000000000e+00 1.516707456090671258e-03
2.858921079808312243e+03 3.071356904683475477e+02 -8.354003746148973164e+01 0.000000000000000000e+00 0.000000000000000000e+00 3.815387983527784854e-02
2.489590979263360168e+03 2.411551044909095367e+02 -6.817279197117571243e+01 0.000000000000000000e+00 0.000000000000000000e+00 -3.918000865505177899e-02
2.649920896445475591e+03 9.813545873872608638e+01 -7.427794245645020510e+01 0.000000000000000000e+00 0.000000000000000000e+00 -1.820587621037361714e-02
2.861507083300718023e+03 -1.159154775179332830e+02 -8.332941675181504593e+01 0.000000000000000000e+00 0.000000000000000000e+00 8.798361340231508620e-02
2.511920912656902601e+03 -1.313702927632213857e+02 -6.890920494723894763e+01 0.000000000000000000e+00 0.000000000000000000e+00 4.825718302470249910e-03
2.507439808385220203e+03 -4.585672903228557971e+02 -7.004068831780594451e+01 0.000000000000000000e+00 0.000000000000000000e+00 -5.767638276657294227e-02
2.840496057595791171e+03 -4.738756310630363942e+02 -8.384645114620710160e+01 0.000000000000000000e+00 0.000000000000000000e+00 -1.066209999731881908e-02
2.685344451689491052e+03 -6.253967558020902970e+02 -7.834714170234789776e+01 0.000000000000000000e+00 0.000000000000000000e+00 -2.639577194389630677e-02
2.514721714210362279e+03 -8.879454733718589523e+02 -7.404957217104549727e+01 0.000000000000000000e+00 0.000000000000000000e+00 3.764521213724947302e-03
2.836067260364625326e+03 -9.054199966835955138e+02 -8.746510748193462348e+01 0.000000000000000000e+00 0.000000000000000000e+00 -2.886577106717425067e-02
2.876713516853752935e+03 -1.206984498500207337e+03 -9.323967249787773426e+01 0.000000000000000000e+00 0.000000000000000000e+00 6.461297059678372534e-02
2.522843895164533023e+03 -1.234141753605017584e+03 -7.902494390180321204e+01 0.000000000000000000e+00 0.000000000000000000e+00 -4.124067641639328485e-02
2.688507803330064689e+03 -1.372545154564625591e+03 -8.792076910055713768e+01 0.000000000000000000e+00 0.000000000000000000e+00 -1.277140308114184108e-01
2.878796785015595106e+03 -1.613247936247755206e+03 -1.004410668367265345e+02 0.000000000000000000e+00 0.000000000000000000e+00 -1.234764943448851682e-02
2.508288297755047552e+03 -1.677032680334732504e+03 -8.655123265231470953e+01 0.000000000000000000e+00 0.000000000000000000e+00 -2.204367238620363878e-02
2.514985670253704029e+03 -1.959460148698442026e+03 -9.319031361171954586e+01 0.000000000000000000e+00 0.000000000000000000e+00 -3.380122039402522205e-04
2.851636860380329836e+03 -1.977672846148759618e+03 -1.072941667381539190e+02 0.000000000000000000e+00 0.000000000000000000e+00 1.476755644217604413e-01
2.699165966003129142e+03 -2.121581472926618062e+03 -1.045321882606776569e+02 0.000000000000000000e+00 0.000000000000000000e+00 -4.069559646936227182e-02
2.879761872298185608e+03 -2.370496059591999256e+03 -1.188281811049931918e+02 0.000000000000000000e+00 0.000000000000000000e+00 -1.768028093000850731e-02
2.521136075257585617e+03 -2.384368878276521173e+03 -1.047609901374330263e+02 0.000000000000000000e+00 0.000000000000000000e+00 -1.408623920900708981e-02
2.239559345139015022e+03 -3.128976514143743771e+03 -1.194961739688967697e+02 0.000000000000000000e+00 0.000000000000000000e+00 -2.877740542329831896e-02
1.877905880890027447e+03 -3.159296032561720494e+03 -1.095684314255180709e+02 0.000000000000000000e+00 0.000000000000000000e+00 -4.016371829371223612e-02
2.047923692670664877e+03 -2.925243906603489449e+03 -1.059596405041955620e+02 0.000000000000000000e+00 0.000000000000000000e+00 -9.823626303943910898e-02
1.859164005241767882e+03 -2.764691237801561783e+03 -9.480300817150629200e+01 0.000000000000000000e+00 0.000000000000000000e+00 -2.282968046134215001e-02
2.228865999696808103e+03 -2.763960773014222013e+03 -1.062066595998676490e+02 0.000000000000000000e+00 0.000000000000000000e+00 2.816737498032750864e-02
2.221327681094020591e+03 -2.436435229240873468e+03 -9.554226162313563009e+01 0.000000000000000000e+00 0.000000000000000000e+00 -5.681387143658866989e-02
1.846165288941629569e+03 -2.444032603065319563e+03 -8.409963544432685012e+01 0.000000000000000000e+00 0.000000000000000000e+00 2.424356250446635386e-02
2.027177067089453658e+03 -2.194548583668514766e+03 -8.228433952923080597e+01 0.000000000000000000e+00 0.000000000000000000e+00 4.111808016446616421e-02
1.837156508543213477e+03 -2.020395472248640544e+03 -7.199370809678802630e+01 0.000000000000000000e+00 0.000000000000000000e+00 2.300484951283010560e-02
2.211156622672224330e+03 -2.015246204236376116e+03 -8.357634559771489080e+01 0.000000000000000000e+00 0.000000000000000000e+00 -7.347940270273056740e-02
2.206350270225123950e+03 -1.692142686281651322e+03 -7.590494566952710898e+01 0.000000000000000000e+00 0.000000000000000000e+00 -1.322847146093408810e-02
1.832678176605176304e+03 -1.691965586566694583e+03 -6.415206884720440428e+01 0.000000000000000000e+00 0.000000000000000000e+00 4.447689346277172717e-02
2.022518736329313242e+03 -1.436498028597680104e+03 -6.479906083741107636e+01 0.000000000000000000e+00 0.000000000000000000e+00 -4.947426318125280886e-03
1.833433367693751961e+03 -1.278023633605923351e+03 -5.634073661271392552e+01 0.000000000000000000e+00 0.000000000000000000e+00 1.203547935576878558e-01
2.181375307956277084e+03 -1.226753324301543671e+03 -6.645888878076050332e+01 0.000000000000000000e+00 0.000000000000000000e+00 1.312302469096948698e-02
2.197372260921666111e+03 -9.392307808096921917e+02 -6.303124072604082073e+01 0.000000000000000000e+00 0.000000000000000000e+00 3.591748056356180996e-02
1.826198362424677725e+03 -9.388594358268143196e+02 -5.131127169974434565e+01 0.000000000000000000e+00 0.000000000000000000e+00 6.398027860789312626e-02
2.000607223276480681e+03 -6.827924228627441607e+02 -5.388650519627665858e+01 0.000000000000000000e+00 0.000000000000000000e+00 -4.660058131580768759e-02
1.816424358677594682e+03 -5.233354173024576994e+02 -4.710437931957176971e+01 0.000000000000000000e+00 0.000000000000000000e+00 1.500224563951988443e-01
2.189360799626610060e+03 -5.230727024538332444e+02 -5.883313254818691007e+01 0.000000000000000000e+00 0.000000000000000000e+00 -3.971164992454845333e-02
2.186945993033298691e+03 -1.814709893403955903e+02 -5.715132654791881350e+01 0.000000000000000000e+00 0.000000000000000000e+00 -3.288653214472958553e-02
1.812894704273651314e+03 -1.908258768791053797e+02 -4.543671189483072226e+01 0.000000000000000000e+00 0.000000000000000000e+00 -2.116893879211545482e-03
1.994990360467603296e+03 6.381764317716651647e+01 -5.062703633798923875e+01 0.000000000000000000e+00 0.000000000000000000e+00 -9.421184550980399308e-03
1.814009947689254432e+03 2.265444368869884784e+02 -4.547771782087683334e+01 0.000000000000000000e+00 0.000000000000000000e+00 -3.825600882118607160e-02
2.184317534168538714e+03 2.321471246968320656e+02 -5.707834438452022852e+01 0.000000000000000000e+00 0.000000000000000000e+00 -6.531543440857490168e-03
2.171950293187705029e+03 5.584677043766355382e+02 -5.817288029754503498e+01 0.000000000000000000e+00 0.000000000000000000e+00 -3.469410853027454777e-02
1.800925273477555720e+03 5.629916570301630827e+02 -4.670350631461519697e+01 0.000000000000000000e+00 0.000000000000000000e+00 8.558364469307377931e-02
2.000629081105609202e+03 8.120823604562369837e+02 -5.470714934096738347e+01 0.000000000000000000e+00 0.000000000000000000e+00 1.258898969868482709e-02
1.819742032848261942e+03 9.766552949104187746e+02 -5.111952175448554669e+01 0.000000000000000000e+00 0.000000000000000000e+00 -8.710146014060171638e-03
2.187763768439265732e+03 9.954124688547016149e+02 -6.278222892865632332e+01 0.000000000000000000e+00 0.000000000000000000e+00 -1.929799785266084200e-03
2.182189694309498009e+03 1.320762086205501646e+03 -6.713101628267699539e+01 0.000000000000000000e+00 0.000000000000000000e+00 5.099089939812984085e-02
1.800602481646710203e+03 1.314629022008023640e+03 -5.530484393719961389e+01 0.000000000000000000e+00 0.000000000000000000e+00 -3.910541518276744455e-02
1.992077260271988962e+03 1.573973354667138437e+03 -6.545172975967427931e+01 0.000000000000000000e+00 0.000000000000000000e+00 -1.618155819760147551e-02
1.802783406995426276e+03 1.732006108276116720e+03 -6.309023692740898781e+01 0.000000000000000000e+00 0.000000000000000000e+00 3.466654367090171718e-02
2.176863898679236627e+03 1.737911813591410464e+03 -7.461502611371409444e+01 0.000000000000000000e+00 0.000000000000000000e+00 1.697342067006957222e-02
2.170313730496199241e+03 2.058356902612870272e+03 -8.166736406253318137e+01 0.000000000000000000e+00 0.000000000000000000e+00 1.709052491077045488e-02
1.795970974987451427e+03 2.064163172604056399e+03 -7.051467874006473835e+01 0.000000000000000000e+00 0.000000000000000000e+00 2.167826768001646087e-02
1.983593675255561038e+03 2.318208652419840291e+03 -8.257117007638683504e+01 0.000000000000000000e+00 0.000000000000000000e+00 -4.142633141850637912e-02
1.788446913025730510e+03 2.483916893460174379e+03 -8.174664582150282399e+01 0.000000000000000000e+00 0.000000000000000000e+00 4.611038567983882785e-02
2.166290646716757237e+03 2.495917095480421722e+03 -9.335974629831380867e+01 0.000000000000000000e+00 0.000000000000000000e+00 -4.763128112472259090e-03
2.161464870447891826e+03 2.813711372298243077e+03 -1.031349592975161897e+02 0.000000000000000000e+00 0.000000000000000000e+00 5.345252448876181006e-03
1.782552559726776053e+03 2.820863293845731278e+03 -9.220392478382132140e+01 0.000000000000000000e+00 0.000000000000000000e+00 1.721331961249461528e-02
1.974603999450023593e+03 3.071258967971666607e+03 -1.062678503234413796e+02 0.000000000000000000e+00 0.000000000000000000e+00 9.192408621245817812e-03
1.780138599939144115e+03 3.234892295675091191e+03 -1.068881219319783042e+02 0.000000000000000000e+00 0.000000000000000000e+00 2.951327362313804770e-02
2.154185687261645853e+03 3.238210880907755836e+03 -1.178867236635708480e+02 0.000000000000000000e+00 0.000000000000000000e+00 4.057488443214651852e-02
1.519806471198101235e+03 3.230529049917025986e+03 -1.003384347365883258e+02 0.000000000000000000e+00 0.000000000000000000e+00 3.477131477553996319e-02
1.127554537213197136e+03 3.231081361555033254e+03 -9.260689599598171640e+01 0.000000000000000000e+00 0.000000000000000000e+00 -2.361412902573079009e-02
1.318510860208190479e+03 3.061652707059579370e+03 -8.979553610403334574e+01 0.000000000000000000e+00 0.000000000000000000e+00 2.448887722880499496e-02
1.130427786826877536e+03 2.812941167786759706e+03 -7.762437520652440526e+01 0.000000000000000000e+00 0.000000000000000000e+00 1.338864571295061978e-02
1.509582692475220711e+03 2.810416981034698438e+03 -8.509951285755923323e+01 0.000000000000000000e+00 0.000000000000000000e+00 -3.193298727637738921e-03
1.511040927608644097e+03 2.480622222959544615e+03 -7.471040025674273011e+01 0.000000000000000000e+00 0.000000000000000000e+00 6.403295025279476249e-02
1.137148970144275609e+03 2.475671420999349266e+03 -6.702157154029609387e+01 0.000000000000000000e+00 0.000000000000000000e+00 3.175652775763637692e-02
1.315852639711845995e+03 2.312871023012206933e+03 -6.566270382739128308e+01 0.000000000000000000e+00 0.000000000000000000e+00 -9.691269534559410204e-02
1.133943612079615605e+03 2.062282971135294702e+03 -5.558497914218555280e+01 0.000000000000000000e+00 0.000000000000000000e+00 -1.746300894489394295e-02
1.516095433892991423e+03 2.048205743071717279e+03 -6.302265613093004504e+01 0.000000000000000000e+00 0.000000000000000000e+00 -7.216636264905673670e-02
1.507996229080837793e+03 1.740115107315813020e+03 -5.574006115051715682e+01 0.000000000000000000e+00 0.000000000000000000e+00 -3.832508511475651858e-02
1.143022877560937559e+03 1.729586992469554843e+03 -4.802364142033174232e+01 0.000000000000000000e+00 0.000000000000000000e+00 -7.292141938282270530e-02
1.320225094989856871e+03 1.604871822613059976e+03 -4.885907687744858663e+01 0.000000000000000000e+00 0.000000000000000000e+00 -7.816210451941429938e-02
1.519983887245752612e+03 1.360230680312722370e+03 -4.881631887510228296e+01 0.000000000000000000e+00 0.000000000000000000e+00 -4.726990582994972101e-02
1.143321838546295794e+03 1.309093213723728013e+03 -4.014730181415252019e+01 0.000000000000000000e+00 0.000000000000000000e+00 -1.341650951474093745e-02
1.165460575661119719e+03 1.033215853848469806e+03 -3.653772361300536176e+01 0.000000000000000000e+00 0.000000000000000000e+00 -7.577750719148923508e-02
1.500467013959764699e+03 1.024153059823323247e+03 -4.342707260011617620e+01 0.000000000000000000e+00 0.000000000000000000e+00 4.807069469926261718e-03
1.355170274723929197e+03 8.315951098202660887e+02 -3.796292398211969044e+01 0.000000000000000000e+00 0.000000000000000000e+00 -2.278500616936440792e-02
1.518399743508633946e+03 6.084718780752151588e+02 -3.966654661233071977e+01 0.000000000000000000e+00 0.000000000000000000e+00 1.653814900787864417e-02
1.158811962103344058e+03 5.600789787820750689e+02 -3.171840772837321865e+01 0.000000000000000000e+00 0.000000000000000000e+00 -2.192880965203869437e-03
1.165063530407289591e+03 2.330956346901468237e+02 -3.022078533554927304e+01 0.000000000000000000e+00 0.000000000000000000e+00 -3.420132052741209350e-02
1.519931952826887709e+03 2.400840569021237059e+02 -3.778949364607035477e+01 0.000000000000000000e+00 0.000000000000000000e+00 4.294588654425268714e-02
1.350000387431862009e+03 7.384962594997651308e+01 -3.361985013268795086e+01 0.000000000000000000e+00 0.000000000000000000e+00 9.567228843764041812e-03
1.530185592095462653e+03 -1.394067039554376208e+02 -3.785187883771994422e+01 0.000000000000000000e+00 0.000000000000000000e+00 -7.183571854597659012e-02
1.157618684430354961e+03 -1.873409480320049454e+02 -2.999907474409342001e+01 0.000000000000000000e+00 0.000000000000000000e+00 4.320985640758578938e-02
1.157712918731627497e+03 -5.216867845282488361e+02 -3.154586912275501476e+01 0.000000000000000000e+00 0.000000000000000000e+00 2.884664458478880533e-02
1.523165159642462640e+03 -5.271868840336079529e+02 -3.938159768312564779e+01 0.000000000000000000e+00 0.000000000000000000e+00 1.088011387932752427e-01
1.370721394585395501e+03 -6.615407858680423487e+02 -3.691127538967450050e+01 0.000000000000000000e+00 0.000000000000000000e+00 3.155713358825806836e-02
1.186026463185971124e+03 -9.306225075425796831e+02 -3.591675275017759361e+01 0.000000000000000000e+00 0.000000000000000000e+00 -2.692264368491947835e-02
1.526693598186096551e+03 -9.322352743841663596e+02 -4.328976769935038504e+01 0.000000000000000000e+00 0.000000000000000000e+00 2.237540116361458331e-02
1.566745295856619350e+03 -1.209467896917956750e+03 -4.809226506319832595e+01 0.000000000000000000e+00 0.000000000000000000e+00 4.654753843915671041e-03
1.177582020978035416e+03 -1.267717584042800809e+03 -4.053705610922233404e+01 0.000000000000000000e+00 0.000000000000000000e+00 3.929115925347304028e-02
1.338742516496394956e+03 -1.388681004272456221e+03 -4.583071479445275997e+01 0.000000000000000000e+00 0.000000000000000000e+00 5.790563272492477154e-02
1.199219930674101306e+03 -1.666690216474087265e+03 -4.847269003691744871e+01 0.000000000000000000e+00 0.000000000000000000e+00 -5.821577871003569271e-04
1.518099369125078056e+03 -1.662522338843076795e+03 -5.524010738102860785e+01 0.000000000000000000e+00 0.000000000000000000e+00 2.527465041103482690e-02
1.567138785324297487e+03 -1.964002642460666948e+03 -6.339238435037569275e+01 0.000000000000000000e+00 0.000000000000000000e+00 1.036126432132462583e-01
1.186602680066377843e+03 -2.015886390079493594e+03 -5.646133623466752027e+01 0.000000000000000000e+00 0.000000000000000000e+00 2.093540557917350498e-02
1.372059394009679409e+03 -2.132599825116999000e+03 -6.327757850911204685e+01 0.000000000000000000e+00 0.000000000000000000e+00 -1.012738567429494196e-02
1.202263507530795323e+03 -2.398262473781826429e+03 -6.747648315536845587e+01 0.000000000000000000e+00 0.000000000000000000e+00 1.795209613852932762e-02
1.527356351173721350e+03 -2.394215757562942144e+03 -7.427437137500264441e+01 0.000000000000000000e+00 0.000000000000000000e+00 -2.077630716222245155e-02
1.533194074690242360e+03 -2.724822478368734210e+03 -8.498959786715862208e+01 0.000000000000000000e+00 0.000000000000000000e+00 -6.086510877626949423e-02
1.182120830672442935e+03 -2.777786402259941042e+03 -7.945130189172699886e+01 0.000000000000000000e+00 0.000000000000000000e+00 1.023913580681181656e-01
1.340646412440330778e+03 -2.909078125564836228e+03 -8.717932067441429922e+01 0.000000000000000000e+00 0.000000000000000000e+00 -8.105542000893706245e-02
1.539508810830390530e+03 -3.142063503099637728e+03 -1.002122225530904984e+02 0.000000000000000000e+00 0.000000000000000000e+00 2.165355641719202140e-02
1.217575513278061635e+03 -3.153757056790324441e+03 -9.392562439637893590e+01 0.000000000000000000e+00 0.000000000000000000e+00 3.787342522582548554e-02
9.131329474249949953e+02 -3.182197467307291390e+03 -9.008257791793681690e+01 0.000000000000000000e+00 0.000000000000000000e+00 -5.396342259112429929e-02
5.464734498566715502e+02 -3.175364725556098165e+03 -8.570855797824955857e+01 0.000000000000000000e+00 0.000000000000000000e+00 1.190985336221785929e-01
7.125379945592331978e+02 -2.941949398597856089e+03 -7.843078827596478675e+01 0.000000000000000000e+00 0.000000000000000000e+00 -7.199184212755938006e-02
5.194503710422932272e+02 -2.778911046304278898e+03 -7.072519606829665406e+01 0.000000000000000000e+00 0.000000000000000000e+00 -1.118187781072776943e-02
8.730014395610819520e+02 -2.766062320815166458e+03 -7.411457117680366480e+01 0.000000000000000000e+00 0.000000000000000000e+00 -4.922346860463733265e-02
8.613102436488288731e+02 -2.441677807358354130e+03 -6.329008317725273969e+01 0.000000000000000000e+00 0.000000000000000000e+00 -6.078934087884846349e-02
4.969010496255592670e+02 -2.448577274504429624e+03 -5.960789847225676397e+01 0.000000000000000000e+00 0.000000000000000000e+00 -6.852594917852172784e-03
6.670130852235209886e+02 -2.184031111310493543e+03 -5.335428135277747685e+01 0.000000000000000000e+00 0.000000000000000000e+00 -3.847540710945906994e-02
4.964139186951725833e+02 -2.029371384016950969e+03 -4.760252198234641696e+01 0.000000000000000000e+00 0.000000000000000000e+00 -1.434122201997425350e-01
8.672759433336443635e+02 -2.015247420139688984e+03 -5.125477349022756357e+01 0.000000000000000000e+00 0.000000000000000000e+00 -5.837014581732802299e-02
8.707710574390007423e+02 -1.692101225345895728e+03 -4.361332253503595524e+01 0.000000000000000000e+00 0.000000000000000000e+00 1.786352216054609698e-01
5.037423525109794014e+02 -1.697486471199359812e+03 -3.970266885995063433e+01 0.000000000000000000e+00 0.000000000000000000e+00 -8.380833334572912463e-02
6.787840257125294556e+02 -1.450050725932888554e+03 -3.633513719487044114e+01 0.000000000000000000e+00 0.000000000000000000e+00 1.386115288877363128e-01
4.826943002006074153e+02 -1.277835496676317916e+03 -3.147403293743765573e+01 0.000000000000000000e+00 0.000000000000000000e+00 -9.809582906020608561e-02
8.766413484039816240e+02 -1.272875940752953511e+03 -3.568475619666806864e+01 0.000000000000000000e+00 0.000000000000000000e+00 -1.411075626955948792e-02
8.685008710755251968e+02 -9.450221373658223456e+02 -3.087434685787980015e+01 0.000000000000000000e+00 0.000000000000000000e+00 1.362014383246190619e-02
4.941984636893781158e+02 -8.912939549526857945e+02 -2.614266411640093679e+01 0.000000000000000000e+00 0.000000000000000000e+00 4.272365925708143664e-02
6.784798178423779973e+02 -6.956417486206677268e+02 -2.587151715605623892e+01 0.000000000000000000e+00 0.000000000000000000e+00 6.269413943766011243e-03
4.863622856337906910e+02 -5.307488370020652155e+02 -2.276708686560622752e+01 0.000000000000000000e+00 0.000000000000000000e+00 -3.380201323313514195e-03
8.680246288139228454e+02 -5.165319824965284852e+02 -2.681828838812824856e+01 0.000000000000000000e+00 0.000000000000000000e+00 1.681313850496124473e-02
8.561712987759689213e+02 -1.919425511360011853e+02 -2.516297363436780188e+01 0.000000000000000000e+00 0.000000000000000000e+00 1.999549687687718347e-02
5.203904773143717648e+02 -1.735327699236346177e+02 -2.141697103776781574e+01 0.000000000000000000e+00 0.000000000000000000e+00 7.124007371665186383e-02
6.685842950305869863e+02 4.650039548789025901e+01 -2.264342644667284787e+01 0.000000000000000000e+00 0.000000000000000000e+00 -4.729124024518682745e-02
8.685537412715927985e+02 2.269631121961963061e+02 -2.540521499677203821e+01 0.000000000000000000e+00 0.000000000000000000e+00 2.532133869579666907e-02
4.730143761796630315e+02 2.120284971146436419e+02 -2.112783641991052974e+01 0.000000000000000000e+00 0.000000000000000000e+00 4.962208688946390112e-02
4.761515506301864207e+02 5.521138120508491056e+02 -2.280167848081595494e+01 0.000000000000000000e+00 0.000000000000000000e+00 2.171436092218570479e-02
8.552971859506217243e+02 5.529514628377331746e+02 -2.682200386411349768e+01 0.000000000000000000e+00 0.000000000000000000e+00 -3.681824721888915519e-02
6.516427480626908846e+02 8.035809197873928724e+02 -2.652845548297884193e+01 0.000000000000000000e+00 0.000000000000000000e+00 4.234574280796010726e-02
4.713795349915442898e+02 9.718488193628422778e+02 -2.680665481519410065e+01 0.000000000000000000e+00 0.000000000000000000e+00 -1.632445813007521451e-02
8.501310764424242734e+02 9.818552658500683492e+02 -3.088550529148006518e+01 0.000000000000000000e+00 0.000000000000000000e+00 1.770958110249409856e-03
8.497975916156345875e+02 1.304375404674266520e+03 -3.548519829167170769e+01 0.000000000000000000e+00 0.000000000000000000e+00 5.997008298754025191e-02
4.714026607607872847e+02 1.298766397472346398e+03 -3.146445681508741643e+01 0.000000000000000000e+00 0.000000000000000000e+00 -8.652434853146928617e-03
6.504683550638020506e+02 1.549871745042748216e+03 -3.749836365724139142e+01 0.000000000000000000e+00 0.000000000000000000e+00 1.661966381910673363e-02
8.400456348409217071e+02 1.730854363231211209e+03 -4.337928472843652372e+01 0.000000000000000000e+00 0.000000000000000000e+00 -2.642609022375097538e-02
4.681750664773845187e+02 1.724376608283821724e+03 -3.944821219086148290e+01 0.000000000000000000e+00 0.000000000000000000e+00 1.046526185159990519e-02
8.400358174244119027e+02 2.048598167712780196e+03 -5.076146888187291495e+01 0.000000000000000000e+00 0.000000000000000000e+00 -1.386564309665772043e-02
4.700688119945925791e+02 2.048711006025737333e+03 -4.701160468069211618e+01 0.000000000000000000e+00 0.000000000000000000e+00 1.920415989408752466e-02
6.449528001364695911e+02 2.301001079777851373e+03 -5.523506946874363877e+01 0.000000000000000000e+00 0.000000000000000000e+00 -1.462018195203995674e-02
8.413170930091579294e+02 2.476888153769648852e+03 -6.258320457026999151e+01 0.000000000000000000e+00 0.000000000000000000e+00 6.104202119807666804e-03
4.588183099372996594e+02 2.470041741889145214e+03 -5.856558671937084171e+01 0.000000000000000000e+00 0.000000000000000000e+00 3.459138375914960761e-02
4.515329973333001021e+02 2.806694765824358910e+03 -6.926208729451192880e+01 0.000000000000000000e+00 0.000000000000000000e+00 -5.055546390360632358e-02
6.365753543570261854e+02 3.052688215265647614e+03 -7.943310712565754272e+01 0.000000000000000000e+00 0.000000000000000000e+00 4.437288011568796264e-02
4.522287738899034935e+02 3.218768636329689798e+03 -8.412994947160440518e+01 0.000000000000000000e+00 0.000000000000000000e+00 -3.828368926288305829e-02
8.459781434012687669e+02 3.217253750134762868e+03 -8.791359181815019497e+01 0.000000000000000000e+00 0.000000000000000000e+00 -5.174558508832660664e-02
8.627567847803973109e+02 2.812461170518661220e+03 -7.356423040487227638e+01 0.000000000000000000e+00 0.000000000000000000e+00 -1.177786918312051512e-02
1.585465300873559045e+02 3.217912385918748441e+03 -8.274693160403757020e+01 0.000000000000000000e+00 0.000000000000000000e+00 -6.769334486813249896e-02
5.021468799475796274e+00 3.076693078610997873e+03 -7.725062673948283987e+01 0.000000000000000000e+00 0.000000000000000000e+00 -2.175487316583257780e-02
-2.057378079926891132e+02 3.211024636449015361e+03 -8.261259439568883067e+01 0.000000000000000000e+00 0.000000000000000000e+00 -1.423210181386025397e-02
-2.024574818893661643e+02 2.860651660936465760e+03 -6.986399365713347720e+01 0.000000000000000000e+00 0.000000000000000000e+00 -4.036413885503975507e-02
1.361326428572512270e+02 2.816919945817091048e+03 -6.819763551988428674e+01 0.000000000000000000e+00 0.000000000000000000e+00 6.123966947271242134e-03
1.687884989844422421e+02 2.525945067358611595e+03 -5.886617214755057859e+01 0.000000000000000000e+00 0.000000000000000000e+00 -1.526591476788041746e-02
-1.694822110522812295e+02 2.479931793785654463e+03 -5.746757663334101096e+01 0.000000000000000000e+00 0.000000000000000000e+00 -1.362567441879747321e-02
-2.772526945925498154e+01 2.348568529889464116e+03 -5.338662358953661169e+01 0.000000000000000000e+00 0.000000000000000000e+00 -1.688994317973424586e-02
-1.655821452698937151e+02 2.061281758822988650e+03 -4.582851887603682428e+01 0.000000000000000000e+00 0.000000000000000000e+00 2.809267739091581007e-02
1.689587161054078877e+02 2.045660965706596471e+03 -4.544257101790780951e+01 0.000000000000000000e+00 0.000000000000000000e+00 5.617693912215315777e-02
2.005250307218310581e+02 1.783661518065009886e+03 -3.933960931005036343e+01 0.000000000000000000e+00 0.000000000000000000e+00 1.045844846115073778e-02
-1.845267437910918034e+02 1.717677634313879025e+03 -3.785936666216710478e+01 0.000000000000000000e+00 0.000000000000000000e+00 -3.055915583453838735e-02
-2.678658288428475487e+01 1.592166183412475448e+03 -3.501708059923744543e+01 0.000000000000000000e+00 0.000000000000000000e+00 -2.555580134809076753e-02
-1.858326754795324689e+02 1.293506445336768593e+03 -2.990115033592334370e+01 0.000000000000000000e+00 0.000000000000000000e+00 -3.812753475042285345e-03
1.857937973442573423e+02 1.299057272517627553e+03 -2.999119544587583164e+01 0.000000000000000000e+00 0.000000000000000000e+00 4.069702961877652569e-02
2.198143566520827790e+02 1.029932727650545303e+03 -2.616277321055287075e+01 0.000000000000000000e+00 0.000000000000000000e+00 -4.107820699324449265e-02
-1.735251239518676414e+02 9.633708340719542775e+02 -2.518208223906913190e+01 0.000000000000000000e+00 0.000000000000000000e+00 2.138450733683328053e-02
-2.548990538050234278e+01 8.457784232010966434e+02 -2.360430675433602943e+01 0.000000000000000000e+00 0.000000000000000000e+00 6.844437546220660806e-03
-1.748683577267262592e+02 5.501666592428343847e+02 -2.122532299382116250e+01 0.000000000000000000e+00 0.000000000000000000e+00 5.532643631315181665e-02
1.881114613210629614e+02 5.538492287331833950e+02 -2.128949202403951091e+01 0.000000000000000000e+00 0.000000000000000000e+00 8.613124232280000570e-03
2.270085185919785999e+02 2.582409805683664672e+02 -1.988913330834069626e+01 0.000000000000000000e+00 0.000000000000000000e+00 5.555421195143495083e-02
-1.834542634491738227e+02 2.185584606424119727e+02 -1.962525212955057441e+01 0.000000000000000000e+00 0.000000000000000000e+00 -1.794799620371634319e-02
5.173603632251239759e+00 1.040286633650833181e+02 -1.911959060657189724e+01 0.000000000000000000e+00 0.000000000000000000e+00 3.911417563748642579e-02
2.120035426475350562e+02 -1.930926063485244129e+02 -1.965064397849470978e+01 0.000000000000000000e+00 0.000000000000000000e+00 -4.091687503930074854e-03
-1.769647842723178996e+02 -2.007853685989534256e+02 -1.956068797108957114e+01 0.000000000000000000e+00 0.000000000000000000e+00 1.440759773450075443e-01
-1.365416352032036684e+02 -5.071588803420761451e+02 -2.085688715131937698e+01 0.000000000000000000e+00 0.000000000000000000e+00 4.811071153417501023e-02
2.010493842581772412e+02 -5.308264280683620200e+02 -2.119063682752229028e+01 0.000000000000000000e+00 0.000000000000000000e+00 2.687458681304377706e-02
3.000873940200154522e+01 -7.001268403966982987e+02 -2.221840367613740241e+01 0.000000000000000000e+00 0.000000000000000000e+00 -8.574639492540114816e-03
2.395837281676885766e+02 -9.068487573466794629e+02 -2.482069525490770445e+01 0.000000000000000000e+00 0.000000000000000000e+00 5.592819954154748530e-02
-1.625205385430077456e+02 -9.481982006408818506e+02 -2.506735942085119362e+01 0.000000000000000000e+00 0.000000000000000000e+00 -1.836960419312205772e-02
-1.424321927593743169e+02 -1.249316662138179481e+03 -2.929871398178405428e+01 0.000000000000000000e+00 0.000000000000000000e+00 7.798319115832441639e-02
2.062150281265471392e+02 -1.280685961533024511e+03 -2.999088644135665049e+01 0.000000000000000000e+00 0.000000000000000000e+00 9.090529921838452765e-03
2.169292982420554949e+01 -1.442171089525444586e+03 -3.249644189573843533e+01 0.000000000000000000e+00 0.000000000000000000e+00 1.626366580446401144e-01
-1.537434908496334174e+02 -1.697504561896950236e+03 -3.786103011986718059e+01 0.000000000000000000e+00 0.000000000000000000e+00 -9.151471641261821333e-02
2.043752454065467532e+02 -1.707797981928346871e+03 -3.823246328689850770e+01 0.000000000000000000e+00 0.000000000000000000e+00 1.919362433966398385e-03
2.505779029632112724e+02 -2.002081265991911096e+03 -4.543277417296962994e+01 0.000000000000000000e+00 0.000000000000000000e+00 2.843190203896028834e-02
-1.396697109662722767e+02 -2.034104150219481880e+03 -4.591853462056690205e+01 0.000000000000000000e+00 0.000000000000000000e+00 -7.813994633484355745e-02
2.445901063477069926e+01 -2.200681914976446478e+03 -5.029577981685755361e+01 0.000000000000000000e+00 0.000000000000000000e+00 2.880259672181040287e-02
2.173132312775481125e+02 -2.447436544335759663e+03 -5.799616567346889440e+01 0.000000000000000000e+00 0.000000000000000000e+00 -2.399261942846919737e-02
-1.549674090224965823e+02 -2.449097390280521267e+03 -5.786463856529390171e+01 0.000000000000000000e+00 0.000000000000000000e+00 4.608834921768334425e-03
-1.301280295590333083e+02 -2.767940978742607513e+03 -6.836405516975023033e+01 0.000000000000000000e+00 0.000000000000000000e+00 6.633964534708525207e-02
2.179841084736749792e+02 -2.777623470007431024e+03 -6.894241916808358894e+01 0.000000000000000000e+00 0.000000000000000000e+00 1.509271229309661067e-04
4.964535641621326079e+01 -2.935073454574352127e+03 -7.425368577460378106e+01 0.000000000000000000e+00 0.000000000000000000e+00 7.918371170870841524e-02
-1.426823779092775055e+02 -3.194260127644137356e+03 -8.431388587590197403e+01 0.000000000000000000e+00 0.000000000000000000e+00 -1.368305472408337664e-02
2.248216503211687609e+02 -3.193105646560471087e+03 -8.450056820123442947e+01 0.000000000000000000e+00 0.000000000000000000e+00 9.868054182187790957e-02
-8.262067875263107908e+02 -3.127510773586850064e+03 -8.679004626933766531e+01 0.000000000000000000e+00 0.000000000000000000e+00 5.015735685944378019e-02
-4.456223703920554158e+02 -3.145879814406340302e+03 -8.378125667230457907e+01 0.000000000000000000e+00 0.000000000000000000e+00 6.383232682907191702e-02
-6.352124522239212183e+02 -2.959620118448807261e+03 -7.827523351745190894e+01 0.000000000000000000e+00 0.000000000000000000e+00 -4.571279596476074403e-02
-8.198560830292979063e+02 -2.798945184868871820e+03 -7.456377866890539963e+01 0.000000000000000000e+00 0.000000000000000000e+00 1.657918385532752836e-02
-4.605960889199549797e+02 -2.776409947683244354e+03 -7.018706434673654826e+01 0.000000000000000000e+00 0.000000000000000000e+00 -5.165890487509727791e-02
-8.147146729125672664e+02 -2.448169787749869101e+03 -6.287769001352899068e+01 0.000000000000000000e+00 0.000000000000000000e+00 -1.156508444894583931e-01
-4.804277358511406533e+02 -2.436360863051087108e+03 -5.910099734959619866e+01 0.000000000000000000e+00 0.000000000000000000e+00 2.938524505023565325e-02
-6.423235608003900552e+02 -2.195660804082471714e+03 -5.342382956991421850e+01 0.000000000000000000e+00 0.000000000000000000e+00 -1.246856491282244406e-02
-8.279531740581073791e+02 -2.034092600334798590e+03 -5.121462751753018949e+01 0.000000000000000000e+00 0.000000000000000000e+00 -4.052380741877925630e-02
-4.936220876167352571e+02 -2.013538489331224355e+03 -4.716952390789776928e+01 0.000000000000000000e+00 0.000000000000000000e+00 3.242337908107373323e-02
-8.267476506377183796e+02 -1.715305363058589819e+03 -4.352620156457228973e+01 0.000000000000000000e+00 0.000000000000000000e+00 -2.905513990347685649e-02
-4.963467770080549712e+02 -1.685196465282029294e+03 -3.937545836964579848e+01 0.000000000000000000e+00 0.000000000000000000e+00 -4.844748308850910234e-02
-6.514438330370984431e+02 -1.466472045796739167e+03 -3.635303116774116461e+01 0.000000000000000000e+00 0.000000000000000000e+00 -9.195230115247454705e-02
-8.436241370049663146e+02 -1.287976048506435518e+03 -3.547980953517182456e+01 0.000000000000000000e+00 0.000000000000000000e+00 3.164424435141199865e-02
-4.685507761950015038e+02 -1.234865197120572475e+03 -3.066793078801090999e+01 0.000000000000000000e+00 0.000000000000000000e+00 1.698053100909291402e-02
-8.286135769968315117e+02 -9.664850155192207239e+02 -3.059695523744671419e+01 0.000000000000000000e+00 0.000000000000000000e+00 -7.782447235921097217e-02
-4.598600659970409765e+02 -9.656882414001711368e+02 -2.677260390149403690e+01 0.000000000000000000e+00 0.000000000000000000e+00 3.298774362306033936e-02
-6.783791458867798383e+02 -7.126688382496516851e+02 -2.602543986856917257e+01 0.000000000000000000e+00 0.000000000000000000e+00 -1.445057188688636529e-02
-8.473152784373252189e+02 -5.490920711633126530e+02 -2.675819032210330306e+01 0.000000000000000000e+00 0.000000000000000000e+00 4.380974527915526551e-03
-4.989083168512316320e+02 -5.105998048508186571e+02 -2.273088307502971972e+01 0.000000000000000000e+00 0.000000000000000000e+00 -2.420588927903111198e-02
-8.258606262046973825e+02 -2.136793854461636499e+02 -2.481256761412978307e+01 0.000000000000000000e+00 0.000000000000000000e+00 -1.171632021984692074e-02
-4.597816289179307319e+02 -2.059597771194393374e+02 -2.101998944854912565e+01 0.000000000000000000e+00 0.000000000000000000e+00 2.125206984294436552e-02
-6.564584727907613342e+02 4.095515702208848552e+01 -2.251197674804123139e+01 0.000000000000000000e+00 0.000000000000000000e+00 9.077352723744525065e-02
-8.513036828830103104e+02 2.163290501711472302e+02 -2.513921100740386194e+01 0.000000000000000000e+00 0.000000000000000000e+00 -4.275106464147881979e-02
-4.750351564384215521e+02 2.227846626956926741e+02 -2.117286791984945893e+01 0.000000000000000000e+00 0.000000000000000000e+00 -2.975017909501431745e-02
-8.343984014864528262e+02 5.318310445044835433e+02 -2.639727355809026932e+01 0.000000000000000000e+00 0.000000000000000000e+00 5.046229183445305466e-02
-4.671234413565675254e+02 5.469832025626833456e+02 -2.269810501280493042e+01 0.000000000000000000e+00 0.000000000000000000e+00 -2.333220115939838024e-03
-6.515670073147459789e+02 7.860612174984200919e+02 -2.635217625649927342e+01 0.000000000000000000e+00 0.000000000000000000e+00 3.714926809935192864e-02
-8.446967421246346248e+02 9.586175662410893210e+02 -3.053033477365778481e+01 0.000000000000000000e+00 0.000000000000000000e+00 -2.666337793105100218e-02
-5.156836040159486174e+02 9.805327780696401305e+02 -2.725942072399087124e+01 0.000000000000000000e+00 0.000000000000000000e+00 -4.872920888659137972e-02
-8.433120964250193765e+02 1.277076782466838949e+03 -3.496007101359516867e+01 0.000000000000000000e+00 0.000000000000000000e+00 -6.488561076063348310e-02
-4.959383458253958565e+02 1.299039444250627184e+03 -3.165568268373322169e+01 0.000000000000000000e+00 0.000000000000000000e+00 -1.304718941726790149e-02
-6.746508953294818411e+02 1.546487865288679586e+03 -3.768406144032432081e+01 0.000000000000000000e+00 0.000000000000000000e+00 -3.388853498686472676e-02
-8.406275430482669435e+02 1.712649892299969224e+03 -4.299999245487138211e+01 0.000000000000000000e+00 0.000000000000000000e+00 -4.743045468966755607e-02
-4.738171117056654111e+02 1.731842807001408573e+03 -3.964952142755867470e+01 0.000000000000000000e+00 0.000000000000000000e+00 2.686503978132748216e-02
-8.597933690677674576e+02 2.030420829438384089e+03 -5.056705753645276502e+01 0.000000000000000000e+00 0.000000000000000000e+00 2.783576184675951026e-03
-5.022320030841775065e+02 2.044805347475407189e+03 -4.715575872025716819e+01 0.000000000000000000e+00 0.000000000000000000e+00 -2.000042378709565583e-02
-6.779618652172467819e+02 2.289277694574450834e+03 -5.524315844566983458e+01 0.000000000000000000e+00 0.000000000000000000e+00 -4.360208602256676613e-02
-8.503017182047866527e+02 2.463297372349954912e+03 -6.229277373393802719e+01 0.000000000000000000e+00 0.000000000000000000e+00 -4.060704200003328879e-02
-5.183432537747006563e+02 2.483892346856761833e+03 -5.942878834529307852e+01 0.000000000000000000e+00 0.000000000000000000e+00 -4.244110541094414657e-03
-8.395498939194123977e+02 2.807204192025343218e+03 -7.308701053267155601e+01 0.000000000000000000e+00 0.000000000000000000e+00 -5.371930021364335062e-02
-4.954416833184508278e+02 2.796128145483264689e+03 -6.922196892208964414e+01 0.000000000000000000e+00 0.000000000000000000e+00 -8.825257947805198455e-02
-6.663933282474084763e+02 3.043907212212030117e+03 -7.940675924357611848e+01 0.000000000000000000e+00 0.000000000000000000e+00 -1.262202425493796909e-02
-8.396962537288042085e+02 3.209231024554878331e+03 -8.752809143523191437e+01 0.000000000000000000e+00 0.000000000000000000e+00 -7.399569946684891875e-02
-5.297424626666435188e+02 3.219793349329338980e+03 -8.474179846567322727e+01 0.000000000000000000e+00 0.000000000000000000e+00 -2.022218239177675514e-02
-1.485383422047639669e+03 -3.161936053236441239e+03 -9.973803106451890699e+01 0.000000000000000000e+00 0.000000000000000000e+00 4.059000958770297984e-02
-1.121287900460281662e+03 -3.141775015127178904e+03 -9.174372813423264006e+01 0.000000000000000000e+00 0.000000000000000000e+00 7.694856931871640882e-02
-1.308033364769291211e+03 -2.965158706832962707e+03 -8.855632905525163778e+01 0.000000000000000000e+00 0.000000000000000000e+00 -2.782503365662591932e-02
-1.475168410686574589e+03 -2.791801741503720223e+03 -8.594225554140002998e+01 0.000000000000000000e+00 0.000000000000000000e+00 2.550954562799745418e-02
-1.117500666505833351e+03 -2.783605185622424870e+03 -7.850313087601308837e+01 0.000000000000000000e+00 0.000000000000000000e+00 1.148096668729721159e-01
-1.477391709824380541e+03 -2.466813287199800925e+03 -7.532453652336101868e+01 0.000000000000000000e+00 0.000000000000000000e+00 -8.464602253371822371e-02
-1.136885235142267675e+03 -2.455742833886840799e+03 -6.804352733122652808e+01 0.000000000000000000e+00 0.000000000000000000e+00 4.401593922409574589e-04
-1.292798276535555942e+03 -2.204455528184776540e+03 -6.359722690998306405e+01 0.000000000000000000e+00 0.000000000000000000e+00 -2.421792673730038814e-02
-1.475404140148832084e+03 -2.043877069019335067e+03 -6.323502417108711882e+01 0.000000000000000000e+00 0.000000000000000000e+00 -3.605671001803045783e-02
-1.114118128582861800e+03 -2.030215876329877347e+03 -5.551418362826763087e+01 0.000000000000000000e+00 0.000000000000000000e+00 -4.181696963299685876e-02
-1.485055620417645514e+03 -1.716753781699256251e+03 -5.562768325666980473e+01 0.000000000000000000e+00 0.000000000000000000e+00 4.636970047574351383e-02
-1.110335284261944707e+03 -1.714066305124982591e+03 -4.787039640482300484e+01 0.000000000000000000e+00 0.000000000000000000e+00 6.515283156268480980e-03
-1.313392550583806951e+03 -1.471136415665082495e+03 -4.681162978129204078e+01 0.000000000000000000e+00 0.000000000000000000e+00 -9.339699886454866373e-02
-1.492351499796576263e+03 -1.302767630720661145e+03 -4.779502548280753871e+01 0.000000000000000000e+00 0.000000000000000000e+00 1.661978055196300375e-04
-1.154595801171674566e+03 -1.253684760375003634e+03 -3.988174444334385527e+01 0.000000000000000000e+00 0.000000000000000000e+00 -8.773246656794242426e-03
-1.487354011865452321e+03 -9.603229474560121162e+02 -4.269140060480002319e+01 0.000000000000000000e+00 0.000000000000000000e+00 5.515949793140606516e-02
-1.146705641784052659e+03 -9.561634420085343891e+02 -3.549572142230680782e+01 0.000000000000000000e+00 0.000000000000000000e+00 8.997017050525357718e-03
-1.317445172096531223e+03 -7.312227378015530803e+02 -3.639893103280147102e+01 0.000000000000000000e+00 0.000000000000000000e+00 -5.604227058061184152e-02
-1.482747649321876452e+03 -5.412127125552099187e+02 -3.851443754979334955e+01 0.000000000000000000e+00 0.000000000000000000e+00 1.992443527680620718e-02
-1.133613089766850635e+03 -5.386947626898040653e+02 -3.122187985070286231e+01 0.000000000000000000e+00 0.000000000000000000e+00 2.761375667223120445e-02
-1.497395962835687669e+03 -2.283570408200052384e+02 -3.728547068311013390e+01 0.000000000000000000e+00 0.000000000000000000e+00 1.238509441189705740e-02
-1.127046972061517636e+03 -2.211268696373213345e+02 -2.953315459071519200e+01 0.000000000000000000e+00 0.000000000000000000e+00 -1.049042747933626174e-02
-1.280891544162510627e+03 4.953686458967953854e+01 -3.216001974530211527e+01 0.000000000000000000e+00 0.000000000000000000e+00 -2.148949370380393020e-02
-1.511103951488740677e+03 1.953729363896530913e+02 -3.746156687251220774e+01 0.000000000000000000e+00 0.000000000000000000e+00 1.164193082930609080e-02
-1.139447552239195375e+03 2.103595863772494283e+02 -2.968968855183980082e+01 0.000000000000000000e+00 0.000000000000000000e+00 -5.217022226842260579e-02
-1.508975442966813262e+03 5.622106932432983513e+02 -3.910844764081777214e+01 0.000000000000000000e+00 0.000000000000000000e+00 1.585917970579231451e-02
-1.150194269848047497e+03 5.256797644078075109e+02 -3.132788899233892721e+01 0.000000000000000000e+00 0.000000000000000000e+00 6.456349472882649820e-02
-1.327764834585043445e+03 7.811268214468623228e+02 -3.687946809101473633e+01 0.000000000000000000e+00 0.000000000000000000e+00 -3.003853949806511991e-02
-1.514696957701612973e+03 9.478277018670926282e+02 -4.283502016614529140e+01 0.000000000000000000e+00 0.000000000000000000e+00 -6.175180578246397545e-03
-1.159821941335323118e+03 9.703206723331850299e+02 -3.565066652022211002e+01 0.000000000000000000e+00 0.000000000000000000e+00 -4.750689817080910871e-02
-1.529261148592195241e+03 1.283398240983859978e+03 -4.778947823297895070e+01 0.000000000000000000e+00 0.000000000000000000e+00 1.859371818568433810e-02
-1.180936911016449812e+03 1.302998677152881328e+03 -4.073283397910546455e+01 0.000000000000000000e+00 0.000000000000000000e+00 -8.045464261101642478e-03
-1.328598633481784645e+03 1.550017024430545462e+03 -4.796857866627770761e+01 0.000000000000000000e+00 0.000000000000000000e+00 -3.849574197435856604e-02
-1.514332733356367726e+03 1.695202723562301571e+03 -5.494683494800875678e+01 0.000000000000000000e+00 0.000000000000000000e+00 9.952248631961424508e-03
-1.137433773421369324e+03 1.713607811092540942e+03 -4.758659407030805966e+01 0.000000000000000000e+00 0.000000000000000000e+00 7.869106883887866388e-03
-1.533508969767121926e+03 2.011662208380709899e+03 -6.253125182665031900e+01 0.000000000000000000e+00 0.000000000000000000e+00 -5.082138794627866218e-02
-1.142298578656860855e+03 2.043292670400752286e+03 -5.525608101953714879e+01 0.000000000000000000e+00 0.000000000000000000e+00 -4.139856841513278596e-02
-1.328548379281780853e+03 2.272908037603838693e+03 -6.481155153490236387e+01 0.000000000000000000e+00 0.000000000000000000e+00 -4.276457546696121881e-02
-1.527467867903529623e+03 2.450255322999255895e+03 -7.419138478650435786e+01 0.000000000000000000e+00 0.000000000000000000e+00 3.175674011865226021e-02
-1.179555158102397399e+03 2.458149437524955374e+03 -6.724984074705011494e+01 0.000000000000000000e+00 0.000000000000000000e+00 -7.420781326706560321e-02
-1.543109637096957385e+03 2.780553705370702573e+03 -8.487756120788444036e+01 0.000000000000000000e+00 0.000000000000000000e+00 1.770736519716820112e-03
-1.188041885568602993e+03 2.787852082208118645e+03 -7.779490457508026680e+01 0.000000000000000000e+00 0.000000000000000000e+00 -6.057338184200489195e-02
-1.354066242813554027e+03 3.025678815322055470e+03 -8.921064998837537985e+01 0.000000000000000000e+00 0.000000000000000000e+00 -1.463228255532555977e-02
-1.522136632435527645e+03 3.192993574059771618e+03 -9.897301053149283234e+01 0.000000000000000000e+00 0.000000000000000000e+00 -4.812560246347175053e-02
-1.156956805152129618e+03 3.199478240071864548e+03 -9.190766920852921373e+01 0.000000000000000000e+00 0.000000000000000000e+00 -4.374651597503032008e-02
-2.161829601126548368e+03 -3.155126663776429723e+03 -1.179451888966793547e+02 0.000000000000000000e+00 0.000000000000000000e+00 5.933127251068981423e-03
-1.781931001401935873e+03 -3.155286762070043096e+03 -1.067840680362444630e+02 0.000000000000000000e+00 0.000000000000000000e+00 -1.109567897641738909e-01
-1.947296671225062028e+03 -2.958458024577264041e+03 -1.041221792352150857e+02 0.000000000000000000e+00 0.000000000000000000e+00 -6.955007945701652261e-02
-2.136253969355857407e+03 -2.803120025240362338e+03 -1.044908440802379062e+02 0.000000000000000000e+00 0.000000000000000000e+00 2.194306398911578526e-01
-1.800220947113956072e+03 -2.773338983614307381e+03 -9.345499397193043478e+01 0.000000000000000000e+00 0.000000000000000000e+00 -2.630276136193572256e-01
-2.144976327603845675e+03 -2.460895885639312837e+03 -9.374309023384869022e+01 0.000000000000000000e+00 0.000000000000000000e+00 2.390713822747159156e-02
-1.780136260153308285e+03 -2.454641283046594708e+03 -8.257938791203142159e+01 0.000000000000000000e+00 0.000000000000000000e+00 4.828444304209256188e-02
-1.945197028587421300e+03 -2.213351425320118324e+03 -8.029030605806089227e+01 0.000000000000000000e+00 0.000000000000000000e+00 -3.896211365149326866e-02
-2.147408159419809635e+03 -2.054994362245483444e+03 -8.244782895629843722e+01 0.000000000000000000e+00 0.000000000000000000e+00 -6.660395716515665754e-02
-1.768893112948713451e+03 -2.039336388365898074e+03 -7.056217642556774194e+01 0.000000000000000000e+00 0.000000000000000000e+00 -1.670725447587528834e-02
-2.146522726602829607e+03 -1.716476373347217987e+03 -7.440952246211890042e+01 0.000000000000000000e+00 0.000000000000000000e+00 5.672053189928760730e-02
-1.773809497798820303e+03 -1.718113513416888281e+03 -6.305571865830562928e+01 0.000000000000000000e+00 0.000000000000000000e+00 2.264989689432184150e-02
-1.955580866286936725e+03 -1.466235553833636459e+03 -6.326576662401373596e+01 0.000000000000000000e+00 0.000000000000000000e+00 2.017384602881833189e-02
-2.143164121206719756e+03 -1.302485400625510692e+03 -6.638878788900453287e+01 0.000000000000000000e+00 0.000000000000000000e+00 5.480803838369752157e-02
-1.802138198444764612e+03 -1.289880616307113996e+03 -5.564032460184036211e+01 0.000000000000000000e+00 0.000000000000000000e+00 7.325449451334264950e-02
-2.142685443504661180e+03 -9.674982449591699378e+02 -6.152231908706476560e+01 0.000000000000000000e+00 0.000000000000000000e+00 -2.919245534665293462e-02
-1.777577758355014112e+03 -9.638641191111510125e+02 -5.023535868781918623e+01 0.000000000000000000e+00 0.000000000000000000e+00 -6.743562557098670140e-02
-1.982870833854499551e+03 -6.608530808821794835e+02 -5.314070083289810498e+01 0.000000000000000000e+00 0.000000000000000000e+00 2.940992432975519932e-02
-2.171920846383218304e+03 -5.485884015228173212e+02 -5.841666767409069649e+01 0.000000000000000000e+00 0.000000000000000000e+00 1.097292678264949473e-02
-1.817179626362754107e+03 -5.359305536062818192e+02 -4.721289451676796745e+01 0.000000000000000000e+00 0.000000000000000000e+00 9.589768043966273581e-03
-2.155205941076253566e+03 -2.148195523260756659e+02 -5.616601612816801037e+01 0.000000000000000000e+00 0.000000000000000000e+00 -6.984316667570311665e-02
-1.787383529471644351e+03 -2.207227879402959161e+02 -4.479616796884862140e+01 0.000000000000000000e+00 0.000000000000000000e+00 -3.301809346694994929e-03
-1.988389370755848404e+03 3.723199269595586713e+01 -5.041035322917754513e+01 0.000000000000000000e+00 0.000000000000000000e+00 2.478779291325849954e-02
-2.197433550296687372e+03 1.956109434495158723e+02 -5.743888827143257458e+01 0.000000000000000000e+00 0.000000000000000000e+00 -2.697728821772216179e-04
-1.814851712367621985e+03 2.129052531504359820e+02 -4.546682362481732298e+01 0.000000000000000000e+00 0.000000000000000000e+00 3.339109947839347114e-02
-2.162682498188085901e+03 5.346196660049362208e+02 -5.770541456164016836e+01 0.000000000000000000e+00 0.000000000000000000e+00 6.387878845131922390e-03
-1.803027065404430232e+03 5.211452373130341584e+02 -4.648743357444416802e+01 0.000000000000000000e+00 0.000000000000000000e+00 -7.916526012188285222e-03
-2.031959057559272424e+03 8.430623345640760817e+02 -5.599947993812996572e+01 0.000000000000000000e+00 0.000000000000000000e+00 1.518622333919239509e-02
-2.187892319612155916e+03 9.501635590690816571e+02 -6.225677452859204664e+01 0.000000000000000000e+00 0.000000000000000000e+00 -1.676151918581325617e-02
-1.839802098643908948e+03 9.622170563958852654e+02 -5.152035755322936694e+01 0.000000000000000000e+00 0.000000000000000000e+00 1.638138008816909519e-01
-2.182589755535836048e+03 1.286199766704954072e+03 -6.660221068779074471e+01 0.000000000000000000e+00 0.000000000000000000e+00 -9.154185254601543420e-02
-1.799751010851192177e+03 1.291849846838413214e+03 -5.491926646129954293e+01 0.000000000000000000e+00 0.000000000000000000e+00 -3.622580554561949384e-02
-2.012421716630304218e+03 1.539756731020485859e+03 -6.543444878699392575e+01 0.000000000000000000e+00 0.000000000000000000e+00 -8.359512166350668849e-03
-2.195172727982052947e+03 1.687138537822695298e+03 -7.418404027924530908e+01 0.000000000000000000e+00 0.000000000000000000e+00 6.400808796499291020e-03
-1.842879777979269647e+03 1.704230749797894987e+03 -6.363615510201112357e+01 0.000000000000000000e+00 0.000000000000000000e+00 3.851689625478371681e-02
-2.185958159322742176e+03 2.009084361800952365e+03 -8.098946495696179682e+01 0.000000000000000000e+00 0.000000000000000000e+00 -3.459211983647492161e-02
-1.837458362348847913e+03 2.027103876495357554e+03 -7.075335961952974628e+01 0.000000000000000000e+00 0.000000000000000000e+00 1.173778662419522334e-03
-2.010852924872299127e+03 2.291151489398904232e+03 -8.265189808932267113e+01 0.000000000000000000e+00 0.000000000000000000e+00 -4.547402793345156624e-02
-2.181360877853911006e+03 2.428116223531409560e+03 -9.187857419626041633e+01 0.000000000000000000e+00 0.000000000000000000e+00 -2.523875379296214305e-03
-1.843875208853392678e+03 2.450058800721427815e+03 -8.227322187356845973e+01 0.000000000000000000e+00 0.000000000000000000e+00 -4.078649999543415561e-02
-2.205415873466934954e+03 2.777232717609319934e+03 -1.033682695041389934e+02 0.000000000000000000e+00 0.000000000000000000e+00 2.538074140920798527e-02
-1.842453352055138112e+03 2.762180777208036943e+03 -9.189471872697146182e+01 0.000000000000000000e+00 0.000000000000000000e+00 4.492251241467215550e-02
-2.033941841914471524e+03 3.006998090499362206e+03 -1.057479539682511529e+02 0.000000000000000000e+00 0.000000000000000000e+00 5.763508955041629633e-02
-2.180223691828032315e+03 3.189129857464181441e+03 -1.168871350497455524e+02 0.000000000000000000e+00 0.000000000000000000e+00 6.559599528173976069e-02
-1.866884044636340832e+03 3.192493399025143844e+03 -1.076400011335157103e+02 0.000000000000000000e+00 0.000000000000000000e+00 3.597603734974086365e-02
-2.842391919573666200e+03 -2.401121010391270374e+03 -1.181197202961021588e+02 0.000000000000000000e+00 0.000000000000000000e+00 -3.650256323034284378e-02
-2.490750684620791162e+03 -2.432472074278030505e+03 -1.050267047827811240e+02 0.000000000000000000e+00 0.000000000000000000e+00 -2.581835478706295817e-02
-2.641797941854928013e+03 -2.215463060108795162e+03 -1.047117263599900099e+02 0.000000000000000000e+00 0.000000000000000000e+00 -6.001529511532055494e-02
-2.842948004743326237e+03 -2.065192456878399753e+03 -1.090782997664701952e+02 0.000000000000000000e+00 0.000000000000000000e+00 -5.696124778995681481e-02
-2.460732278344966744e+03 -2.034240269743130739e+03 -9.298128393143602466e+01 0.000000000000000000e+00 0.000000000000000000e+00 2.059817718077283644e-02
-2.834987609904309465e+03 -1.668875245161931161e+03 -9.967416934137824569e+01 0.000000000000000000e+00 0.000000000000000000e+00 -5.143785768780162471e-02
-2.450442894905455887e+03 -1.716344790748762080e+03 -8.518422981691571749e+01 0.000000000000000000e+00 0.000000000000000000e+00 -6.117059009375225287e-02
-2.634115098271642637e+03 -1.472198542196408198e+03 -8.747847770462473704e+01 0.000000000000000000e+00 0.000000000000000000e+00 -7.350936685145370575e-02
-2.830167655189422931e+03 -1.299633225607890608e+03 -9.266847407854470475e+01 0.000000000000000000e+00 0.000000000000000000e+00 1.683321014605780874e-01
-2.459323128498604092e+03 -1.293266637781925056e+03 -7.752693398343980391e+01 0.000000000000000000e+00 0.000000000000000000e+00 3.940995860300233744e-02
-2.836612923179910922e+03 -9.756656179534426201e+02 -8.832376876505071550e+01 0.000000000000000000e+00 0.000000000000000000e+00 -3.077698743825862948e-02
-2.461091964254863797e+03 -9.787799929754095274e+02 -7.306591214130128265e+01 0.000000000000000000e+00 0.000000000000000000e+00 6.782766649556037919e-02
-2.675726053641347335e+03 -6.531760466837824879e+02 -7.817921592857727831e+01 0.000000000000000000e+00 0.000000000000000000e+00 4.827080650896675706e-02
-2.828552707532216118e+03 -5.484559795529781923e+02 -8.382422138577793191e+01 0.000000000000000000e+00 0.000000000000000000e+00 -3.245104171796242554e-03
-2.469365342655777113e+03 -5.541810079905013708e+02 -6.920488518688343049e+01 0.000000000000000000e+00 0.000000000000000000e+00 2.637128665675447792e-02
-2.826614806369646431e+03 -2.169924880331434167e+02 -8.205651376880882708e+01 0.000000000000000000e+00 0.000000000000000000e+00 5.611866360743533733e-02
-2.445369384960953994e+03 -2.373630175678334524e+02 -6.663090880301902530e+01 0.000000000000000000e+00 0.000000000000000000e+00 -8.036716612025429640e-03
-2.663185137327017856e+03 1.319214234571311195e+01 -7.479316629653347093e+01 0.000000000000000000e+00 0.000000000000000000e+00 2.833038749359673147e-02
-2.828008022305275063e+03 1.860686459668167458e+02 -8.188103437587514577e+01 0.000000000000000000e+00 0.000000000000000000e+00 1.407950718046322436e-01
-2.482444426803754595e+03 2.545651127954316166e+02 -6.793479265641221332e+01 0.000000000000000000e+00 0.000000000000000000e+00 -2.112595690550733707e-02
-2.863941449964981075e+03 5.272458520602109502e+02 -8.478836867380447018e+01 0.000000000000000000e+00 0.000000000000000000e+00 1.616464523995375657e-02
-2.456137657023037718e+03 5.194588847256377449e+02 -6.810811425627157689e+01 0.000000000000000000e+00 0.000000000000000000e+00 6.794614950275956744e-02
-2.650148015780278456e+03 7.757433444155685720e+02 -7.766491012186173748e+01 0.000000000000000000e+00 0.000000000000000000e+00 2.128347658384655006e-03
-2.833968771833599931e+03 9.287414277593424003e+02 -8.687466759576560094e+01 0.000000000000000000e+00 0.000000000000000000e+00 4.318772076851473685e-02
-2.510789141537696651e+03 9.711248995107728206e+02 -7.417323597145076519e+01 0.000000000000000000e+00 0.000000000000000000e+00 4.515874953835918859e-02
-2.836933751357461915e+03 1.266281977101023358e+03 -9.134042823852261961e+01 0.000000000000000000e+00 0.000000000000000000e+00 4.762504803524336694e-02
-2.508482802746479592e+03 1.284202274826125176e+03 -7.828049372207783563e+01 0.000000000000000000e+00 0.000000000000000000e+00 -3.687780686780683936e-02
-2.679216559035968203e+03 1.509343342208264858e+03 -8.873239963654410190e+01 0.000000000000000000e+00 0.000000000000000000e+00 1.206798800321848830e-01
-2.869107282300972656e+03 1.675597860901333206e+03 -9.977663103491033780e+01 0.000000000000000000e+00 0.000000000000000000e+00 -2.970146931068029517e-02
-2.492489868785993622e+03 1.692311744025411144e+03 -8.488777826232961843e+01 0.000000000000000000e+00 0.000000000000000000e+00 2.439264847394326807e-01
-2.862766983309053558e+03 2.007138167388269039e+03 -1.066354496905726421e+02 0.000000000000000000e+00 0.000000000000000000e+00 9.530895961779606296e-02
-2.512550695478311809e+03 2.019016969526755474e+03 -9.281962023622649838e+01 0.000000000000000000e+00 0.000000000000000000e+00 4.541628182128931712e-02
-2.665338432466538961e+03 2.271321085869142280e+03 -1.051010551029206965e+02 0.000000000000000000e+00 0.000000000000000000e+00 5.326850563861285082e-02
-2.862214053911071915e+03 2.419209611603596841e+03 -1.172104563795619327e+02 0.000000000000000000e+00 0.000000000000000000e+00 9.504541575806513265e-02
-2.531894131526663841e+03 2.453292782797045220e+03 -1.049621584223085620e+02 0.000000000000000000e+00 0.000000000000000000e+00 3.382674338834590344e-02
