# x y z x_res y_res z_res
2.840880151623092843e+03 2.500332717256261276e+03 -1.186226909347584950e+02 0.000000000000000000e+00 0.000000000000000000e+00 1.389778042817937376e-01
2.465497795028769815e+03 2.479898896294138467e+03 -1.032580318229055081e+02 0.000000000000000000e+00 0.000000000000000000e+00 1.946568984419627668e-01
2.848603814115830573e+03 2.078886170531252446e+03 -1.077416015972728189e+02 0.000000000000000000e+00 0.000000000000000000e+00 1.196069367066172617e-01
2.470224025213637105e+03 2.072232868034843250e+03 -9.251782777670678115e+01 0.000000000000000000e+00 0.000000000000000000e+00 9.905181747797087155e-02
2.477904555280683780e+03 1.734353165020333108e+03 -8.519310733221502119e+01 0.000000000000000000e+00 0.000000000000000000e+00 -1.602612570292194505e-02
2.848006783889923099e+03 1.741862702818540356e+03 -1.001971571837200230e+02 0.000000000000000000e+00 0.000000000000000000e+00 3.698685949056823574e-02
2.661480751880746993e+03 1.575954689689875522e+03 -8.922892457828586998e+01 0.000000000000000000e+00 0.000000000000000000e+00 2.623471182965886328e-02
2.844730331951961944e+03 1.322605007601597435e+03 -9.252989467109232180e+01 0.000000000000000000e+00 0.000000000000000000e+00 -8.016276956301737755e-02
2.475187655195231400e+03 1.321670195150570862e+03 -7.759542248612405047e+01 0.000000000000000000e+00 0.000000000000000000e+00 1.992061970045710950e-02
2.483153711749794184e+03 9.938720182187444152e+02 -7.338096871645774399e+01 0.000000000000000000e+00 0.000000000000000000e+00 4.897056120825027392e-03
2.857571424645163461e+03 9.952046178654952655e+02 -8.864066304680378039e+01 0.000000000000000000e+00 0.000000000000000000e+00 -3.647606063202601945e-02
2.682708081437313012e+03 8.320978071371282567e+02 -7.952390637157655817e+01 0.000000000000000000e+00 0.000000000000000000e+00 -7.676985907535538445e-02
2.489609059181050270e+03 6.312861172566769028e+02 -7.013842886736975402e+01 0.000000000000000000e+00 0.000000000000000000e+00 2.942123574825927790e-02
2.832044254160369746e+03 6.304500856336082961e+02 -8.408922834492406650e+01 0.000000000000000000e+00 0.000000000000000000e+00 -2.764520478828558225e-02
2.857915163498247239e+03 3.095234905587421395e+02 -8.350415972125856001e+01 0.000000000000000000e+00 0.000000000000000000e+00 5.144215402808072213e-02
2.488682224403228247e+03 2.433277798437740103e+02 -6.814360805972310686e+01 0.000000000000000000e+00 0.000000000000000000e+00 -7.006673928799500572e-03
2.649149380113277857e+03 1.003195567732612972e+02 -7.424835013133362338e+01 0.000000000000000000e+00 0.000000000000000000e+00 3.803724570191491239e-02
2.860900258919973567e+03 -1.134655043007101085e+02 -8.329844792537271303e+01 0.000000000000000000e+00 0.000000000000000000e+00 2.973584126901585023e-02
2.511358354791973852e+03 -1.292132411694986160e+02 -6.888313494674153503e+01 0.000000000000000000e+00 0.000000000000000000e+00 -7.246118318832373006e-02
2.507209426837689080e+03 -4.563334275678454333e+02 -7.001833043142788426e+01 0.000000000000000000e+00 0.000000000000000000e+00 -8.054150763048539829e-02
2.840192475899662895e+03 -4.714057148219453097e+02 -8.381798656096820821e+01 0.000000000000000000e+00 0.000000000000000000e+00 3.788852316436930323e-02
2.685146711049193982e+03 -6.229732245800561259e+02 -7.831945217842113038e+01 0.000000000000000000e+00 0.000000000000000000e+00 2.808655907571733223e-02
2.514832172756832279e+03 -8.856634745105883439e+02 -7.402804072471519703e+01 0.000000000000000000e+00 0.000000000000000000e+00 -6.524497025236541958e-02
2.836031667603264850e+03 -9.028943873418396606e+02 -8.743465805700591886e+01 0.000000000000000000e+00 0.000000000000000000e+00 5.718618530011099210e-02
2.876969626528646586e+03 -1.204359237954795844e+03 -9.321132149225304886e+01 0.000000000000000000e+00 0.000000000000000000e+00 2.891034138386316954e-03
2.523217078075385416e+03 -1.231834198531312040e+03 -7.900354325389088217e+01 0.000000000000000000e+00 0.000000000000000000e+00 -1.047912413454241687e-01
2.688936780944147813e+03 -1.369902992402753171e+03 -8.789307684302642087e+01 0.000000000000000000e+00 0.000000000000000000e+00 -4.853355906263345787e-02
2.879355322762835840e+03 -1.610596273178749698e+03 -1.004126532907726812e+02 0.000000000000000000e+00 0.000000000000000000e+00 -2.527920498513935854e-02
2.509056261495481976e+03 -1.674636126678308301e+03 -8.653063604469130610e+01 0.000000000000000000e+00 0.000000000000000000e+00 2.447347063198890282e-02
2.515941051922742190e+03 -1.956978197996829749e+03 -9.316677740016092457e+01 0.000000000000000000e+00 0.000000000000000000e+00 -6.377563793677154536e-03
2.852682724671290543e+03 -1.975002314410141025e+03 -1.072745678412656929e+02 0.000000000000000000e+00 0.000000000000000000e+00 1.357390246716221327e-01
2.700277663218051202e+03 -2.118968986876304371e+03 -1.045097006868790857e+02 0.000000000000000000e+00 0.000000000000000000e+00 -5.347171017183427466e-02
2.881097152865294447e+03 -2.367160052984951108e+03 -1.187903901922749696e+02 0.000000000000000000e+00 0.000000000000000000e+00 -6.328850722519518968e-02
2.522370958453821459e+03 -2.381884807202601678e+03 -1.047357040728316804e+02 0.000000000000000000e+00 0.000000000000000000e+00 3.607918810160981593e-02
2.241573361779282550e+03 -3.126632244739088492e+03 -1.194755443940168220e+02 0.000000000000000000e+00 0.000000000000000000e+00 -5.353931578048332085e-02
1.880670262654070257e+03 -3.157563971880729241e+03 -1.095801652439246254e+02 0.000000000000000000e+00 0.000000000000000000e+00 -8.915857274402583243e-02
2.049773689123304393e+03 -2.923100354474175674e+03 -1.059405637515907017e+02 0.000000000000000000e+00 0.000000000000000000e+00 3.180715172840109517e-02
1.860991537228575226e+03 -2.762666757851871353e+03 -9.478594291703086583e+01 0.000000000000000000e+00 0.000000000000000000e+00 -1.943318036455821129e-02
2.230575373538869826e+03 -2.761710622616109958e+03 -1.061884629087650609e+02 0.000000000000000000e+00 0.000000000000000000e+00 2.535105605461751566e-02
2.222810820721233995e+03 -2.434275493613336494e+03 -9.552763631367935204e+01 0.000000000000000000e+00 0.000000000000000000e+00 -2.562271355370171477e-02
1.847575204594387969e+03 -2.442144530778385615e+03 -8.408227730115640952e+01 0.000000000000000000e+00 0.000000000000000000e+00 6.966052145790513350e-02
2.028618274372292944e+03 -2.192251738773828947e+03 -8.226648021652704301e+01 0.000000000000000000e+00 0.000000000000000000e+00 5.785933245527985491e-02
1.838292676788503286e+03 -2.018628381071270269e+03 -7.198120783037447268e+01 0.000000000000000000e+00 0.000000000000000000e+00 5.002766062884234088e-02
2.212274206838753344e+03 -2.013153729884390032e+03 -8.356176577070834810e+01 0.000000000000000000e+00 0.000000000000000000e+00 -6.994459043480105720e-02
2.207233418601908397e+03 -1.689932214717905026e+03 -7.588806951792004440e+01 0.000000000000000000e+00 0.000000000000000000e+00 7.079581590245709322e-02
1.833620657977743349e+03 -1.689966051262717428e+03 -6.413617992667325041e+01 0.000000000000000000e+00 0.000000000000000000e+00 1.471835342571026217e-01
2.023172026429345806e+03 -1.434741469393977695e+03 -6.478765665497546422e+01 0.000000000000000000e+00 0.000000000000000000e+00 5.887882048270398627e-03
1.833991767280914701e+03 -1.276369107147820387e+03 -5.632981737858642646e+01 0.000000000000000000e+00 0.000000000000000000e+00 3.606896948245008616e-02
2.181780876508294568e+03 -1.224784305891005715e+03 -6.644196925564872913e+01 0.000000000000000000e+00 0.000000000000000000e+00 -7.055897634387520156e-03
2.197594215785863980e+03 -9.372617015418855999e+02 -6.301519226521607209e+01 0.000000000000000000e+00 0.000000000000000000e+00 4.987957254668629048e-02
1.826437039289482527e+03 -9.373349247783708051e+02 -5.129974662696726284e+01 0.000000000000000000e+00 0.000000000000000000e+00 3.478693833996260310e-02
2.001069902513950410e+03 -6.798596402856828718e+02 -5.387519729334879059e+01 0.000000000000000000e+00 0.000000000000000000e+00 -2.529972403046087948e-03
1.816263076367765507e+03 -5.217738739422185290e+02 -4.708912788269535099e+01 0.000000000000000000e+00 0.000000000000000000e+00 6.003459046182513248e-02
2.189186888267657650e+03 -5.212072975165860953e+02 -5.881447678220580144e+01 0.000000000000000000e+00 0.000000000000000000e+00 -2.663092530424648885e-02
2.186463717340355743e+03 -1.795982601571544706e+02 -5.713011341196109072e+01 0.000000000000000000e+00 0.000000000000000000e+00 6.382799812539730056e-02
1.812619831392611331e+03 -1.891643343525439604e+02 -4.542454182593836265e+01 0.000000000000000000e+00 0.000000000000000000e+00 7.348025116229450759e-03
1.994465631335772514e+03 6.544171474709978042e+01 -5.061156132716028822e+01 0.000000000000000000e+00 0.000000000000000000e+00 -1.816540207447303601e-02
1.813159453197956054e+03 2.281588266904026625e+02 -4.545776088284456762e+01 0.000000000000000000e+00 0.000000000000000000e+00 1.034367025314963939e-02
2.183585761047461801e+03 2.338862759999756236e+02 -5.705800920427444822e+01 0.000000000000000000e+00 0.000000000000000000e+00 -7.270083567306073746e-03
2.170928478314141103e+03 5.602155783258782549e+02 -5.815005265575038607e+01 0.000000000000000000e+00 0.000000000000000000e+00 -1.384833969731857906e-02
1.799912571528504486e+03 5.644575328384069053e+02 -4.668498385235418624e+01 0.000000000000000000e+00 0.000000000000000000e+00 1.703740204445409745e-01
1.999409639530366348e+03 8.135399617170069178e+02 -5.468356640819914105e+01 0.000000000000000000e+00 0.000000000000000000e+00 3.162166841018176910e-02
1.818304195137035776e+03 9.778278176391476109e+02 -5.109277317612248481e+01 0.000000000000000000e+00 0.000000000000000000e+00 6.265102334200634004e-02
2.186231228390650358e+03 9.972821658772547835e+02 -6.275287863286570200e+01 0.000000000000000000e+00 0.000000000000000000e+00 5.013756236805022581e-02
2.180470993816441933e+03 1.322282252778852126e+03 -6.709756360229893346e+01 0.000000000000000000e+00 0.000000000000000000e+00 4.621314509833496231e-03
1.799048648527596924e+03 1.316054753261799988e+03 -5.528435969631959779e+01 0.000000000000000000e+00 0.000000000000000000e+00 2.494860102222418163e-02
1.990234998739831326e+03 1.575357342046620488e+03 -6.542168131648315921e+01 0.000000000000000000e+00 0.000000000000000000e+00 1.565521851708240320e-02
1.800866075308781092e+03 1.733277402926593822e+03 -6.306379479589487858e+01 0.000000000000000000e+00 0.000000000000000000e+00 7.880876416993487510e-02
2.174791176796642048e+03 1.739285032362960919e+03 -7.457481926028606267e+01 0.000000000000000000e+00 0.000000000000000000e+00 -1.001900092987284552e-02
2.168006595619052405e+03 2.059753572483823518e+03 -8.162577279301390831e+01 0.000000000000000000e+00 0.000000000000000000e+00 9.899817251636022775e-03
1.793740259367135195e+03 2.065275229611551367e+03 -7.048117101414442232e+01 0.000000000000000000e+00 0.000000000000000000e+00 3.659318295109414976e-02
1.981156806562803467e+03 2.319488694219157424e+03 -8.253344736933678405e+01 0.000000000000000000e+00 0.000000000000000000e+00 -2.020838697569615761e-02
1.785946083270308918e+03 2.484996338018720508e+03 -8.171102513643180032e+01 0.000000000000000000e+00 0.000000000000000000e+00 -8.421760333192196413e-03
2.163628780261558404e+03 2.497207883803070672e+03 -9.331131464991244684e+01 0.000000000000000000e+00 0.000000000000000000e+00 -3.253440677264052283e-02
2.158446659160555100e+03 2.814822103478906683e+03 -1.030745303620671223e+02 0.000000000000000000e+00 0.000000000000000000e+00 3.546411856589770650e-02
1.779672320681043402e+03 2.821901103138995950e+03 -9.216161368349639815e+01 0.000000000000000000e+00 0.000000000000000000e+00 -2.645913756302320508e-02
1.971511573268523307e+03 3.072470491321395002e+03 -1.062208197126875859e+02 0.000000000000000000e+00 0.000000000000000000e+00 1.606652606403713435e-02
1.776929763921095628e+03 3.235825475986825950e+03 -1.068388042330827687e+02 0.000000000000000000e+00 0.000000000000000000e+00 4.232057396582433739e-02
2.150996168790329193e+03 3.239548770122658880e+03 -1.178359146350429967e+02 0.000000000000000000e+00 0.000000000000000000e+00 -7.679050259042696780e-03
1.516677211634150808e+03 3.231282683932084183e+03 -1.002963011163001568e+02 0.000000000000000000e+00 0.000000000000000000e+00 2.172373405880989594e-02
1.124478545848544172e+03 3.231618735022781038e+03 -9.257558896925118574e+01 0.000000000000000000e+00 0.000000000000000000e+00 -6.134751080608680240e-02
1.315564391708214544e+03 3.062296769695448347e+03 -8.976067671391729164e+01 0.000000000000000000e+00 0.000000000000000000e+00 6.887143220743041638e-02
1.127712098667437886e+03 2.813221983447867387e+03 -7.758740396439951326e+01 0.000000000000000000e+00 0.000000000000000000e+00 -5.240622567258412801e-02
1.506824771011040866e+03 2.811318291738778498e+03 -8.506697053418719179e+01 0.000000000000000000e+00 0.000000000000000000e+00 2.158821059424553823e-03
1.508437420981885452e+03 2.481593009050423916e+03 -7.467956780273567574e+01 0.000000000000000000e+00 0.000000000000000000e+00 1.013955380707898257e-02
1.134684762008220332e+03 2.476489240588399753e+03 -6.700327581270366295e+01 0.000000000000000000e+00 0.000000000000000000e+00 5.157306730581012744e-03
1.313432874974454762e+03 2.313910639122473640e+03 -6.564311282585968854e+01 0.000000000000000000e+00 0.000000000000000000e+00 -5.076052799030605911e-02
1.131835540622591225e+03 2.063179955474311555e+03 -5.557072269960177380e+01 0.000000000000000000e+00 0.000000000000000000e+00 -1.868438652742554495e-02
1.513982733485199333e+03 2.049136885817129041e+03 -6.299664557317127844e+01 0.000000000000000000e+00 0.000000000000000000e+00 -3.888012897115089572e-02
1.507214859449448568e+03 1.741159243547444703e+03 -5.574402841532138808e+01 0.000000000000000000e+00 0.000000000000000000e+00 -5.040439716427158601e-02
1.141340920832773236e+03 1.730329633806562015e+03 -4.800959758741486638e+01 0.000000000000000000e+00 0.000000000000000000e+00 -1.031530311621295937e-01
1.318517970438946122e+03 1.605615208617921098e+03 -4.883874431747806000e+01 0.000000000000000000e+00 0.000000000000000000e+00 -4.386083372951787851e-02
1.518337303006890352e+03 1.361377629220434528e+03 -4.879655692563770231e+01 0.000000000000000000e+00 0.000000000000000000e+00 -5.548051614248805663e-02
1.141726444883724525e+03 1.310147562629189451e+03 -4.013587712590167200e+01 0.000000000000000000e+00 0.000000000000000000e+00 -9.343835854122772844e-02
1.164186500628227805e+03 1.034016743050960258e+03 -3.652468652920065040e+01 0.000000000000000000e+00 0.000000000000000000e+00 -1.106295258733069886e-02
1.499157987828581554e+03 1.025199086702604745e+03 -4.340956075240568168e+01 0.000000000000000000e+00 0.000000000000000000e+00 -8.211689502732610890e-02
1.353973045367014265e+03 8.328078454625630229e+02 -3.794992630717685245e+01 0.000000000000000000e+00 0.000000000000000000e+00 -2.923532457711530697e-02
1.517406416382011230e+03 6.095747489771385972e+02 -3.965109079454292385e+01 0.000000000000000000e+00 0.000000000000000000e+00 -3.588349327555562240e-02
1.157279467198143720e+03 5.609811914490745721e+02 -3.169662326410058384e+01 0.000000000000000000e+00 0.000000000000000000e+00 -2.103505984654319150e-02
1.164407618354540546e+03 2.341744982789466292e+02 -3.021175187639114057e+01 0.000000000000000000e+00 0.000000000000000000e+00 3.306550885027448317e-02
1.519128712237187983e+03 2.414295777060424086e+02 -3.777409979542479590e+01 0.000000000000000000e+00 0.000000000000000000e+00 1.271625623945737971e-02
1.349564740725869342e+03 7.495836487778959167e+01 -3.361143481754000106e+01 0.000000000000000000e+00 0.000000000000000000e+00 3.486302836022758811e-02
1.529537468538381745e+03 -1.381224486331631169e+02 -3.783371632740238510e+01 0.000000000000000000e+00 0.000000000000000000e+00 -6.042002877930485738e-02
1.157484673097950008e+03 -1.865067662810193383e+02 -2.999453772147523978e+01 0.000000000000000000e+00 0.000000000000000000e+00 -5.267327505472252369e-02
1.157690740398936668e+03 -5.206368976314303154e+02 -3.153836288243973485e+01 0.000000000000000000e+00 0.000000000000000000e+00 1.806962491148311756e-02
1.523130683744629096e+03 -5.257573656890011762e+02 -3.937097956922997355e+01 0.000000000000000000e+00 0.000000000000000000e+00 4.593832351119431223e-03
1.370726366389544410e+03 -6.602167445844397662e+02 -3.690005271875816106e+01 0.000000000000000000e+00 0.000000000000000000e+00 4.590139336782073087e-02
1.186323407267619586e+03 -9.292888794208450918e+02 -3.590635747496417451e+01 0.000000000000000000e+00 0.000000000000000000e+00 9.435784184752549208e-03
1.527008878882785439e+03 -9.307151905591003924e+02 -4.327914908963241203e+01 0.000000000000000000e+00 0.000000000000000000e+00 -6.760555317718797141e-03
1.567294735088664311e+03 -1.208004007803920103e+03 -4.808316743385941550e+01 0.000000000000000000e+00 0.000000000000000000e+00 1.679587526133019537e-02
1.178104042749283735e+03 -1.266090872814341537e+03 -4.052030301809922719e+01 0.000000000000000000e+00 0.000000000000000000e+00 1.157314267883435832e-02
1.339562154654125834e+03 -1.387361433308232336e+03 -4.582460878273737137e+01 0.000000000000000000e+00 0.000000000000000000e+00 -5.054066062999851283e-02
1.200182830397799307e+03 -1.665406520104368838e+03 -4.846358886425989709e+01 0.000000000000000000e+00 0.000000000000000000e+00 7.322433939039996176e-02
1.518894651799663961e+03 -1.661026465626102208e+03 -5.522740403178681845e+01 0.000000000000000000e+00 0.000000000000000000e+00 4.834076598977077310e-02
1.568262920974999815e+03 -1.962257768204671493e+03 -6.337653950276330761e+01 0.000000000000000000e+00 0.000000000000000000e+00 9.683646937570244972e-02
1.187795934281254858e+03 -2.014569160669640723e+03 -5.644983302039995010e+01 0.000000000000000000e+00 0.000000000000000000e+00 -4.224855474338085060e-02
1.373386754564355670e+03 -2.131089002233009978e+03 -6.326529975667600780e+01 0.000000000000000000e+00 0.000000000000000000e+00 -5.497511347437722407e-02
1.203878277300523450e+03 -2.396834641903239117e+03 -6.746359951395635335e+01 0.000000000000000000e+00 0.000000000000000000e+00 -3.559890720921998764e-02
1.528901623992320765e+03 -2.392717760487470059e+03 -7.426601247822166840e+01 0.000000000000000000e+00 0.000000000000000000e+00 -1.884122095579243705e-02
1.535169985675884845e+03 -2.722968025584016232e+03 -8.497345227371134513e+01 0.000000000000000000e+00 0.000000000000000000e+00 2.757658597613072970e-01
1.183963289860849954e+03 -2.776431724022851085e+03 -7.943802243411354880e+01 0.000000000000000000e+00 0.000000000000000000e+00 3.732693263958708485e-02
1.342614202128915849e+03 -2.907377035949052697e+03 -8.715853902767527472e+01 0.000000000000000000e+00 0.000000000000000000e+00 -8.786620952365353787e-02
1.541549146816523262e+03 -3.140276673241381559e+03 -1.001912903555719794e+02 0.000000000000000000e+00 0.000000000000000000e+00 -5.946645281638041070e-02
1.219994583908179038e+03 -3.152455088489599802e+03 -9.392009537905498462e+01 0.000000000000000000e+00 0.000000000000000000e+00 -2.518207963414909045e-02
9.155534192245909253e+02 -3.180945627668767884e+03 -9.006729089654891141e+01 0.000000000000000000e+00 0.000000000000000000e+00 -7.438067635121115018e-03
5.485974234733174626e+02 -3.174435396422990834e+03 -8.568984917319161809e+01 0.000000000000000000e+00 0.000000000000000000e+00 4.598444727398032228e-02
7.132066133594425992e+02 -2.940718488364859240e+03 -7.839289912536250426e+01 0.000000000000000000e+00 0.000000000000000000e+00 -3.134742273067558926e-02
5.214833168454342740e+02 -2.778018208266062175e+03 -7.071045650629557144e+01 0.000000000000000000e+00 0.000000000000000000e+00 2.211909970594660990e-02
8.746736052415329823e+02 -2.764657416972440387e+03 -7.408850530156013292e+01 0.000000000000000000e+00 0.000000000000000000e+00 3.076978496255833306e-02
8.628757887801584729e+02 -2.440690938116987127e+03 -6.328072427560284297e+01 0.000000000000000000e+00 0.000000000000000000e+00 -5.713276742506678829e-02
4.979307396746681320e+02 -2.448077002386922686e+03 -5.960038670384199833e+01 0.000000000000000000e+00 0.000000000000000000e+00 -4.274806771853434384e-02
6.685530386285870463e+02 -2.182872664704307681e+03 -5.333822862833258682e+01 0.000000000000000000e+00 0.000000000000000000e+00 -7.762851244751090007e-02
4.978094282868844971e+02 -2.028568684040049448e+03 -4.759265369776120735e+01 0.000000000000000000e+00 0.000000000000000000e+00 -2.360766951955639570e-02
8.686549770805037269e+02 -2.014165389575275185e+03 -5.124584357390516942e+01 0.000000000000000000e+00 0.000000000000000000e+00 -1.804350630447899562e-01
8.718559801448803910e+02 -1.690834799784219285e+03 -4.360083327746201576e+01 0.000000000000000000e+00 0.000000000000000000e+00 -4.496780729526506093e-02
5.052370224496787046e+02 -1.696837013098281432e+03 -3.970051869927736732e+01 0.000000000000000000e+00 0.000000000000000000e+00 -8.119671883548562619e-03
6.797080567922980663e+02 -1.449293120216043690e+03 -3.633101115235918144e+01 0.000000000000000000e+00 0.000000000000000000e+00 -7.420618924504651659e-02
4.835677972625110215e+02 -1.277188248786941585e+03 -3.147011920672326113e+01 0.000000000000000000e+00 0.000000000000000000e+00 -7.366401783605525111e-02
8.773813392510055564e+02 -1.271932132915833790e+03 -3.567963945194571806e+01 0.000000000000000000e+00 0.000000000000000000e+00 -1.333732704870982388e-02
8.688155872189507818e+02 -9.441312091288946249e+02 -3.086785069439086726e+01 0.000000000000000000e+00 0.000000000000000000e+00 1.819659315259123389e-01
4.947593928627455284e+02 -8.909672121289734150e+02 -2.614335833554406463e+01 0.000000000000000000e+00 0.000000000000000000e+00 4.284385768616161272e-02
6.787943736096137854e+02 -6.951261985808248482e+02 -2.587030947723525642e+01 0.000000000000000000e+00 0.000000000000000000e+00 1.212877882276686137e-02
4.863692120360844910e+02 -5.300595755945257679e+02 -2.276241808172800773e+01 0.000000000000000000e+00 0.000000000000000000e+00 6.313060488261257319e-02
8.680792954900778113e+02 -5.156622471784727395e+02 -2.681323838692087236e+01 0.000000000000000000e+00 0.000000000000000000e+00 5.717737602318706536e-02
8.559946263533688580e+02 -1.910713065601321432e+02 -2.515837348846164900e+01 0.000000000000000000e+00 0.000000000000000000e+00 6.006306396253080493e-02
5.204118767474820970e+02 -1.733353156216132902e+02 -2.141670622981285277e+01 0.000000000000000000e+00 0.000000000000000000e+00 -1.044939568494029913e-02
6.681691565390516416e+02 4.728746990071737599e+01 -2.263943634455790033e+01 0.000000000000000000e+00 0.000000000000000000e+00 1.128059309870543814e-01
8.679862961435984516e+02 2.276431987550239739e+02 -2.539929565572689185e+01 0.000000000000000000e+00 0.000000000000000000e+00 8.115801438819403302e-03
4.725292523014547328e+02 2.124932504634843156e+02 -2.112542256466831958e+01 0.000000000000000000e+00 0.000000000000000000e+00 -1.910322599709246560e-03
4.753954552001349612e+02 5.524472854048713089e+02 -2.279828468589139234e+01 0.000000000000000000e+00 0.000000000000000000e+00 4.080840279568676010e-02
8.545591796017738488e+02 5.535710221263285575e+02 -2.681629665487449543e+01 0.000000000000000000e+00 0.000000000000000000e+00 7.462103501460148891e-03
6.505952119295499188e+02 8.039212526170890669e+02 -2.652108893692803449e+01 0.000000000000000000e+00 0.000000000000000000e+00 6.317832325004602012e-02
4.703810991708319307e+02 9.721041846050425193e+02 -2.680233821320964083e+01 0.000000000000000000e+00 0.000000000000000000e+00 8.354969415769630814e-03
8.487041301006792082e+02 9.824682183546135548e+02 -3.087391160071649665e+01 0.000000000000000000e+00 0.000000000000000000e+00 4.999371430785259918e-02
8.483469347738105171e+02 1.304750032516279589e+03 -3.547194624145079445e+01 0.000000000000000000e+00 0.000000000000000000e+00 1.870776061947765356e-02
4.700749834354717223e+02 1.298965878138089465e+03 -3.145785981842312395e+01 0.000000000000000000e+00 0.000000000000000000e+00 1.001889446709114395e-02
6.489363839418530233e+02 1.550312990094280849e+03 -3.749128020708866416e+01 0.000000000000000000e+00 0.000000000000000000e+00 5.323045227332556806e-02
8.382928494162384823e+02 1.731123202283945147e+03 -4.336212250977145288e+01 0.000000000000000000e+00 0.000000000000000000e+00 -1.336553288311392862e-03
4.664916174844523766e+02 1.724263761779061952e+03 -3.943351929255613442e+01 0.000000000000000000e+00 0.000000000000000000e+00 -5.820821979372681199e-02
8.379581812013872195e+02 2.048799036043859360e+03 -5.073954897987268708e+01 0.000000000000000000e+00 0.000000000000000000e+00 2.315512258947904911e-02
4.681600455878318030e+02 2.048357969763922029e+03 -4.698883443519515879e+01 0.000000000000000000e+00 0.000000000000000000e+00 -1.410178558538177640e-02
6.425080691314833530e+02 2.300982560653183555e+03 -5.521031641468813689e+01 0.000000000000000000e+00 0.000000000000000000e+00 -2.441555543440898646e-02
8.384193398650359086e+02 2.477080154443110587e+03 -6.255170168876071557e+01 0.000000000000000000e+00 0.000000000000000000e+00 -8.461398457136226625e-03
4.565854276905890856e+02 2.470547306173393281e+03 -5.856508086901550314e+01 0.000000000000000000e+00 0.000000000000000000e+00 -5.034610347775725359e-02
4.489603185766638944e+02 2.806692888920446876e+03 -6.924439430411939611e+01 0.000000000000000000e+00 0.000000000000000000e+00 -1.396049819441316231e-01
6.336429631021690057e+02 3.052702168380450075e+03 -7.940548528546378293e+01 0.000000000000000000e+00 0.000000000000000000e+00 -2.702228403478557084e-03
4.506710055310933853e+02 3.218440513134824414e+03 -8.410679687958354123e+01 0.000000000000000000e+00 0.000000000000000000e+00 1.917448284906697609e-02
8.429688662871157021e+02 3.217358207412617958e+03 -8.787942825105426436e+01 0.000000000000000000e+00 0.000000000000000000e+00 -6.322116766278895739e-02
8.600615606916755951e+02 2.812683155527528470e+03 -7.353648456289718638e+01 0.000000000000000000e+00 0.000000000000000000e+00 2.151390835959432479e-02
1.556415453469660690e+02 3.217542953196745202e+03 -8.272589529317387758e+01 0.000000000000000000e+00 0.000000000000000000e+00 -6.753567954500283577e-02
2.362923161744475919e+00 3.076402932048637467e+03 -7.723979697898204222e+01 0.000000000000000000e+00 0.000000000000000000e+00 5.711843013017414705e-03
-2.085788624242048854e+02 3.210400540751378685e+03 -8.259758312339074848e+01 0.000000000000000000e+00 0.000000000000000000e+00 -9.399629645130858080e-03
-2.049859956426074632e+02 2.860049691191777129e+03 -6.985110072036201245e+01 0.000000000000000000e+00 0.000000000000000000e+00 -2.640815158082432390e-02
1.335627485398470924e+02 2.816679851372391568e+03 -6.818420563347120833e+01 0.000000000000000000e+00 0.000000000000000000e+00 -8.907725880987982237e-03
1.645703219615730575e+02 2.525623829937691426e+03 -5.884552527351186058e+01 0.000000000000000000e+00 0.000000000000000000e+00 -7.285691373596137055e-03
-1.716971042900926818e+02 2.479437255407143311e+03 -5.745845948775685486e+01 0.000000000000000000e+00 0.000000000000000000e+00 -1.353476100779715807e-02
-2.989787932359901390e+01 2.348208749938160054e+03 -5.337726977018320440e+01 0.000000000000000000e+00 0.000000000000000000e+00 1.818884060959646831e-03
-1.674639996941143636e+02 2.060804896316241866e+03 -4.582128853126184254e+01 0.000000000000000000e+00 0.000000000000000000e+00 -7.751609254547986438e-03
1.669425668581735920e+02 2.045620941572090942e+03 -4.543630868836063286e+01 0.000000000000000000e+00 0.000000000000000000e+00 3.052068621686743199e-02
1.987567422484512463e+02 1.783397395011909566e+03 -3.932826458053916951e+01 0.000000000000000000e+00 0.000000000000000000e+00 3.632316530392643017e-03
-1.861040646762386359e+02 1.717168297809506385e+03 -3.785308077562190476e+01 0.000000000000000000e+00 0.000000000000000000e+00 -2.642232800695154538e-02
-2.832614726584971976e+01 1.591828133027520380e+03 -3.501104582331333859e+01 0.000000000000000000e+00 0.000000000000000000e+00 -1.338534803137036988e-02
-1.890102368957941223e+02 1.293279260168274050e+03 -2.990685242863046511e+01 0.000000000000000000e+00 0.000000000000000000e+00 1.811137461839606999e-02
1.822909454602684605e+02 1.299590399529636443e+03 -2.998971726597368814e+01 0.000000000000000000e+00 0.000000000000000000e+00 7.677740216382389349e-02
2.175813483185611119e+02 1.030180712038530828e+03 -2.615826184599992388e+01 0.000000000000000000e+00 0.000000000000000000e+00 -2.981305849136361985e-02
-1.732703690672791481e+02 9.632128963328541431e+02 -2.517946228333108749e+01 0.000000000000000000e+00 0.000000000000000000e+00 -1.540033699324538929e-03
-2.643059868055581774e+01 8.458083154813041347e+02 -2.360501442931303373e+01 0.000000000000000000e+00 0.000000000000000000e+00 -6.330729576358606892e-03
-1.754152679057194746e+02 5.498933240088042567e+02 -2.122493810772925826e+01 0.000000000000000000e+00 0.000000000000000000e+00 3.702027628703419282e-02
1.873975786757338540e+02 5.539697188122371472e+02 -2.128820392544698947e+01 0.000000000000000000e+00 0.000000000000000000e+00 4.041105123018695622e-02
2.265307651290297883e+02 2.584546316528529815e+02 -1.988810492635204596e+01 0.000000000000000000e+00 0.000000000000000000e+00 7.290658884936007667e-02
-1.837174844565971910e+02 2.182481715654176639e+02 -1.962515946847904047e+01 0.000000000000000000e+00 0.000000000000000000e+00 3.748274504820514608e-02
4.870898498540952026e+00 1.042368919440122852e+02 -1.911984411625244462e+01 0.000000000000000000e+00 0.000000000000000000e+00 3.914983543903360896e-02
2.119434568802283252e+02 -1.929027669904529319e+02 -1.964996760349302818e+01 0.000000000000000000e+00 0.000000000000000000e+00 3.086701411584513721e-02
-1.769463061670048489e+02 -2.010506278979831336e+02 -1.956132156561517732e+01 0.000000000000000000e+00 0.000000000000000000e+00 1.941194917286281907e-02
-1.360955649897009039e+02 -5.069222106043634994e+02 -2.085436002329045024e+01 0.000000000000000000e+00 0.000000000000000000e+00 -2.035131779058119150e-02
2.013588814053820784e+02 -5.306736161931547713e+02 -2.119059184782857841e+01 0.000000000000000000e+00 0.000000000000000000e+00 9.614745941464519774e-02
3.044389306614801782e+01 -6.999313695686598749e+02 -2.221684728164463962e+01 0.000000000000000000e+00 0.000000000000000000e+00 8.618690469324619130e-02
2.401762551869972242e+02 -9.065985939022286857e+02 -2.482004939490503048e+01 0.000000000000000000e+00 0.000000000000000000e+00 2.712673530158227209e-02
-1.609856804029514308e+02 -9.475253210716768990e+02 -2.505511224041430296e+01 0.000000000000000000e+00 0.000000000000000000e+00 1.777786985488916116e-02
-1.409685473598201781e+02 -1.248666596185962817e+03 -2.928487370703221160e+01 0.000000000000000000e+00 0.000000000000000000e+00 8.076017072397689844e-03
2.070257903306463447e+02 -1.280019673562984053e+03 -2.998254427085077367e+01 0.000000000000000000e+00 0.000000000000000000e+00 -5.006317918099867370e-02
2.273408174730246500e+01 -1.441794040258129826e+03 -3.248978297403984072e+01 0.000000000000000000e+00 0.000000000000000000e+00 -1.903633638956137020e-02
-1.535851592712041054e+02 -1.697012344794192359e+03 -3.784985731336047365e+01 0.000000000000000000e+00 0.000000000000000000e+00 -2.240217558914281426e-02
2.054124705776054043e+02 -1.707108506188409820e+03 -3.822067505388824316e+01 0.000000000000000000e+00 0.000000000000000000e+00 -7.090523190356634586e-03
2.520633065170241025e+02 -2.001530674329623935e+03 -4.542455588723880311e+01 0.000000000000000000e+00 0.000000000000000000e+00 8.121401872561762048e-02
-1.381234420604551758e+02 -2.033748159358154680e+03 -4.590580300929769209e+01 0.000000000000000000e+00 0.000000000000000000e+00 -9.138738533813750564e-02
2.719259495993946629e+01 -2.199282840427355950e+03 -5.025744571992365195e+01 0.000000000000000000e+00 0.000000000000000000e+00 -5.897443545912750551e-02
2.190738697930760281e+02 -2.446677874895995046e+03 -5.797857159677589323e+01 0.000000000000000000e+00 0.000000000000000000e+00 4.286633686684382383e-02
-1.532411309650870805e+02 -2.448735838909706217e+03 -5.784914827346221955e+01 0.000000000000000000e+00 0.000000000000000000e+00 -3.086371783497554588e-02
-1.273838473203786350e+02 -2.767288377430890250e+03 -6.833570917314162330e+01 0.000000000000000000e+00 0.000000000000000000e+00 4.722261140415184855e-03
2.200357116937936723e+02 -2.777065668837201429e+03 -6.892989185645839711e+01 0.000000000000000000e+00 0.000000000000000000e+00 7.486877644964806677e-03
5.179756722278558811e+01 -2.934221493878623733e+03 -7.422398684081611009e+01 0.000000000000000000e+00 0.000000000000000000e+00 1.575822803451956133e-01
-1.415062088122149930e+02 -3.193779811888467066e+03 -8.429225545643635087e+01 0.000000000000000000e+00 0.000000000000000000e+00 3.202100209620084570e-03
2.270707668152688825e+02 -3.192389470875848474e+03 -8.447999840443742414e+01 0.000000000000000000e+00 0.000000000000000000e+00 3.163957899755587277e-02
-8.236020818137493507e+02 -3.127394846795346893e+03 -8.675254980986603925e+01 0.000000000000000000e+00 0.000000000000000000e+00 9.554162558838186214e-02
-4.431478008051019515e+02 -3.145710257761827961e+03 -8.375767789739811064e+01 0.000000000000000000e+00 0.000000000000000000e+00 -7.610486852451003870e-02
-6.328656913738255980e+02 -2.959531916124992676e+03 -7.824890356011604808e+01 0.000000000000000000e+00 0.000000000000000000e+00 -5.458895845688971349e-02
-8.174915112326932558e+02 -2.799122974132084892e+03 -7.453991201477724360e+01 0.000000000000000000e+00 0.000000000000000000e+00 -2.932677615662271364e-02
-4.584839933375726559e+02 -2.776298617250040024e+03 -7.016799937273869148e+01 0.000000000000000000e+00 0.000000000000000000e+00 -3.283827498488278707e-02
-8.127514961177421355e+02 -2.448438826759233052e+03 -6.286093258951278528e+01 0.000000000000000000e+00 0.000000000000000000e+00 2.775431662023208901e-02
-4.785351257280919981e+02 -2.436480917866012078e+03 -5.909040129933026719e+01 0.000000000000000000e+00 0.000000000000000000e+00 -8.275267798082808213e-02
-6.405978015644924426e+02 -2.195844944095980281e+03 -5.341145643916804175e+01 0.000000000000000000e+00 0.000000000000000000e+00 1.340624505132836930e-04
-8.263254783621920296e+02 -2.034552649790166697e+03 -5.120525192189962382e+01 0.000000000000000000e+00 0.000000000000000000e+00 -1.031139204915447749e-01
-4.921765467564440542e+02 -2.013704234341420488e+03 -4.716246471442457278e+01 0.000000000000000000e+00 0.000000000000000000e+00 -6.153030211105914304e-02
-8.254069957944633416e+02 -1.715703064645822451e+03 -4.351732004872694404e+01 0.000000000000000000e+00 0.000000000000000000e+00 -4.769794048362285821e-02
-4.951622250519241675e+02 -1.685512291730167362e+03 -3.937292679616031421e+01 0.000000000000000000e+00 0.000000000000000000e+00 -7.264916665989318290e-02
-6.504893532206143618e+02 -1.466763239084624274e+03 -3.634859260828027061e+01 0.000000000000000000e+00 0.000000000000000000e+00 -6.472790802523320508e-02
-8.425890769119052948e+02 -1.288294514526630110e+03 -3.547113602183175374e+01 0.000000000000000000e+00 0.000000000000000000e+00 -1.179619109317542325e-02
-4.676786233057154050e+02 -1.235194833816994787e+03 -3.066663675513252230e+01 0.000000000000000000e+00 0.000000000000000000e+00 -1.383180605538569807e-02
-8.278699655549811496e+02 -9.670023276601507405e+02 -3.059354540127491973e+01 0.000000000000000000e+00 0.000000000000000000e+00 1.358802856046281704e-04
-4.591321696357989595e+02 -9.657288894423804777e+02 -2.676773334681507066e+01 0.000000000000000000e+00 0.000000000000000000e+00 -3.504854739135154773e-02
-6.778700127843901555e+02 -7.132318676070974561e+02 -2.602508618434938370e+01 0.000000000000000000e+00 0.000000000000000000e+00 -8.278465867434192660e-03
-8.468841930408140115e+02 -5.496913426560068956e+02 -2.675659803908170176e+01 0.000000000000000000e+00 0.000000000000000000e+00 3.311531908500953136e-02
-4.986009587606646960e+02 -5.109779057055004046e+02 -2.273091463026387871e+01 0.000000000000000000e+00 0.000000000000000000e+00 -4.789356700634428421e-02
-8.256075274282810597e+02 -2.143235447385983434e+02 -2.481101895602082408e+01 0.000000000000000000e+00 0.000000000000000000e+00 -6.796677693262864750e-03
-4.597611169834858629e+02 -2.064115281962538404e+02 -2.102104162712670998e+01 0.000000000000000000e+00 0.000000000000000000e+00 4.496323663061474463e-02
-6.565968627470158481e+02 4.035602823035076625e+01 -2.251313621557415345e+01 0.000000000000000000e+00 0.000000000000000000e+00 -6.192172425553721382e-02
-8.515976038412474054e+02 2.156181102743331053e+02 -2.514127956151362042e+01 0.000000000000000000e+00 0.000000000000000000e+00 -8.675737408516681626e-03
-4.753962726443002111e+02 2.223031354392286971e+02 -2.117424988280475873e+01 0.000000000000000000e+00 0.000000000000000000e+00 -7.487018108420784301e-03
-8.348622372645234009e+02 5.310042123077284941e+02 -2.639789172105106019e+01 0.000000000000000000e+00 0.000000000000000000e+00 5.438415575452992812e-02
-4.676954725368112804e+02 5.463584367932626265e+02 -2.269803204247093831e+01 0.000000000000000000e+00 0.000000000000000000e+00 -3.547348446453213455e-04
-6.523030844709318217e+02 7.854092175872777943e+02 -2.635332879602449196e+01 0.000000000000000000e+00 0.000000000000000000e+00 -1.003196230243474929e-03
-8.455495140032022618e+02 9.578080833674322321e+02 -3.053199691992573861e+01 0.000000000000000000e+00 0.000000000000000000e+00 2.932339555451690671e-02
-5.171664741699447632e+02 9.799732282077767422e+02 -2.726463583369323018e+01 0.000000000000000000e+00 0.000000000000000000e+00 2.836277444139057025e-02
-8.444555746649090224e+02 1.276086973863973526e+03 -3.495948461259008866e+01 0.000000000000000000e+00 0.000000000000000000e+00 2.761865920561490384e-03
-4.970835196612494542e+02 1.298359574038656774e+03 -3.165358969660160682e+01 0.000000000000000000e+00 0.000000000000000000e+00 -4.409666557422298183e-02
-6.760500983952794058e+02 1.545600094220330675e+03 -3.768180690164669500e+01 0.000000000000000000e+00 0.000000000000000000e+00 -4.118598691833597059e-02
-8.421421215171426411e+02 1.711648185523054053e+03 -4.299866927394049299e+01 0.000000000000000000e+00 0.000000000000000000e+00 -1.995371883044327888e-02
-4.753830135454940091e+02 1.730973073809954485e+03 -3.964246988500161706e+01 0.000000000000000000e+00 0.000000000000000000e+00 -3.022996314880543878e-02
-8.614867493330480102e+02 2.029386654288239924e+03 -5.056388408332929174e+01 0.000000000000000000e+00 0.000000000000000000e+00 1.175994971708149706e-02
-5.040660363047454666e+02 2.044143506436724465e+03 -4.715343545020282079e+01 0.000000000000000000e+00 0.000000000000000000e+00 -6.527322977660787728e-04
-6.799804831248695791e+02 2.288368786229837951e+03 -5.523889451810365614e+01 0.000000000000000000e+00 0.000000000000000000e+00 -6.676885534943721723e-03
-8.524282349626710129e+02 2.462279486922704564e+03 -6.229012059315849825e+01 0.000000000000000000e+00 0.000000000000000000e+00 -4.166289856876659314e-02
-5.205116697443739895e+02 2.483018632557080764e+03 -5.941970929220646980e+01 0.000000000000000000e+00 0.000000000000000000e+00 -1.391585259638361549e-02
-8.419049698437222560e+02 2.806076545274421278e+03 -7.307906743908007741e+01 0.000000000000000000e+00 0.000000000000000000e+00 -4.816218966821850245e-02
-4.978047316262704385e+02 2.795057530534925263e+03 -6.920377947785814854e+01 0.000000000000000000e+00 0.000000000000000000e+00 -9.361974896395963697e-02
-6.689786505319465277e+02 3.042674077979879257e+03 -7.938800012973797493e+01 0.000000000000000000e+00 0.000000000000000000e+00 -4.685575255120966176e-02
-8.423900593530456717e+02 3.207922440818318137e+03 -8.751226779333759964e+01 0.000000000000000000e+00 0.000000000000000000e+00 -8.810317238325637845e-02
-5.325113400878249195e+02 3.218856022195255719e+03 -8.472802151873433729e+01 0.000000000000000000e+00 0.000000000000000000e+00 -4.813666469623001376e-02
-1.482790990903164356e+03 -3.162517558380212449e+03 -9.970224863325064746e+01 0.000000000000000000e+00 0.000000000000000000e+00 -3.643936327090102623e-02
-1.118713919532383443e+03 -3.142204620113078818e+03 -9.171632383956614376e+01 0.000000000000000000e+00 0.000000000000000000e+00 6.710267539395431413e-02
-1.305693426262880394e+03 -2.965680364130838825e+03 -8.852859446373851426e+01 0.000000000000000000e+00 0.000000000000000000e+00 3.006436325143084787e-01
-1.472558104846508286e+03 -2.792402597356969636e+03 -8.590395169087008753e+01 0.000000000000000000e+00 0.000000000000000000e+00 1.842328585057941837e-01
-1.115183556422053243e+03 -2.784150054684630959e+03 -7.848203125653486723e+01 0.000000000000000000e+00 0.000000000000000000e+00 4.327915628977052620e-03
-1.474839178983781039e+03 -2.467582133047062598e+03 -7.528983383943490537e+01 0.000000000000000000e+00 0.000000000000000000e+00 -3.831206936361297721e-02
-1.134974445877803419e+03 -2.456269200742849989e+03 -6.802590839544340895e+01 0.000000000000000000e+00 0.000000000000000000e+00 1.332032772918267938e-01
-1.290856285000796788e+03 -2.205219322594509777e+03 -6.357921475297696645e+01 0.000000000000000000e+00 0.000000000000000000e+00 -5.067537401603772196e-02
-1.473651039678698453e+03 -2.044724928106177686e+03 -6.321646397213832813e+01 0.000000000000000000e+00 0.000000000000000000e+00 -1.465311025904725284e-02
-1.113444993110445239e+03 -2.030940567551094318e+03 -5.552112400918755242e+01 0.000000000000000000e+00 0.000000000000000000e+00 -7.921207621868120441e-02
-1.483573006789151577e+03 -1.717761481723114002e+03 -5.561506305784087090e+01 0.000000000000000000e+00 0.000000000000000000e+00 -5.067066879985304695e-02
-1.109089956448311341e+03 -1.714679256260794318e+03 -4.786192908215811315e+01 0.000000000000000000e+00 0.000000000000000000e+00 4.476985489425544529e-02
-1.312056941462300983e+03 -1.471983248654900081e+03 -4.679979772026963047e+01 0.000000000000000000e+00 0.000000000000000000e+00 1.090091457198809621e-01
-1.491007536377609085e+03 -1.303623694458721047e+03 -4.777758270831196086e+01 0.000000000000000000e+00 0.000000000000000000e+00 6.788190913837865992e-04
-1.153411492208796744e+03 -1.254613587935147507e+03 -3.987496346176632045e+01 0.000000000000000000e+00 0.000000000000000000e+00 -7.722172095611767872e-02
-1.486581777303122863e+03 -9.612859582684301358e+02 -4.268509646458292650e+01 0.000000000000000000e+00 0.000000000000000000e+00 2.891859967839849332e-02
-1.145981633923271147e+03 -9.570621930484676341e+02 -3.549357060062574476e+01 0.000000000000000000e+00 0.000000000000000000e+00 -4.349783182291844241e-03
-1.316740793700652603e+03 -7.320227445722064203e+02 -3.639172134774605638e+01 0.000000000000000000e+00 0.000000000000000000e+00 3.385076350302540504e-02
-1.482281605801366595e+03 -5.422726032335338004e+02 -3.851092212028399331e+01 0.000000000000000000e+00 0.000000000000000000e+00 -1.165551476129422781e-02
-1.133193556968492658e+03 -5.399015666764436219e+02 -3.122272183096470144e+01 0.000000000000000000e+00 0.000000000000000000e+00 -8.468147270932036008e-03
-1.497114352278432762e+03 -2.295547009936375389e+02 -3.728243573650946274e+01 0.000000000000000000e+00 0.000000000000000000e+00 -3.465624108072518084e-02
-1.126902434612311481e+03 -2.220074503960019001e+02 -2.953312221533523285e+01 0.000000000000000000e+00 0.000000000000000000e+00 6.046902866871306514e-02
-1.281038091287339967e+03 4.835185923630024973e+01 -3.216239212864165609e+01 0.000000000000000000e+00 0.000000000000000000e+00 -6.162550869274241450e-02
-1.509691348485295521e+03 1.935542584499966097e+02 -3.742362614453898573e+01 0.000000000000000000e+00 0.000000000000000000e+00 -1.964099803002028466e-02
-1.139420873887228481e+03 2.094076414538052973e+02 -2.968674854485903580e+01 0.000000000000000000e+00 0.000000000000000000e+00 -6.578131694319822032e-02
-1.509448497160169381e+03 5.608628662748479883e+02 -3.911037323503910557e+01 0.000000000000000000e+00 0.000000000000000000e+00 4.315304654424778619e-02
-1.150433450786114008e+03 5.245865414841730399e+02 -3.132508446378710332e+01 0.000000000000000000e+00 0.000000000000000000e+00 2.785536817712142010e-02
-1.328735571949091536e+03 7.796950743738611891e+02 -3.688590602082949488e+01 0.000000000000000000e+00 0.000000000000000000e+00 -3.466269611497807546e-02
-1.515412339119902072e+03 9.464359587479623315e+02 -4.283574485753017314e+01 0.000000000000000000e+00 0.000000000000000000e+00 4.267641984121439691e-02
-1.160688168248511147e+03 9.690859271074789376e+02 -3.565158001609244565e+01 0.000000000000000000e+00 0.000000000000000000e+00 2.667878291310188388e-02
-1.529653585487986902e+03 1.281713165854861472e+03 -4.777227909562639496e+01 0.000000000000000000e+00 0.000000000000000000e+00 -8.196372708084709302e-04
-1.182105272463483743e+03 1.301775166010270823e+03 -4.073470595686046636e+01 0.000000000000000000e+00 0.000000000000000000e+00 -3.171323669197789741e-02
-1.329790220701297812e+03 1.548659449581730541e+03 -4.796735652565179464e+01 0.000000000000000000e+00 0.000000000000000000e+00 3.621362754716273002e-02
-1.515679052477139294e+03 1.693678253390704867e+03 -5.494684468371298181e+01 0.000000000000000000e+00 0.000000000000000000e+00 -5.683534233020992588e-02
-1.139504312756828995e+03 1.712295548307782610e+03 -4.759557894911343112e+01 0.000000000000000000e+00 0.000000000000000000e+00 4.928297500889300409e-03
-1.535064644931708926e+03 2.009904246656820760e+03 -6.252505420286298943e+01 0.000000000000000000e+00 0.000000000000000000e+00 -3.209965572941797518e-02
-1.143991852381899207e+03 2.041875074257794267e+03 -5.525060901182352069e+01 0.000000000000000000e+00 0.000000000000000000e+00 2.047855718316782259e-03
-1.330388292516170623e+03 2.271199809055330206e+03 -6.480204906701982281e+01 0.000000000000000000e+00 0.000000000000000000e+00 -5.788727646066149646e-02
-1.529426489112798663e+03 2.448447006649500054e+03 -7.418373980048144745e+01 0.000000000000000000e+00 0.000000000000000000e+00 2.061657430951413517e-02
-1.181523322296008473e+03 2.456734218175326987e+03 -6.724334019122463246e+01 0.000000000000000000e+00 0.000000000000000000e+00 -5.913277072980349658e-02
-1.545341590390050669e+03 2.778878527104757723e+03 -8.487410993429153905e+01 0.000000000000000000e+00 0.000000000000000000e+00 1.375367244668268540e-02
-1.190329911279897942e+03 2.786335568159197464e+03 -7.778552990647651200e+01 0.000000000000000000e+00 0.000000000000000000e+00 -6.339698250590686257e-02
-1.356545227124941675e+03 3.023884304016801707e+03 -8.919673011799501694e+01 0.000000000000000000e+00 0.000000000000000000e+00 -4.599668250124011593e-02
-1.524743675045959890e+03 3.191152277240468266e+03 -9.896304798196086949e+01 0.000000000000000000e+00 0.000000000000000000e+00 -4.760851261661969147e-02
-1.159619400800757376e+03 3.197927129049013274e+03 -9.189514788279622337e+01 0.000000000000000000e+00 0.000000000000000000e+00 -5.942243161898375092e-02
-2.158813717631191594e+03 -3.156300676749252489e+03 -1.178929239349722025e+02 0.000000000000000000e+00 0.000000000000000000e+00 -1.185824050452595202e-01
-1.779263437208521964e+03 -3.156130322061072093e+03 -1.067449959529960068e+02 0.000000000000000000e+00 0.000000000000000000e+00 -3.709379291474590445e-02
-1.944807177694401162e+03 -2.959400817168303547e+03 -1.040831289041065730e+02 0.000000000000000000e+00 0.000000000000000000e+00 -6.478036152289234906e-02
-2.133841914153514153e+03 -2.804452970003557311e+03 -1.044587599094109009e+02 0.000000000000000000e+00 0.000000000000000000e+00 -2.144422472201767960e-02
-1.798409848070830321e+03 -2.774613575306067560e+03 -9.344886280513192389e+01 0.000000000000000000e+00 0.000000000000000000e+00 -2.225127424761552675e-01
-2.142570777179416382e+03 -2.462294942134615667e+03 -9.370698453763384350e+01 0.000000000000000000e+00 0.000000000000000000e+00 -8.190822148699794525e-02
-1.778955813220815799e+03 -2.455584579811647018e+03 -8.257588314205088409e+01 0.000000000000000000e+00 0.000000000000000000e+00 3.539687907542088396e-02
-1.943119455201175015e+03 -2.214541038072493393e+03 -8.026087153457700651e+01 0.000000000000000000e+00 0.000000000000000000e+00 -1.608452941493965227e-02
-2.145472534818513395e+03 -2.056418333827336482e+03 -8.242039929624324657e+01 0.000000000000000000e+00 0.000000000000000000e+00 -9.132880178113111924e-02
-1.766944700554490964e+03 -2.040578074114496758e+03 -7.054046837876984455e+01 0.000000000000000000e+00 0.000000000000000000e+00 6.107797882413024126e-02
-2.144410568707531638e+03 -1.717846709684240523e+03 -7.436889847671291420e+01 0.000000000000000000e+00 0.000000000000000000e+00 -4.140389051805470899e-02
-1.772466080011725126e+03 -1.719578694004894714e+03 -6.305038845901619027e+01 0.000000000000000000e+00 0.000000000000000000e+00 8.788041219940367910e-02
-1.954160432738683994e+03 -1.467647073941324379e+03 -6.324864987074389688e+01 0.000000000000000000e+00 0.000000000000000000e+00 -4.227955271183247987e-03
-2.141816775511542346e+03 -1.304073773901902996e+03 -6.637008909101655263e+01 0.000000000000000000e+00 0.000000000000000000e+00 4.303172953748912732e-02
-1.800996364137082992e+03 -1.291265720841711300e+03 -5.563081298345560555e+01 0.000000000000000000e+00 0.000000000000000000e+00 4.155595489158514511e-02
-2.141662886124465786e+03 -9.692111965811424170e+02 -6.150931680395062529e+01 0.000000000000000000e+00 0.000000000000000000e+00 -2.663252016622408291e-02
-1.776637660005624184e+03 -9.652327497778778707e+02 -5.022597367739204799e+01 0.000000000000000000e+00 0.000000000000000000e+00 4.811256934748797676e-02
-1.982147692711799209e+03 -6.623893646391070433e+02 -5.313133017698672234e+01 0.000000000000000000e+00 0.000000000000000000e+00 1.565293098518836246e-01
-2.171258720560419533e+03 -5.503285070476205192e+02 -5.840662740041067025e+01 0.000000000000000000e+00 0.000000000000000000e+00 -1.640911623524488050e-02
-1.816606647119604759e+03 -5.375247475111232234e+02 -4.720760775279251220e+01 0.000000000000000000e+00 0.000000000000000000e+00 1.614067054715917493e-02
-2.154532937543264325e+03 -2.165420617250315161e+02 -5.614844918757258085e+01 0.000000000000000000e+00 0.000000000000000000e+00 -2.351332559015872903e-02
-1.787013884855502738e+03 -2.222627986288075022e+02 -4.479035592131919685e+01 0.000000000000000000e+00 0.000000000000000000e+00 -2.048123853510475101e-02
-1.988356650684617762e+03 3.568036525971617579e+01 -5.040898859210054184e+01 0.000000000000000000e+00 0.000000000000000000e+00 -7.565034029795469905e-03
-2.197421417794423633e+03 1.938475558248429991e+02 -5.743468491940872411e+01 0.000000000000000000e+00 0.000000000000000000e+00 -2.384140124163991459e-03
-1.814911715290172424e+03 2.113888789684115750e+02 -4.546479934876379758e+01 0.000000000000000000e+00 0.000000000000000000e+00 3.883578872255100123e-03
-2.162790724077256073e+03 5.328676320632913530e+02 -5.769792060981538384e+01 0.000000000000000000e+00 0.000000000000000000e+00 1.061679106334167955e-02
-1.803338556858120000e+03 5.195168347305183261e+02 -4.648595930977343471e+01 0.000000000000000000e+00 0.000000000000000000e+00 -2.890992627303745621e-02
-2.032474390279587851e+03 8.412716402164878673e+02 -5.599750283926687189e+01 0.000000000000000000e+00 0.000000000000000000e+00 -1.849117297664548687e-02
-2.188453408113246951e+03 9.482120764086217832e+02 -6.225346220367914896e+01 0.000000000000000000e+00 0.000000000000000000e+00 -6.727737355634388905e-02
-1.840388081693452477e+03 9.603876331760934590e+02 -5.151569676956368937e+01 0.000000000000000000e+00 0.000000000000000000e+00 1.155447811398886415e-01
-2.183176664518663983e+03 1.284197970890757233e+03 -6.659094796742084554e+01 0.000000000000000000e+00 0.000000000000000000e+00 6.708979755046584614e-02
-1.800661819573482489e+03 1.290113146290037548e+03 -5.491735593057705955e+01 0.000000000000000000e+00 0.000000000000000000e+00 -5.685344964161487269e-02
-2.013164456856280140e+03 1.537770194322173893e+03 -6.542051533766162663e+01 0.000000000000000000e+00 0.000000000000000000e+00 1.025276070227221226e-02
-2.196060442173301453e+03 1.684963919132543879e+03 -7.416986129778415204e+01 0.000000000000000000e+00 0.000000000000000000e+00 1.354820459472705352e-02
-1.844258890471375025e+03 1.702409539962645340e+03 -6.363769305682987465e+01 0.000000000000000000e+00 0.000000000000000000e+00 1.209377758358698429e-02
-2.187520725514351852e+03 2.006865004862600017e+03 -8.098816148673995485e+01 0.000000000000000000e+00 0.000000000000000000e+00 -3.052464297863366482e-02
-1.838956266712393699e+03 2.024958536323132421e+03 -7.074310731197890334e+01 0.000000000000000000e+00 0.000000000000000000e+00 -1.225969615963151682e-02
-2.012554452106255667e+03 2.289020497336208791e+03 -8.264554523978284806e+01 0.000000000000000000e+00 0.000000000000000000e+00 -5.528124015469870756e-02
-2.183147524206593516e+03 2.425962681680227433e+03 -9.187535732313895664e+01 0.000000000000000000e+00 0.000000000000000000e+00 -3.717870257813160606e-02
-1.845791495502308862e+03 2.448078503096508939e+03 -8.226886907997332798e+01 0.000000000000000000e+00 0.000000000000000000e+00 -4.592807016503286377e-02
-2.207354047465054009e+03 2.774938423576912101e+03 -1.033572739608281523e+02 0.000000000000000000e+00 0.000000000000000000e+00 6.465922505616106264e-02
-1.844615593780396694e+03 2.760178709440128841e+03 -9.188912813209934427e+01 0.000000000000000000e+00 0.000000000000000000e+00 3.373977832900720841e-02
-2.036337885218807287e+03 3.004742101487426680e+03 -1.057410012837217295e+02 0.000000000000000000e+00 0.000000000000000000e+00 4.099061116581026454e-02
-2.182638773748523363e+03 3.186756696327606733e+03 -1.168769258433160303e+02 0.000000000000000000e+00 0.000000000000000000e+00 3.789737453558927882e-02
-1.869435245885007816e+03 3.190325519137783431e+03 -1.076297643046162023e+02 0.000000000000000000e+00 0.000000000000000000e+00 2.386500738768404517e-02
-2.840203879154200422e+03 -2.403021478231313267e+03 -1.180823050807400563e+02 0.000000000000000000e+00 0.000000000000000000e+00 4.043992582056432639e-02
-2.488468871814006434e+03 -2.434034396471065065e+03 -1.049875216491535355e+02 0.000000000000000000e+00 0.000000000000000000e+00 9.812598159888352711e-02
-2.639677900397600297e+03 -2.217313772350572435e+03 -1.046775073329523593e+02 0.000000000000000000e+00 0.000000000000000000e+00 4.553934553968019827e-02
-2.840943722880462701e+03 -2.067187157911224404e+03 -1.090430763870464403e+02 0.000000000000000000e+00 0.000000000000000000e+00 -7.735533022302831796e-02
-2.458852978634349711e+03 -2.035959699625123903e+03 -9.295412298097045323e+01 0.000000000000000000e+00 0.000000000000000000e+00 -2.473952782622745872e-02
-2.832510356501501974e+03 -1.670975075890486323e+03 -9.961120526864168312e+01 0.000000000000000000e+00 0.000000000000000000e+00 7.011783803719140451e-03
-2.448778534928645058e+03 -1.718036111860736128e+03 -8.515792735101452138e+01 0.000000000000000000e+00 0.000000000000000000e+00 3.139767165937712434e-02
-2.632525778471688682e+03 -1.473898977386252454e+03 -8.744572700127832832e+01 0.000000000000000000e+00 0.000000000000000000e+00 -5.703969970141997692e-02
-2.828825204319775366e+03 -1.301725438080297863e+03 -9.264460486182082377e+01 0.000000000000000000e+00 0.000000000000000000e+00 2.254283598554707169e-02
-2.457907776722839117e+03 -1.295248816633448314e+03 -7.750559296445442214e+01 0.000000000000000000e+00 0.000000000000000000e+00 7.762374748725164864e-02
-2.835509815195314786e+03 -9.777670192365270623e+02 -8.830188659462484679e+01 0.000000000000000000e+00 0.000000000000000000e+00 9.110798182013013502e-02
-2.460015424516957864e+03 -9.806065986104998728e+02 -7.304769128647980381e+01 0.000000000000000000e+00 0.000000000000000000e+00 -5.135770421391328000e-02
-2.674120083465483276e+03 -6.553941887029667441e+02 -7.813177556728672357e+01 0.000000000000000000e+00 0.000000000000000000e+00 9.189597181051567532e-02
-2.827846818192641422e+03 -5.506826309918404831e+02 -8.380950911316946872e+01 0.000000000000000000e+00 0.000000000000000000e+00 -4.171832505821271297e-02
-2.468730711613348831e+03 -5.560028312961471784e+02 -6.919374089984076193e+01 0.000000000000000000e+00 0.000000000000000000e+00 3.561478167937082162e-02
-2.826153177563758163e+03 -2.192534557771053301e+02 -8.204345756423825264e+01 0.000000000000000000e+00 0.000000000000000000e+00 -1.541457162693404825e-02
-2.444963120961365803e+03 -2.393092676422498926e+02 -6.662188813130629228e+01 0.000000000000000000e+00 0.000000000000000000e+00 -3.012246008560737209e-02
-2.662890371359273104e+03 1.093118029888476350e+01 -7.478157748795231896e+01 0.000000000000000000e+00 0.000000000000000000e+00 1.479816958868696020e-02
-2.827740449946807530e+03 1.835962323774081142e+02 -8.186485981287114555e+01 0.000000000000000000e+00 0.000000000000000000e+00 -1.156082159133120513e-02
-2.482773359734598671e+03 2.522764442747317446e+02 -6.794101492575848056e+01 0.000000000000000000e+00 0.000000000000000000e+00 -2.614906654770265959e-02
-2.863759873261621578e+03 5.246999606336258921e+02 -8.476518976182236997e+01 0.000000000000000000e+00 0.000000000000000000e+00 -1.924760485536580745e-03
-2.456337398445194140e+03 5.172470922902699613e+02 -6.810228871993189159e+01 0.000000000000000000e+00 0.000000000000000000e+00 -4.028676110010565026e-02
-2.650492355798926837e+03 7.732743688774977500e+02 -7.765643686231950937e+01 0.000000000000000000e+00 0.000000000000000000e+00 -4.351713509208821051e-03
-2.834404895013152327e+03 9.263299589954614248e+02 -8.686731568906424172e+01 0.000000000000000000e+00 0.000000000000000000e+00 1.366510291158817836e-01
-2.511285719338037779e+03 9.689334118085815817e+02 -7.416711425197524932e+01 0.000000000000000000e+00 0.000000000000000000e+00 1.568135077613419526e-02
-2.837738176606701018e+03 1.263662638161161112e+03 -9.133606792382644812e+01 0.000000000000000000e+00 0.000000000000000000e+00 -2.419459177082217138e-02
-2.509344382079179468e+03 1.281836306686776197e+03 -7.827737906958068947e+01 0.000000000000000000e+00 0.000000000000000000e+00 4.300753270726431765e-02
-2.679934355898171361e+03 1.506897417732379154e+03 -8.871796725784277271e+01 0.000000000000000000e+00 0.000000000000000000e+00 8.531059118045902778e-02
-2.869935451742006990e+03 1.672955390252209327e+03 -9.976051229592515313e+01 0.000000000000000000e+00 0.000000000000000000e+00 5.655263777124730495e-02
-2.493627431167351006e+03 1.689909314159146561e+03 -8.488255937028566223e+01 0.000000000000000000e+00 0.000000000000000000e+00 1.197013458013884701e-02
-2.863903998098703596e+03 2.004212246110533897e+03 -1.066155495049851112e+02 0.000000000000000000e+00 0.000000000000000000e+00 6.416486171094959445e-02
-2.513931743101254142e+03 2.016549642664476323e+03 -9.281309722518906824e+01 0.000000000000000000e+00 0.000000000000000000e+00 6.455782765959838798e-02
-2.666495907670436736e+03 2.268441848608988039e+03 -1.050706366410941683e+02 0.000000000000000000e+00 0.000000000000000000e+00 3.409658881962229771e-02
-2.863435642394508704e+03 2.416376040043740431e+03 -1.171827633095835068e+02 0.000000000000000000e+00 0.000000000000000000e+00 8.246231584904251122e-02
-2.533690539799245016e+03 2.450685678432234454e+03 -1.049551329676500728e+02 0.000000000000000000e+00 0.000000000000000000e+00 7.108659016115836948e-02
