0.006660 6.463297
0.003573 15.538795
0.006854 24.614293
0.006927 33.689791
0.005588 42.765289
0.006391 51.840787
0.007910 60.916285
0.007962 69.991783
0.007057 79.067280
0.007528 88.142778
0.007595 97.218276
0.006888 106.293774
0.006908 115.369272
0.006751 124.444770
0.006706 133.520268
0.007390 142.595766
0.006823 151.671264
0.007878 160.746762
0.007792 169.822259
0.008081 178.897757
0.007940 187.973255
0.007130 197.048753
0.007251 206.124251
0.007747 215.199749
0.006451 224.275247
0.006901 233.350745
0.006766 242.426243
0.006180 251.501741
0.006558 260.577238
0.006425 269.652736
0.007046 278.728234
0.007376 287.803732
0.007460 296.879230
0.006927 305.954728
0.007426 315.030226
0.007092 324.105724
0.007121 333.181222
0.008347 342.256720
0.007380 351.332217
0.007450 360.407715
0.006718 369.483213
0.007350 378.558711
0.007183 387.634209
0.007655 396.709707
0.007948 405.785205
0.007785 414.860703
0.007551 423.936201
0.007614 433.011699
0.007059 442.087196
0.007495 451.162694
0.007122 460.238192
0.007793 469.313690
0.007659 478.389188
0.007162 487.464686
0.007967 496.540184
0.007296 505.615682
0.008088 514.691180
0.007627 523.766678
0.007532 532.842175
0.008081 541.917673
0.008128 550.993171
0.007779 560.068669
0.007405 569.144167
0.007965 578.219665
0.007484 587.295163
0.006932 596.370661
0.006957 605.446159
0.006985 614.521657
0.007513 623.597154
0.007597 632.672652
0.008537 641.748150
0.007908 650.823648
0.007725 659.899146
0.006862 668.974644
0.007829 678.050142
0.008169 687.125640
0.007378 696.201138
0.006731 705.276636
0.006375 714.352133
0.009172 723.427631
0.007094 732.503129
0.006960 741.578627
0.007462 750.654125
0.007712 759.729623
0.006916 768.805121
0.008653 777.880619
0.006909 786.956117
0.007529 796.031615
0.007815 805.107112
0.003613 814.182610
0.007811 823.258108
0.005849 832.333606
0.006222 841.409104
0.011258 850.484602
0.005412 859.560100
0.003549 868.635598
0.006254 877.711096
0.003706 886.786594
nan 895.862092
0.003621 904.937589
