0.004355 20.577557
0.005359 29.764602
0.007019 38.951648
0.005378 48.138694
0.007727 57.325740
0.007014 66.512786
0.006514 75.699831
0.005383 84.886877
0.006473 94.073923
0.006177 103.260969
0.008061 112.448015
0.007421 121.635061
0.007466 130.822106
0.006920 140.009152
0.008311 149.196198
0.008890 158.383244
0.007876 167.570290
0.008827 176.757335
0.007940 185.944381
0.008337 195.131427
0.008060 204.318473
0.008055 213.505519
0.009294 222.692565
0.009037 231.879610
0.008977 241.066656
0.008173 250.253702
0.009419 259.440748
0.009557 268.627794
0.009805 277.814839
0.008997 287.001885
0.009275 296.188931
0.009878 305.375977
0.009640 314.563023
0.009222 323.750069
0.008189 332.937114
0.010354 342.124160
0.010460 351.311206
0.010222 360.498252
0.009679 369.685298
0.009649 378.872343
0.009191 388.059389
0.007083 397.246435
0.008276 406.433481
0.007795 415.620527
0.009351 424.807572
0.007756 433.994618
0.007449 443.181664
0.008865 452.368710
0.008047 461.555756
0.007651 470.742802
0.009132 479.929847
0.007830 489.116893
0.009092 498.303939
0.006831 507.490985
0.008877 516.678031
0.008266 525.865076
0.008675 535.052122
0.007493 544.239168
0.009998 553.426214
0.008398 562.613260
0.008275 571.800306
0.009145 580.987351
0.009681 590.174397
0.007241 599.361443
0.008628 608.548489
0.009023 617.735535
0.008791 626.922580
0.009493 636.109626
0.008784 645.296672
0.010543 654.483718
0.008146 663.670764
0.010687 672.857810
0.011804 682.044855
0.007665 691.231901
0.008672 700.418947
0.012557 709.605993
0.013642 718.793039
0.006506 727.980084
0.009235 737.167130
0.007718 746.354176
0.011337 755.541222
0.002646 764.728268
0.011301 773.915314
0.014018 783.102359
0.005493 792.289405
0.005327 801.476451
0.005465 810.663497
0.005434 819.850543
0.013101 829.037588
0.000621 838.224634
0.007154 847.411680
0.008633 856.598726
0.004937 865.785772
0.016646 874.972817
0.008950 884.159863
0.004215 893.346909
0.019764 902.533955
0.000996 911.721001
nan 920.908047
0.004114 930.095092
