0.013623 26.331207
0.001236 34.999776
0.013528 43.668346
nan 52.336915
0.005204 61.005485
0.006381 69.674054
0.009612 78.342623
0.003933 87.011193
0.007857 95.679762
0.005958 104.348332
0.006451 113.016901
0.005607 121.685471
0.012454 130.354040
0.007802 139.022610
0.007416 147.691179
0.012840 156.359748
0.013194 165.028318
0.008723 173.696887
0.007475 182.365457
0.006403 191.034026
0.005693 199.702596
0.016985 208.371165
0.008586 217.039735
0.004161 225.708304
0.010574 234.376873
0.005639 243.045443
0.014296 251.714012
0.009057 260.382582
0.006552 269.051151
0.007171 277.719721
0.007552 286.388290
0.007095 295.056859
0.009420 303.725429
0.008168 312.393998
0.010325 321.062568
0.006948 329.731137
0.007703 338.399707
0.011706 347.068276
0.005818 355.736846
0.005080 364.405415
0.006603 373.073984
0.010687 381.742554
0.009113 390.411123
0.011971 399.079693
0.005905 407.748262
0.007529 416.416832
0.006272 425.085401
0.005268 433.753971
0.009642 442.422540
0.010287 451.091109
0.004657 459.759679
0.010161 468.428248
0.010767 477.096818
0.009387 485.765387
0.003896 494.433957
0.007101 503.102526
0.008813 511.771096
0.007860 520.439665
0.006200 529.108234
0.004987 537.776804
0.010864 546.445373
0.003039 555.113943
0.004111 563.782512
0.005349 572.451082
0.008641 581.119651
0.002883 589.788220
0.009025 598.456790
0.005094 607.125359
0.003033 615.793929
0.007255 624.462498
0.005279 633.131068
0.005175 641.799637
nan 650.468207
0.005900 659.136776
0.006207 667.805345
0.006356 676.473915
0.004383 685.142484
0.007101 693.811054
nan 702.479623
0.006722 711.148193
0.005094 719.816762
0.000074 728.485332
0.008159 737.153901
0.007454 745.822470
0.003620 754.491040
nan 763.159609
nan 771.828179
nan 780.496748
0.004369 789.165318
0.005949 797.833887
0.003133 806.502457
nan 815.171026
nan 823.839595
0.002084 832.508165
nan 841.176734
nan 849.845304
nan 858.513873
nan 867.182443
nan 875.851012
0.002360 884.519582
