0.013460 26.310531
0.001466 34.937750
0.006443 43.564968
0.005581 52.192186
0.005551 60.819404
0.006177 69.446623
0.003856 78.073841
0.006386 86.701059
0.006079 95.328278
0.004719 103.955496
0.007233 112.582714
0.004997 121.209933
0.006434 129.837151
0.004039 138.464369
0.008293 147.091587
0.010246 155.718806
0.007408 164.346024
0.006465 172.973242
0.007807 181.600461
0.011009 190.227679
0.004361 198.854897
0.007377 207.482115
0.010812 216.109334
0.002287 224.736552
0.005164 233.363770
0.006804 241.990989
0.008650 250.618207
0.007605 259.245425
0.006900 267.872644
0.004541 276.499862
0.005997 285.127080
0.011810 293.754298
0.004750 302.381517
0.008596 311.008735
0.006300 319.635953
0.003599 328.263172
0.005484 336.890390
0.008660 345.517608
0.006563 354.144827
0.005889 362.772045
0.006316 371.399263
0.007319 380.026481
0.005507 388.653700
0.010352 397.280918
0.005531 405.908136
0.008009 414.535355
0.008018 423.162573
0.005697 431.789791
0.007263 440.417010
0.005653 449.044228
0.005122 457.671446
0.005140 466.298664
0.008591 474.925883
0.006207 483.553101
0.005477 492.180319
0.005695 500.807538
0.005477 509.434756
0.003994 518.061974
0.006044 526.689193
0.005946 535.316411
0.010764 543.943629
0.003029 552.570847
0.007245 561.198066
0.002940 569.825284
0.005046 578.452502
0.005842 587.079721
0.007004 595.706939
0.004056 604.334157
0.005689 612.961376
0.006230 621.588594
0.005126 630.215812
0.006515 638.843030
0.014262 647.470249
0.006749 656.097467
0.004278 664.724685
0.004438 673.351904
0.009288 681.979122
0.002658 690.606340
0.011318 699.233559
0.009933 707.860777
0.006217 716.487995
nan 725.115213
0.005926 733.742432
0.003990 742.369650
0.005178 750.996868
0.005305 759.624087
nan 768.251305
0.005477 776.878523
0.001016 785.505741
0.002465 794.132960
0.001200 802.760178
nan 811.387396
0.002448 820.014615
0.009371 828.641833
nan 837.269051
nan 845.896270
0.009073 854.523488
0.002381 863.150706
nan 871.777924
0.002082 880.405143
