0.004423 43.533421
nan 51.010193
nan 58.486964
0.012986 65.963735
0.013107 73.440506
nan 80.917277
0.006028 88.394048
0.013783 95.870820
nan 103.347591
nan 110.824362
nan 118.301133
0.006241 125.777904
nan 133.254675
nan 140.731447
nan 148.208218
0.000736 155.684989
nan 163.161760
nan 170.638531
nan 178.115302
nan 185.592073
nan 193.068845
nan 200.545616
nan 208.022387
nan 215.499158
nan 222.975929
nan 230.452700
nan 237.929472
0.010521 245.406243
nan 252.883014
nan 260.359785
0.001340 267.836556
nan 275.313327
nan 282.790099
0.005103 290.266870
nan 297.743641
0.003433 305.220412
0.003238 312.697183
0.005850 320.173954
0.006093 327.650725
nan 335.127497
0.008706 342.604268
0.009856 350.081039
0.005971 357.557810
0.004820 365.034581
0.007213 372.511352
nan 379.988124
nan 387.464895
nan 394.941666
0.004903 402.418437
nan 409.895208
0.007872 417.371979
nan 424.848751
nan 432.325522
0.003615 439.802293
nan 447.279064
nan 454.755835
0.003398 462.232606
0.005261 469.709378
nan 477.186149
0.006421 484.662920
nan 492.139691
nan 499.616462
nan 507.093233
nan 514.570004
nan 522.046776
0.005458 529.523547
0.005522 537.000318
nan 544.477089
nan 551.953860
nan 559.430631
nan 566.907403
0.004065 574.384174
nan 581.860945
nan 589.337716
nan 596.814487
nan 604.291258
0.004982 611.768030
0.008200 619.244801
nan 626.721572
nan 634.198343
0.009042 641.675114
0.011943 649.151885
0.012735 656.628656
nan 664.105428
nan 671.582199
nan 679.058970
0.012064 686.535741
0.000251 694.012512
nan 701.489283
0.004801 708.966055
nan 716.442826
0.000372 723.919597
nan 731.396368
nan 738.873139
0.001779 746.349910
nan 753.826682
nan 761.303453
nan 768.780224
nan 776.256995
0.013472 783.733766
