0.000000	0.000000	0.000000	-5083.565000	320.694000	-318.817000
0.000000	0.000000	0.000000	-5014.367000	73.982000	-103.845000
0.000000	0.000000	0.000000	-4929.963000	-149.989000	148.099000
0.000000	0.000000	0.000000	-4928.057000	-112.151000	154.108000
0.000000	0.000000	0.000000	-4987.751000	145.448000	-24.291000
0.000000	0.000000	0.000000	-4992.597000	168.921000	-39.136000
0.000000	0.000000	0.000000	-4998.616000	301.490000	-59.784000
0.000000	0.000000	0.000000	-4989.912000	265.771000	-32.747000
0.000000	0.000000	0.000000	-4982.767000	242.207000	-10.838000
0.000000	0.000000	0.000000	-4972.793000	204.746000	19.726000
0.000000	0.000000	0.000000	-4964.514000	170.468000	45.015000
0.000000	0.000000	0.000000	-4912.934000	11.016000	199.309000
0.000000	0.000000	0.000000	-4895.586000	-30.347000	250.324000
0.000000	0.000000	0.000000	-4882.904000	-52.117000	287.457000
0.000000	0.000000	0.000000	-4874.607000	-65.059000	311.660000
0.000000	0.000000	0.000000	-4876.175000	-17.216000	307.250000
0.000000	0.000000	0.000000	-4889.939000	17.900000	266.914000
0.000000	0.000000	0.000000	-4900.260000	49.893000	236.529000
0.000000	0.000000	0.000000	-4907.764000	71.699000	214.367000
0.000000	0.000000	0.000000	-4916.020000	94.011000	189.851000
0.000000	0.000000	0.000000	-4924.277000	120.240000	165.215000
0.000000	0.000000	0.000000	-4931.313000	144.361000	144.145000
0.000000	0.000000	0.000000	-4939.323000	168.110000	120.094000
0.000000	0.000000	0.000000	-4945.848000	191.468000	100.368000
0.000000	0.000000	0.000000	-4951.384000	211.666000	83.549000
0.000000	0.000000	0.000000	-4957.207000	232.357000	65.850000
0.000000	0.000000	0.000000	-4965.186000	262.407000	41.404000
0.000000	0.000000	0.000000	-4977.426000	315.710000	3.526000
0.000000	0.000000	0.000000	-4977.821000	315.280000	2.374000
0.000000	0.000000	0.000000	-4964.531000	315.320000	42.102000
0.000000	0.000000	0.000000	-4956.990000	294.821000	65.133000
0.000000	0.000000	0.000000	-4948.772000	265.422000	90.268000
0.000000	0.000000	0.000000	-4940.721000	226.704000	114.983000
0.000000	0.000000	0.000000	-4932.356000	197.059000	140.330000
0.000000	0.000000	0.000000	-4876.800000	64.006000	305.252000
0.000000	0.000000	0.000000	-4931.873000	244.709000	140.873000
0.000000	0.000000	0.000000	-4941.006000	274.321000	113.196000
0.000000	0.000000	0.000000	-4948.402000	298.080000	90.657000
0.000000	0.000000	0.000000	-4955.584000	321.399000	68.687000
0.000000	0.000000	0.000000	-4936.728000	322.707000	124.720000
0.000000	0.000000	0.000000	-4929.210000	301.816000	147.530000
0.000000	0.000000	0.000000	-5013.395000	92.267000	-101.005000
0.000000	0.000000	0.000000	-4942.618000	-142.354000	110.660000
0.000000	0.000000	0.000000	-4935.532000	-167.167000	131.383000
0.000000	0.000000	0.000000	-4933.935000	-246.523000	134.773000
0.000000	0.000000	0.000000	-4942.242000	-225.582000	110.517000
0.000000	0.000000	0.000000	-4943.020000	-222.154000	108.266000
0.000000	0.000000	0.000000	-4952.891000	-200.975000	79.279000
0.000000	0.000000	0.000000	-4961.659000	-182.577000	53.398000
0.000000	0.000000	0.000000	-4972.482000	-160.988000	21.361000
0.000000	0.000000	0.000000	-4981.956000	-143.482000	-6.806000
0.000000	0.000000	0.000000	-4991.436000	-121.909000	-35.070000
0.000000	0.000000	0.000000	-5000.559000	-102.624000	-62.369000
0.000000	0.000000	0.000000	-5008.416000	-86.855000	-85.894000
0.000000	0.000000	0.000000	-5019.021000	-64.440000	-117.862000
0.000000	0.000000	0.000000	-5028.482000	-50.378000	-146.453000
0.000000	0.000000	0.000000	-5034.243000	-32.956000	-163.859000
0.000000	0.000000	0.000000	-5039.117000	-20.094000	-178.617000
0.000000	0.000000	0.000000	-5045.953000	-2.064000	-199.459000
0.000000	0.000000	0.000000	-5057.205000	20.785000	-233.768000
0.000000	0.000000	0.000000	-5066.340000	40.699000	-261.750000
0.000000	0.000000	0.000000	-5076.764000	59.680000	-293.795000
0.000000	0.000000	0.000000	-5086.610000	76.935000	-324.142000
0.000000	0.000000	0.000000	-5086.508000	76.742000	-323.846000
0.000000	0.000000	0.000000	-5087.264000	26.679000	-325.960000
0.000000	0.000000	0.000000	-5077.580000	-1.045000	-296.116000
0.000000	0.000000	0.000000	-5072.407000	-17.646000	-280.304000
0.000000	0.000000	0.000000	-5065.098000	-36.369000	-257.939000
0.000000	0.000000	0.000000	-5059.629000	-50.692000	-241.290000
0.000000	0.000000	0.000000	-5053.131000	-62.018000	-221.483000
0.000000	0.000000	0.000000	-4986.297000	-252.974000	-21.617000
0.000000	0.000000	0.000000	-4981.110000	-279.276000	-6.635000
0.000000	0.000000	0.000000	-4976.290000	-302.607000	7.336000
0.000000	0.000000	0.000000	-4971.253000	-320.914000	21.934000
0.000000	0.000000	0.000000	-4982.255000	-331.883000	-11.301000
0.000000	0.000000	0.000000	-4989.841000	-303.579000	-33.383000
0.000000	0.000000	0.000000	-5060.775000	-79.454000	-244.958000
0.000000	0.000000	0.000000	-5071.060000	-52.188000	-276.282000
0.000000	0.000000	0.000000	-5080.540000	-33.514000	-305.297000
0.000000	0.000000	0.000000	-5088.121000	-21.200000	-328.568000
0.000000	0.000000	0.000000	-5086.464000	-71.426000	-323.650000
0.000000	0.000000	0.000000	-5076.795000	-97.379000	-294.154000
0.000000	0.000000	0.000000	-5086.828000	-151.315000	-325.563000
0.000000	0.000000	0.000000	-5086.652000	-192.835000	-325.580000
0.000000	0.000000	0.000000	-5087.354000	-248.755000	-328.748000
0.000000	0.000000	0.000000	-5084.553000	-282.569000	-320.898000
0.000000	0.000000	0.000000	-5077.133000	-334.827000	-299.402000
0.000000	0.000000	0.000000	-5083.049000	-317.809000	-317.135000
0.000000	0.000000	0.000000	-5088.757000	-302.163000	-334.288000
0.000000	0.000000	0.000000	-5086.915000	-335.322000	-329.485000
