0.013508 56.704403
nan 62.132704
nan 67.561004
nan 72.989305
nan 78.417605
0.005145 83.845905
nan 89.274206
nan 94.702506
nan 100.130807
nan 105.559107
nan 110.987407
nan 116.415708
0.012702 121.844008
nan 127.272309
nan 132.700609
nan 138.128909
nan 143.557210
nan 148.985510
nan 154.413811
nan 159.842111
nan 165.270411
nan 170.698712
nan 176.127012
nan 181.555312
nan 186.983613
nan 192.411913
nan 197.840214
nan 203.268514
nan 208.696814
nan 214.125115
nan 219.553415
nan 224.981716
0.000595 230.410016
nan 235.838316
nan 241.266617
nan 246.694917
nan 252.123218
nan 257.551518
nan 262.979818
0.014104 268.408119
0.005570 273.836419
nan 279.264720
nan 284.693020
nan 290.121320
nan 295.549621
nan 300.977921
nan 306.406222
0.003841 311.834522
nan 317.262822
0.000426 322.691123
nan 328.119423
nan 333.547723
nan 338.976024
nan 344.404324
nan 349.832625
nan 355.260925
nan 360.689225
nan 366.117526
nan 371.545826
nan 376.974127
0.012276 382.402427
nan 387.830727
nan 393.259028
nan 398.687328
nan 404.115629
nan 409.543929
0.014228 414.972229
nan 420.400530
0.012151 425.828830
nan 431.257131
nan 436.685431
0.000720 442.113731
nan 447.542032
0.000125 452.970332
0.005020 458.398633
0.001146 463.826933
0.009084 469.255233
0.014654 474.683534
nan 480.111834
0.004425 485.540135
nan 490.968435
nan 496.396735
nan 501.825036
nan 507.253336
nan 512.681636
nan 518.109937
nan 523.538237
nan 528.966538
nan 534.394838
nan 539.823138
nan 545.251439
nan 550.679739
nan 556.108040
nan 561.536340
nan 566.964640
nan 572.392941
nan 577.821241
nan 583.249542
0.011556 588.677842
0.001952 594.106142
