0.002268 22.976497
nan 31.363959
0.003274 39.751421
0.005692 48.138883
0.008892 56.526345
0.018936 64.913807
nan 73.301269
0.007991 81.688731
0.003966 90.076193
0.006754 98.463654
0.007664 106.851116
0.008177 115.238578
0.010573 123.626040
0.005867 132.013502
0.005310 140.400964
0.006345 148.788426
0.010713 157.175888
0.010424 165.563350
0.010731 173.950812
0.014277 182.338274
0.009923 190.725735
0.006412 199.113197
0.009341 207.500659
0.011003 215.888121
0.014803 224.275583
0.005321 232.663045
0.005292 241.050507
0.009880 249.437969
0.005629 257.825431
0.007528 266.212893
0.006631 274.600355
0.006850 282.987817
0.009371 291.375278
0.009884 299.762740
0.006673 308.150202
0.012483 316.537664
0.007290 324.925126
0.008424 333.312588
0.009624 341.700050
0.009800 350.087512
0.012068 358.474974
0.007692 366.862436
0.007974 375.249898
0.011241 383.637359
0.004222 392.024821
0.007829 400.412283
0.004504 408.799745
0.006636 417.187207
0.009051 425.574669
0.009554 433.962131
0.006874 442.349593
0.005285 450.737055
0.009421 459.124517
0.005328 467.511979
0.011165 475.899440
0.006836 484.286902
0.011250 492.674364
0.009228 501.061826
0.008920 509.449288
0.009545 517.836750
0.006162 526.224212
0.007870 534.611674
0.007210 542.999136
0.006247 551.386598
0.005307 559.774060
0.006229 568.161521
0.007462 576.548983
0.010739 584.936445
0.006447 593.323907
0.008819 601.711369
0.003884 610.098831
0.006337 618.486293
0.001725 626.873755
0.004838 635.261217
0.007840 643.648679
0.010735 652.036141
0.004194 660.423603
0.004642 668.811064
0.009984 677.198526
0.007883 685.585988
0.003257 693.973450
0.010758 702.360912
0.003006 710.748374
nan 719.135836
0.003507 727.523298
0.011565 735.910760
nan 744.298222
0.015839 752.685684
0.011452 761.073145
nan 769.460607
0.018844 777.848069
nan 786.235531
nan 794.622993
nan 803.010455
nan 811.397917
nan 819.785379
0.000070 828.172841
nan 836.560303
nan 844.947765
0.003075 853.335226
