# x y z x_res y_res z_res
1.326349198437246969e+03 2.329767585173792668e+03 -4.729009689709214115e+01 0.000000000000000000e+00 0.000000000000000000e+00 -5.109622972400273966e-02
1.140352583525463160e+03 2.078533545912543559e+03 -3.705075403340586604e+01 0.000000000000000000e+00 0.000000000000000000e+00 -2.164447152102866312e-02
1.141779121712371534e+03 2.494964226551511729e+03 -4.862208336572358292e+01 0.000000000000000000e+00 0.000000000000000000e+00 3.286023528636405899e-02
1.517099565956492370e+03 2.078726724687121987e+03 -4.475041951894800718e+01 0.000000000000000000e+00 0.000000000000000000e+00 1.368672925116953820e-02
1.518055970027288595e+03 2.499459208183028295e+03 -5.637403443690666904e+01 0.000000000000000000e+00 0.000000000000000000e+00 1.932015263840725083e-02
-1.990487408985223965e+02 2.070971000838668715e+03 -2.711465595578444976e+01 0.000000000000000000e+00 0.000000000000000000e+00 1.530860290276336855e-02
1.753158935189786405e+02 2.072977150421408169e+03 -2.709688986123969912e+01 0.000000000000000000e+00 0.000000000000000000e+00 -6.592701744612128323e-03
1.752389028481326534e+02 2.493732095740002478e+03 -3.884358874701798214e+01 0.000000000000000000e+00 0.000000000000000000e+00 1.749422410320278232e-03
-1.990527095725228719e+02 2.488334035067491186e+03 -3.874848098971239807e+01 0.000000000000000000e+00 0.000000000000000000e+00 1.049417058103330191e-02
-1.370952384814413705e+01 2.322322310111535899e+03 -3.357746808206594125e+01 0.000000000000000000e+00 0.000000000000000000e+00 4.734988258796590799e-02
6.595184081210135218e+02 1.577630179326888538e+03 -1.907648185489920678e+01 0.000000000000000000e+00 0.000000000000000000e+00 -2.616104450054379527e-02
8.494200122424595065e+02 1.326964205650509257e+03 -1.679693812970543476e+01 0.000000000000000000e+00 0.000000000000000000e+00 -3.376887531093331063e-03
4.743641947958216178e+02 1.744184570897223921e+03 -2.086546214415832878e+01 0.000000000000000000e+00 0.000000000000000000e+00 -7.301259546963478897e-03
4.746416796551773132e+02 1.326619681969754765e+03 -1.289340172501301574e+01 0.000000000000000000e+00 0.000000000000000000e+00 -1.491527272062143084e-03
8.499598929653978985e+02 1.748396261584715603e+03 -2.483164136530976762e+01 0.000000000000000000e+00 0.000000000000000000e+00 -3.200760077622888389e-02
-1.955111022373598644e+02 1.324308951384464990e+03 -1.138320731580355094e+01 0.000000000000000000e+00 0.000000000000000000e+00 -2.050927223276843847e-02
-1.117905918557603862e+01 1.574433387495903617e+03 -1.561008338259240880e+01 0.000000000000000000e+00 0.000000000000000000e+00 -3.802927625311625093e-02
1.788494650419995367e+02 1.325190188693573873e+03 -1.134871953312717707e+01 0.000000000000000000e+00 0.000000000000000000e+00 -1.018571344757468466e-02
-1.950212023663549985e+02 1.740759379197366115e+03 -1.933216226732577780e+01 0.000000000000000000e+00 0.000000000000000000e+00 -9.143459311928836541e-04
1.796427508735627043e+02 1.745392894923935728e+03 -1.938730886735817904e+01 0.000000000000000000e+00 0.000000000000000000e+00 -1.777945833920568930e-02
-4.914868375337162547e+02 1.743346811832421281e+03 -2.097638107185752077e+01 0.000000000000000000e+00 0.000000000000000000e+00 -4.354577006186133303e-03
-4.902228311620589238e+02 1.325241361663790940e+03 -1.298879301605433589e+01 0.000000000000000000e+00 0.000000000000000000e+00 -1.143514574983583998e-02
-8.648480102666998164e+02 1.321409590534702829e+03 -1.691288896154689425e+01 0.000000000000000000e+00 0.000000000000000000e+00 1.842303968452085883e-03
-8.644605191162200981e+02 1.739976662505849617e+03 -2.484397173110231449e+01 0.000000000000000000e+00 0.000000000000000000e+00 4.300462626041223757e-03
-6.822109713643435498e+02 1.575764074500524885e+03 -1.927803286391044679e+01 0.000000000000000000e+00 0.000000000000000000e+00 -1.853946413305607166e-03
-8.684122538090448415e+02 2.069397692916914366e+03 -3.260470783082799784e+01 0.000000000000000000e+00 0.000000000000000000e+00 3.483075947947611439e-03
-4.947439045509364632e+02 2.071322281330254555e+03 -2.871325917386219118e+01 0.000000000000000000e+00 0.000000000000000000e+00 -1.062390402080737317e-02
-6.853521079106136540e+02 2.321753364470729593e+03 -3.717681109745089429e+01 0.000000000000000000e+00 0.000000000000000000e+00 -1.400066901772589745e-02
-4.938222400667758620e+02 2.490357187062152207e+03 -4.037670068484398911e+01 0.000000000000000000e+00 0.000000000000000000e+00 -1.244031487992458551e-03
-8.668105003472464887e+02 2.486411041186868260e+03 -4.414496705267070809e+01 0.000000000000000000e+00 0.000000000000000000e+00 -7.376243297855467063e-03
1.328564988124750244e+03 1.580911204745264740e+03 -2.950625682117034643e+01 0.000000000000000000e+00 0.000000000000000000e+00 -1.726663764087632558e-02
1.143261313861620692e+03 1.746080867592878121e+03 -2.932443339766824408e+01 0.000000000000000000e+00 0.000000000000000000e+00 -3.232007878381537580e-02
1.519400725397759061e+03 1.330107305402926386e+03 -2.924915416816840974e+01 0.000000000000000000e+00 0.000000000000000000e+00 1.316075506198899348e-02
1.518133652660524604e+03 1.752601822145040387e+03 -3.718566852871007455e+01 0.000000000000000000e+00 0.000000000000000000e+00 -1.326386987547323315e-02
1.144111168760045985e+03 1.328372184291826898e+03 -2.142210755706572201e+01 0.000000000000000000e+00 0.000000000000000000e+00 8.146084300260980626e-03
4.715073053172694699e+02 2.076114242531351010e+03 -2.866138943944555351e+01 0.000000000000000000e+00 0.000000000000000000e+00 -1.973527191780988232e-02
8.468353717569381161e+02 2.077103731653015529e+03 -3.251426759748901674e+01 0.000000000000000000e+00 0.000000000000000000e+00 -9.673649569059250553e-03
6.571295596241874364e+02 2.327010131539057966e+03 -3.703423180173917473e+01 0.000000000000000000e+00 0.000000000000000000e+00 1.280129619869541102e-02
4.711672284720975767e+02 2.491357870041601473e+03 -4.023931928467391117e+01 0.000000000000000000e+00 0.000000000000000000e+00 -1.667311737110566128e-02
8.464220548431231919e+02 2.497280061323959671e+03 -4.420565233042785991e+01 0.000000000000000000e+00 0.000000000000000000e+00 -1.348483957076496154e-02
8.444509282413379196e+02 2.825290028796872775e+03 -5.470163100736893114e+01 0.000000000000000000e+00 0.000000000000000000e+00 7.435055312768668045e-03
4.678683309369085919e+02 3.240909971859095094e+03 -6.602785056066190350e+01 0.000000000000000000e+00 0.000000000000000000e+00 1.175239263619687335e-02
4.678338183074722565e+02 2.823991719292608195e+03 -5.090372603091770998e+01 0.000000000000000000e+00 0.000000000000000000e+00 3.269521959460064409e-03
6.531326392030807710e+02 3.075874449786612786e+03 -6.138227507274712025e+01 0.000000000000000000e+00 0.000000000000000000e+00 7.586958730065873624e-03
8.449098998602711390e+02 3.246509017193712680e+03 -6.995979056372800642e+01 0.000000000000000000e+00 0.000000000000000000e+00 1.553615740643010668e-02
1.139674346575608752e+03 2.832389762707305636e+03 -5.937948171629919614e+01 0.000000000000000000e+00 0.000000000000000000e+00 -1.704235953978638918e-02
1.138399641363305818e+03 3.247341496418877341e+03 -7.435070054089149494e+01 0.000000000000000000e+00 0.000000000000000000e+00 -1.310713764490856192e-02
1.513463953744514811e+03 2.833229096774444315e+03 -6.689148812249905518e+01 0.000000000000000000e+00 0.000000000000000000e+00 -1.321121894069676728e-02
1.512893554359137397e+03 3.252914115072991535e+03 -8.197113305011502860e+01 0.000000000000000000e+00 0.000000000000000000e+00 -1.580818494787195050e-02
1.323042973740249636e+03 3.082347258292643801e+03 -7.157611276325623351e+01 0.000000000000000000e+00 0.000000000000000000e+00 -1.306201462105605060e-02
1.813202640010805681e+03 1.750389958922674396e+03 -4.470859706399044597e+01 0.000000000000000000e+00 0.000000000000000000e+00 -9.771040114983975400e-03
1.999024345126152639e+03 1.584870549736632029e+03 -4.681315804068362496e+01 0.000000000000000000e+00 0.000000000000000000e+00 -1.732235983350705055e-02
1.814134489434658235e+03 1.332789479006208239e+03 -3.691904936264362647e+01 0.000000000000000000e+00 0.000000000000000000e+00 7.216943119395580197e-03
2.188692083893098697e+03 1.333546967139579237e+03 -4.849361253416312678e+01 0.000000000000000000e+00 0.000000000000000000e+00 1.399088971730577668e-03
2.188515663101382415e+03 1.755428175528091060e+03 -5.630822775419088089e+01 0.000000000000000000e+00 0.000000000000000000e+00 -1.072971456036952986e-02
2.488086539160652137e+03 1.002828373580489597e+03 -5.461371650155845714e+01 0.000000000000000000e+00 0.000000000000000000e+00 3.378832123377151220e-02
2.487556650780582913e+03 5.860906692266941036e+02 -5.067580848954754202e+01 0.000000000000000000e+00 0.000000000000000000e+00 2.463531242921845887e-02
2.672548495681746317e+03 8.375981196543505121e+02 -6.009947975961488709e+01 0.000000000000000000e+00 0.000000000000000000e+00 5.413708600198674503e-02
2.861519334411222189e+03 1.007209009681069233e+03 -6.988760719595188675e+01 0.000000000000000000e+00 0.000000000000000000e+00 2.890929804600261832e-02
2.862518525369015606e+03 5.863208672759524234e+02 -6.603822468886374963e+01 0.000000000000000000e+00 0.000000000000000000e+00 3.259676901578245634e-03
2.193060288654598025e+03 1.006515042119734403e+03 -4.403589427564511993e+01 0.000000000000000000e+00 0.000000000000000000e+00 6.404854142537885764e-03
1.818694878835055306e+03 9.990493689956116441e+02 -3.230308203946600543e+01 0.000000000000000000e+00 0.000000000000000000e+00 -1.254849887653364249e-02
2.003200184418781191e+03 8.342733861123797396e+02 -3.595075689936899010e+01 0.000000000000000000e+00 0.000000000000000000e+00 1.040689078556056302e-02
2.192938020213222899e+03 5.847463771834288764e+02 -4.000472760850161791e+01 0.000000000000000000e+00 0.000000000000000000e+00 -1.553877939362990901e-02
1.818616733223519986e+03 5.842682181785988860e+02 -2.829709320278692175e+01 0.000000000000000000e+00 0.000000000000000000e+00 -2.203080067258156305e-02
1.525249803772667292e+03 5.825401455515187763e+02 -2.058597189009018891e+01 0.000000000000000000e+00 0.000000000000000000e+00 6.860271371756709868e-03
1.524134929744705914e+03 1.004524871797755964e+03 -2.468666449609557745e+01 0.000000000000000000e+00 0.000000000000000000e+00 3.005950009290359048e-02
1.333516821391502617e+03 8.327977127097586845e+02 -1.846344290281304978e+01 0.000000000000000000e+00 0.000000000000000000e+00 2.051744798766463873e-03
1.148869679519669944e+03 9.972744682066314681e+02 -1.672835187963264758e+01 0.000000000000000000e+00 0.000000000000000000e+00 -1.001025060560678526e-02
1.150017490834208957e+03 5.823597195491995535e+02 -1.266376994445540483e+01 0.000000000000000000e+00 0.000000000000000000e+00 1.890055076045271676e-02
1.819003693574234433e+02 9.964270511616373369e+02 -6.563092285864709829e+00 0.000000000000000000e+00 0.000000000000000000e+00 -1.524045009815466756e-02
-8.069633661049930851e+00 8.258719171238635681e+02 -4.338311171560404134e+00 0.000000000000000000e+00 0.000000000000000000e+00 -2.827125253354179080e-02
1.828555471968098516e+02 5.771606143689290320e+02 -2.391108385216410337e+00 0.000000000000000000e+00 0.000000000000000000e+00 -2.006417556048889494e-02
-1.930418195307003373e+02 5.737340490262512276e+02 -2.396553748889557856e+00 0.000000000000000000e+00 0.000000000000000000e+00 -5.366646812233843988e-02
-1.938569731496071427e+02 9.902662978425723850e+02 -6.521501811374842639e+00 0.000000000000000000e+00 0.000000000000000000e+00 -2.023619886188576800e-02
4.783432104142327717e+02 9.951488778511210285e+02 -8.095935463095679907e+00 0.000000000000000000e+00 0.000000000000000000e+00 -1.734685068347907588e-02
8.536848882261421068e+02 1.000004578431157029e+03 -1.210609209658341712e+01 0.000000000000000000e+00 0.000000000000000000e+00 -1.055610719461697045e-03
8.525561994394222438e+02 5.795156792602938367e+02 -7.922452329351633793e+00 0.000000000000000000e+00 0.000000000000000000e+00 -1.601345980685753290e-02
6.633961924233021819e+02 8.290439838486047393e+02 -7.861230454240049959e+00 0.000000000000000000e+00 0.000000000000000000e+00 -1.874276941959518439e-02
4.780075605996596551e+02 5.793514768215666209e+02 -3.960333106479635212e+00 0.000000000000000000e+00 0.000000000000000000e+00 -1.003728697061223585e-02
1.524430418360475414e+03 2.516340530848046910e+02 -1.887762070717253948e+01 0.000000000000000000e+00 0.000000000000000000e+00 1.372214333625976224e-02
1.334642485098643874e+03 8.105836523719170827e+01 -1.424570294439295992e+01 0.000000000000000000e+00 0.000000000000000000e+00 1.061306750092860796e-02
1.149470961155926943e+03 2.466380132569399279e+02 -1.092168814025287205e+01 0.000000000000000000e+00 0.000000000000000000e+00 -6.714513719309422868e-03
1.525287187767704154e+03 -1.688851571334096491e+02 -1.874105480519118316e+01 0.000000000000000000e+00 0.000000000000000000e+00 6.385771227151337825e-03
1.149871174748848489e+03 -1.712091523066373782e+02 -1.076579616060908684e+01 0.000000000000000000e+00 0.000000000000000000e+00 -7.653662502089986219e-03
1.821015139404130878e+03 2.481245872172817144e+02 -2.668181452412424193e+01 0.000000000000000000e+00 0.000000000000000000e+00 -1.012562818629092476e-02
2.195651853345626478e+03 2.546209212439903524e+02 -3.846847737686975677e+01 0.000000000000000000e+00 0.000000000000000000e+00 1.214296559048477775e-03
2.005263614378838383e+03 8.351193886210785422e+01 -3.190545281595775151e+01 0.000000000000000000e+00 0.000000000000000000e+00 2.872879173779097073e-03
2.196256385925603354e+03 -1.666850682302713267e+02 -3.837527105834985264e+01 0.000000000000000000e+00 0.000000000000000000e+00 9.919610584375959661e-03
1.820738033631999997e+03 -1.687433439976051943e+02 -2.655081037948459155e+01 0.000000000000000000e+00 0.000000000000000000e+00 -6.115625578974714927e-03
2.490538386307158362e+03 -1.637258253276122844e+02 -4.909046384634497429e+01 0.000000000000000000e+00 0.000000000000000000e+00 2.883167974053435501e-02
2.866156881874080227e+03 2.594554970553871840e+02 -6.464681834827112539e+01 0.000000000000000000e+00 0.000000000000000000e+00 3.717908867824348818e-02
2.490205841829528708e+03 2.531773421570941878e+02 -4.916835884154010472e+01 0.000000000000000000e+00 0.000000000000000000e+00 4.661085145627907877e-02
2.866166885844153057e+03 -1.621905024636296559e+02 -6.456668395390968840e+01 0.000000000000000000e+00 0.000000000000000000e+00 2.868883557611923152e-02
2.675768508960722102e+03 8.827934319911651073e+01 -5.626692999604782841e+01 0.000000000000000000e+00 0.000000000000000000e+00 8.282134997845247426e-02
-1.157719372084069846e+03 9.908033863297677044e+02 -1.680885370199986184e+01 0.000000000000000000e+00 0.000000000000000000e+00 1.594891139901477572e-02
-1.532866762848364488e+03 9.841689815441942528e+02 -2.464613427037464888e+01 0.000000000000000000e+00 0.000000000000000000e+00 1.574727880715087736e-02
-1.347818944949840443e+03 8.192127500292451714e+02 -1.862592232373105006e+01 0.000000000000000000e+00 0.000000000000000000e+00 -4.756700873155494946e-03
-1.156898687272408552e+03 5.695623316935674438e+02 -1.269740957542374460e+01 0.000000000000000000e+00 0.000000000000000000e+00 -2.960238631409595200e-03
-1.532490240918093832e+03 5.694740773598500709e+02 -2.066758990968616061e+01 0.000000000000000000e+00 0.000000000000000000e+00 -1.942573976039341233e-02
-8.603876935588348260e+02 9.880911767018803857e+02 -1.204847787995964481e+01 0.000000000000000000e+00 0.000000000000000000e+00 -3.516518639106180899e-03
-6.760887621696598444e+02 8.236001070480715498e+02 -7.939269230421003520e+00 0.000000000000000000e+00 0.000000000000000000e+00 -2.629393429402338001e-02
-4.853739148564257562e+02 9.947032647612517167e+02 -8.143948944043417626e+00 0.000000000000000000e+00 0.000000000000000000e+00 3.867040714567338000e-03
-8.611437641383167829e+02 5.732448727763552370e+02 -7.993787270974781478e+00 0.000000000000000000e+00 0.000000000000000000e+00 -1.142207380529569605e-02
-4.855245466359224338e+02 5.735101914772989176e+02 -3.975305248171438599e+00 0.000000000000000000e+00 0.000000000000000000e+00 -2.365757236331456070e-02
-1.533927389091065379e+03 1.740938579009295154e+03 -3.730948932810041896e+01 0.000000000000000000e+00 0.000000000000000000e+00 2.612727845779971858e-02
-1.160929385276755966e+03 1.747653966902744514e+03 -2.967402033755216451e+01 0.000000000000000000e+00 0.000000000000000000e+00 6.016975714903338712e-03
-1.351932702650726469e+03 1.576573522121273982e+03 -2.990864188386743194e+01 0.000000000000000000e+00 0.000000000000000000e+00 7.509905969261154723e-03
-1.158881769207581328e+03 1.327107168901039813e+03 -2.166736293178816197e+01 0.000000000000000000e+00 0.000000000000000000e+00 -1.289726618001196812e-03
-1.533343345856166479e+03 1.322516567717721045e+03 -2.945677158216674840e+01 0.000000000000000000e+00 0.000000000000000000e+00 2.767706453605001116e-02
-1.533108247230960842e+03 2.070394878236115801e+03 -4.491553758836052168e+01 0.000000000000000000e+00 0.000000000000000000e+00 1.378668396220916748e-02
-1.349694141080433610e+03 2.321241640250465480e+03 -4.752808535817939628e+01 0.000000000000000000e+00 0.000000000000000000e+00 6.368786481338872818e-03
-1.156685874834987317e+03 2.074884672552309894e+03 -3.724744123506086169e+01 0.000000000000000000e+00 0.000000000000000000e+00 1.838318834323615647e-03
-1.536304301818030808e+03 2.486382993868807716e+03 -5.640643503852631824e+01 0.000000000000000000e+00 0.000000000000000000e+00 7.841194435165732557e-03
-1.160181884368799956e+03 2.494860149908236963e+03 -4.894211523398827524e+01 0.000000000000000000e+00 0.000000000000000000e+00 -1.022577777105482255e-02
-8.729332659521296591e+02 2.820161264018432121e+03 -5.489898807233461753e+01 0.000000000000000000e+00 0.000000000000000000e+00 -2.812854702376910154e-03
-4.998612085655715873e+02 2.820505221267715569e+03 -5.102097156672594025e+01 0.000000000000000000e+00 0.000000000000000000e+00 3.060797715328078539e-03
-4.994292997068200179e+02 3.241041873004102854e+03 -6.626241246371743898e+01 0.000000000000000000e+00 0.000000000000000000e+00 3.231414664625731348e-03
-8.703516575568798999e+02 3.239227322044530410e+03 -7.000706339921164556e+01 0.000000000000000000e+00 0.000000000000000000e+00 1.005899306761648404e-02
-6.910438432424778057e+02 3.072275111669052876e+03 -6.163469982917939660e+01 0.000000000000000000e+00 0.000000000000000000e+00 -1.869262080712275065e-02
-2.038615309663200605e+02 2.822335618167474877e+03 -4.949853593448150946e+01 0.000000000000000000e+00 0.000000000000000000e+00 -4.226673270977698849e-03
1.723775415564453510e+02 2.824024559455111557e+03 -4.946583367213600013e+01 0.000000000000000000e+00 0.000000000000000000e+00 1.449907246668402649e-02
1.729008302269239152e+02 3.244520549750752707e+03 -6.474576987391277783e+01 0.000000000000000000e+00 0.000000000000000000e+00 -1.131550274337200790e-03
-1.845873896445870344e+01 3.073321321708004234e+03 -5.806910806133088698e+01 0.000000000000000000e+00 0.000000000000000000e+00 -4.846482320672862443e-04
-2.026857998803663747e+02 3.238319669394854827e+03 -6.459068148530832332e+01 0.000000000000000000e+00 0.000000000000000000e+00 3.281456643581748267e-02
-1.833967757809577279e+03 2.481016360331073429e+03 -6.384568397990118171e+01 0.000000000000000000e+00 0.000000000000000000e+00 -8.746112592064037017e-03
-2.208317937320646706e+03 2.064778123846817380e+03 -6.402342706698289021e+01 0.000000000000000000e+00 0.000000000000000000e+00 1.022832736487089278e-02
-1.833812193029222726e+03 2.063013091862954298e+03 -5.247457346284969759e+01 0.000000000000000000e+00 0.000000000000000000e+00 3.053471089780401826e-02
-2.024052353912838498e+03 2.315603896274886210e+03 -6.466334828792999190e+01 0.000000000000000000e+00 0.000000000000000000e+00 -9.139513017501599279e-03
-2.205037542195032074e+03 2.477531508834028955e+03 -7.502669468671192021e+01 0.000000000000000000e+00 0.000000000000000000e+00 2.102692876489697937e-02
-1.152841428560608620e+03 2.411389857778977159e+02 -1.096677535330452358e+01 0.000000000000000000e+00 0.000000000000000000e+00 -6.969860026540430908e-03
-1.152675264270534399e+03 -1.796287263345940914e+02 -1.083683558577877726e+01 0.000000000000000000e+00 0.000000000000000000e+00 2.261302194079206629e-02
-1.527790684254689950e+03 -1.817845605370077919e+02 -1.883221183069436222e+01 0.000000000000000000e+00 0.000000000000000000e+00 -2.769704810771500547e-02
-1.342819579174590217e+03 7.065883460571413366e+01 -1.441060393771972947e+01 0.000000000000000000e+00 0.000000000000000000e+00 -1.540090096095347860e-02
-1.527465754206664769e+03 2.349764471558496837e+02 -1.890208328322903597e+01 0.000000000000000000e+00 0.000000000000000000e+00 -1.503104392055121252e-02
2.202494855989651569e+03 -1.663989363054008891e+03 -5.611680389749925268e+01 0.000000000000000000e+00 0.000000000000000000e+00 -1.024577267418180782e-02
1.827321002933602358e+03 -1.665150286740220054e+03 -4.436771628779514032e+01 0.000000000000000000e+00 0.000000000000000000e+00 -2.355159084922320289e-02
1.827143443123939733e+03 -1.249380316395742739e+03 -3.663877137001467332e+01 0.000000000000000000e+00 0.000000000000000000e+00 -1.663447410490448419e-02
2.202675670569814883e+03 -1.243825338527122767e+03 -4.839437234932172061e+01 0.000000000000000000e+00 0.000000000000000000e+00 -2.283465743165180584e-02
2.011828855569279312e+03 -1.414340396544545683e+03 -4.500094940694619083e+01 0.000000000000000000e+00 0.000000000000000000e+00 -2.474331092393811105e-02
1.533120998824118260e+03 -1.668603460132925193e+03 -3.667352722581464519e+01 0.000000000000000000e+00 0.000000000000000000e+00 -1.301664888887188454e-02
1.341369794370390537e+03 -1.419402858594510008e+03 -2.738521279625420846e+01 0.000000000000000000e+00 0.000000000000000000e+00 5.770592863338919187e-03
1.533580534533376749e+03 -1.247531420292998973e+03 -2.882263798506681951e+01 0.000000000000000000e+00 0.000000000000000000e+00 -7.278425000965427216e-03
1.158159236081186918e+03 -1.253783049241060553e+03 -2.089472818563264767e+01 0.000000000000000000e+00 0.000000000000000000e+00 1.292527579047231256e-02
1.158046746920535270e+03 -1.669159251099205449e+03 -2.869930612140846193e+01 0.000000000000000000e+00 0.000000000000000000e+00 2.815487141233674606e-02
1.153734280221366589e+03 -9.196791713232338452e+02 -1.612941154761099227e+01 0.000000000000000000e+00 0.000000000000000000e+00 7.135704688195687595e-03
1.529819726301610444e+03 -9.185051261980778463e+02 -2.414649926668605318e+01 0.000000000000000000e+00 0.000000000000000000e+00 1.294811626106096014e-02
1.339528421255138483e+03 -6.694252150157000187e+02 -1.725238798369509752e+01 0.000000000000000000e+00 0.000000000000000000e+00 2.920808891967041632e-02
1.529328363632178252e+03 -4.987945967061471038e+02 -2.028689804654161222e+01 0.000000000000000000e+00 0.000000000000000000e+00 -2.030919551867071959e-02
1.154290755063188499e+03 -5.034607360099100219e+02 -1.230878805081644067e+01 0.000000000000000000e+00 0.000000000000000000e+00 3.366240594992753188e-02
4.840161331528274786e+02 -9.235997268793919375e+02 -7.390257544006948898e+00 0.000000000000000000e+00 0.000000000000000000e+00 7.709076108266543770e-04
6.701130202311760513e+02 -6.720652309422894177e+02 -6.521107427853556793e+00 0.000000000000000000e+00 0.000000000000000000e+00 1.465832663443578099e-03
8.604405605470947194e+02 -9.219840215798803911e+02 -1.143230652385697965e+01 0.000000000000000000e+00 0.000000000000000000e+00 -9.420924812054920494e-03
8.588918122180494947e+02 -5.006976260659041600e+02 -7.536033087661709651e+00 0.000000000000000000e+00 0.000000000000000000e+00 1.571235985227836807e-02
4.835852046089199803e+02 -5.076928153060004547e+02 -3.540056734637685221e+00 0.000000000000000000e+00 0.000000000000000000e+00 -5.370759709899530776e-03
1.902618671880576642e+02 -9.236992615741445434e+02 -5.798451235757449140e+00 0.000000000000000000e+00 0.000000000000000000e+00 1.494821287934744447e-02
1.901853953539038287e+02 -5.030027431900928150e+02 -1.920434293015927274e+00 0.000000000000000000e+00 0.000000000000000000e+00 9.376304860793105433e-03
-1.848663558727187706e+02 -5.092087930085384642e+02 -1.944919201500045602e+00 0.000000000000000000e+00 0.000000000000000000e+00 1.980787873931011411e-02
-1.669735605524482747e-01 -6.745074832839710552e+02 -2.933092927421848906e+00 0.000000000000000000e+00 0.000000000000000000e+00 -7.200123503347199971e-03
-1.851181668560729747e+02 -9.253302361216379950e+02 -5.802412935707149444e+00 0.000000000000000000e+00 0.000000000000000000e+00 -6.928762144271516377e-04
-4.811737892775175851e+02 -1.776392871837105929e+02 -2.060801526942970696e+00 0.000000000000000000e+00 0.000000000000000000e+00 5.890594481280153616e-03
-4.815315178382246017e+02 2.446095090524478053e+02 -2.236860163546543934e+00 0.000000000000000000e+00 0.000000000000000000e+00 -1.214366743646388969e-02
-6.730878487061972919e+02 7.303203320449591729e+01 -3.660380793747777695e+00 0.000000000000000000e+00 0.000000000000000000e+00 -1.691840307387248998e-02
-8.562938378028065927e+02 2.386171043481148217e+02 -6.219246003200193051e+00 0.000000000000000000e+00 0.000000000000000000e+00 4.629685198566768634e-03
-8.578573720552618624e+02 -1.789650117457854321e+02 -6.103234249090236929e+00 0.000000000000000000e+00 0.000000000000000000e+00 -8.332614663010495804e-03
-1.909617544317627562e+02 2.423156849245257547e+02 -6.675644210516207266e-01 0.000000000000000000e+00 0.000000000000000000e+00 -1.679778616080984666e-02
1.849956876634403784e+02 2.493477634287240505e+02 -6.717052455020977586e-01 0.000000000000000000e+00 0.000000000000000000e+00 5.890400027626530033e-03
1.869839727754802823e+02 -1.721779317528171589e+02 -4.711984928884687673e-01 0.000000000000000000e+00 0.000000000000000000e+00 -7.121355891554714823e-03
-1.885230145349048598e+02 -1.731549305105894518e+02 -4.780095309417847771e-01 0.000000000000000000e+00 0.000000000000000000e+00 -9.468727592788106495e-03
-4.330919697444217675e+00 7.743757313799775943e+01 -3.859488801075801334e-02 0.000000000000000000e+00 0.000000000000000000e+00 -3.155566609963685043e-02
2.496815763548756877e+03 -1.665449431885316244e+03 -6.680558996500620594e+01 0.000000000000000000e+00 0.000000000000000000e+00 -3.179101268302986227e-02
2.492894458479848254e+03 -1.248265672896817932e+03 -5.902540195889515928e+01 0.000000000000000000e+00 0.000000000000000000e+00 -5.053731575168285417e-02
2.871711725465409927e+03 -1.661630301398087340e+03 -8.204302882651155926e+01 0.000000000000000000e+00 0.000000000000000000e+00 -5.046601622528612552e-02
2.679365679678300239e+03 -1.412570292513687946e+03 -6.917816406926284856e+01 0.000000000000000000e+00 0.000000000000000000e+00 -3.387833153976771428e-02
2.867773041566777920e+03 -1.238882313297144492e+03 -7.427075963313468776e+01 0.000000000000000000e+00 0.000000000000000000e+00 -4.097681422942400786e-02
2.491816596391033272e+03 -9.145725034590243467e+02 -5.440712481543957324e+01 0.000000000000000000e+00 0.000000000000000000e+00 -3.787584041157288084e-02
2.494928020089244910e+03 -4.982366077350683895e+02 -5.074339056270916615e+01 0.000000000000000000e+00 0.000000000000000000e+00 -1.584238168613438802e-02
2.867458731644161617e+03 -9.125737830162418049e+02 -6.984968768847815568e+01 0.000000000000000000e+00 0.000000000000000000e+00 -2.647372336255671144e-02
2.677956043694965501e+03 -6.628618582929592549e+02 -5.929029382895969746e+01 0.000000000000000000e+00 0.000000000000000000e+00 -1.984399270411785210e-02
2.867242970126607361e+03 -4.922072443782863047e+02 -6.606571809925016225e+01 0.000000000000000000e+00 0.000000000000000000e+00 -2.917483876393589526e-02
2.197364384750192130e+03 -9.162853755219451841e+02 -4.369873438417000955e+01 0.000000000000000000e+00 0.000000000000000000e+00 -1.151163946894229184e-02
2.197444141292288805e+03 -4.937006665409361403e+02 -3.985646536631141856e+01 0.000000000000000000e+00 0.000000000000000000e+00 2.802806670437973935e-03
1.822125894988493656e+03 -9.186514201038681904e+02 -3.189571352538922611e+01 0.000000000000000000e+00 0.000000000000000000e+00 -1.176567088328539512e-02
2.006933419459636298e+03 -6.650525220081713087e+02 -3.487321796349877445e+01 0.000000000000000000e+00 0.000000000000000000e+00 -8.618060598422516705e-03
1.819897922413427978e+03 -5.003833365425240913e+02 -2.799465179268629811e+01 0.000000000000000000e+00 0.000000000000000000e+00 9.748499655866993407e-03
-2.199524914895698657e+03 9.866687659054954338e+02 -4.401715670416631809e+01 0.000000000000000000e+00 0.000000000000000000e+00 1.588826956346167663e-02
-2.016715057804312437e+03 8.205543940789726776e+02 -3.623555088044281547e+01 0.000000000000000000e+00 0.000000000000000000e+00 -1.458746764939178320e-03
-1.826451105457730364e+03 5.679092429094841918e+02 -2.840616876372156341e+01 0.000000000000000000e+00 0.000000000000000000e+00 6.602976746062694247e-03
-1.825573510538471510e+03 9.890953893803231267e+02 -3.237744075302934732e+01 0.000000000000000000e+00 0.000000000000000000e+00 2.657691169503095807e-03
-2.199312956556371773e+03 5.671226833487534122e+02 -4.010116608294890739e+01 0.000000000000000000e+00 0.000000000000000000e+00 -1.128828098171652528e-02
4.808880422044762781e+02 -1.739521439933166675e+02 -2.050214071225850976e+00 0.000000000000000000e+00 0.000000000000000000e+00 4.526268364609453698e-03
6.650730957845021294e+02 7.709564184103859930e+01 -3.578420975019402483e+00 0.000000000000000000e+00 0.000000000000000000e+00 -6.576991737591075804e-03
8.553851692929331421e+02 2.498874390201797553e+02 -6.241355226978981818e+00 0.000000000000000000e+00 0.000000000000000000e+00 -1.096960079407782729e-02
4.794303755536639642e+02 2.427867754236456506e+02 -2.215083082371473999e+00 0.000000000000000000e+00 0.000000000000000000e+00 -1.889782179820720387e-03
8.560472563798489318e+02 -1.733157403816339581e+02 -6.065403671785437822e+00 0.000000000000000000e+00 0.000000000000000000e+00 1.085258245937215094e-02
-4.791118470335206894e+02 -5.073408502987794009e+02 -3.503152755826188791e+00 0.000000000000000000e+00 0.000000000000000000e+00 7.393349070712318394e-04
-4.797714176538530069e+02 -9.275919066319673902e+02 -7.405154856946937869e+00 0.000000000000000000e+00 0.000000000000000000e+00 5.075573278090494966e-03
-8.538577047277345855e+02 -9.287811372908125804e+02 -1.142317584729343238e+01 0.000000000000000000e+00 0.000000000000000000e+00 4.403433598197281640e-03
-8.546266220399998019e+02 -5.117902956201001530e+02 -7.550170297552552867e+00 0.000000000000000000e+00 0.000000000000000000e+00 1.827554701664180214e-02
-6.700804833202863620e+02 -6.782873528617645889e+02 -6.575062456498607766e+00 0.000000000000000000e+00 0.000000000000000000e+00 -1.221323906112203872e-02
1.886160510152661285e+00 -1.422540212278800027e+03 -1.307666385052050906e+01 0.000000000000000000e+00 0.000000000000000000e+00 -9.796794817340526151e-05
-1.826893501168945591e+02 -1.257453031418120418e+03 -1.048394831350876011e+01 0.000000000000000000e+00 0.000000000000000000e+00 2.998789503216237051e-02
1.920507814821619093e+02 -1.250528063263205468e+03 -1.039982663193363521e+01 0.000000000000000000e+00 0.000000000000000000e+00 1.329331370765451936e-02
-1.838239382279265897e+02 -1.674349552049250633e+03 -1.838507298058001282e+01 0.000000000000000000e+00 0.000000000000000000e+00 1.417661745466247680e-02
1.917902774272028807e+02 -1.672057295094505434e+03 -1.835953984834597819e+01 0.000000000000000000e+00 0.000000000000000000e+00 2.135803118060408679e-02
4.865711269766794089e+02 -1.255326950865976642e+03 -1.208327724571976880e+01 0.000000000000000000e+00 0.000000000000000000e+00 2.439030880924519806e-02
8.616210727808982028e+02 -1.246803286878059680e+03 -1.599850654202435152e+01 0.000000000000000000e+00 0.000000000000000000e+00 2.437907570681474567e-02
6.724525424483000506e+02 -1.420335230419465006e+03 -1.666278200426450695e+01 0.000000000000000000e+00 0.000000000000000000e+00 1.889015182069542220e-02
4.876483701659408894e+02 -1.671672579951172338e+03 -1.996046472441316766e+01 0.000000000000000000e+00 0.000000000000000000e+00 4.141407799255247824e-02
8.635867643908741229e+02 -1.667747993667808487e+03 -2.393288786223844156e+01 0.000000000000000000e+00 0.000000000000000000e+00 1.854469131947666938e-02
8.654903510632698271e+02 -1.998011133033481428e+03 -3.173115183130806827e+01 0.000000000000000000e+00 0.000000000000000000e+00 3.676189071491009486e-02
8.656177260558515627e+02 -2.417755064014781965e+03 -4.355263623404117368e+01 0.000000000000000000e+00 0.000000000000000000e+00 3.292922213715598900e-02
4.912724742982605903e+02 -2.421351148355774512e+03 -3.966256690607009716e+01 0.000000000000000000e+00 0.000000000000000000e+00 2.967990638939710379e-02
6.754977767844236496e+02 -2.170053524904493770e+03 -3.399897582699958321e+01 0.000000000000000000e+00 0.000000000000000000e+00 2.888580215161340448e-02
4.905918097381078837e+02 -2.004829724983809228e+03 -2.786584938031896996e+01 0.000000000000000000e+00 0.000000000000000000e+00 2.881487113310754467e-02
1.159003126976911972e+03 -2.002697493032518651e+03 -3.655474371873008010e+01 0.000000000000000000e+00 0.000000000000000000e+00 2.339267829680125033e-02
1.535456586873914603e+03 -1.995869799048622099e+03 -4.436365093748504762e+01 0.000000000000000000e+00 0.000000000000000000e+00 -3.310562130565131156e-03
1.345604426362788899e+03 -2.166876337131707714e+03 -4.458981049971144728e+01 0.000000000000000000e+00 0.000000000000000000e+00 -8.421312761015542492e-04
1.535308001107656082e+03 -2.414779912035019606e+03 -5.602407054646683093e+01 0.000000000000000000e+00 0.000000000000000000e+00 4.946433371642910970e-03
1.160037416773791620e+03 -2.418170452555879820e+03 -4.824300101166703314e+01 0.000000000000000000e+00 0.000000000000000000e+00 2.029308825377995618e-02
1.828296384629398062e+03 -1.998757183639941786e+03 -5.213216022729415045e+01 0.000000000000000000e+00 0.000000000000000000e+00 -2.549604385144732532e-03
2.204273910432551020e+03 -1.992287542545865108e+03 -6.370523752733814860e+01 0.000000000000000000e+00 0.000000000000000000e+00 -1.931781782984387519e-02
2.013901474653414652e+03 -2.163950110194897206e+03 -6.197540435896380018e+01 0.000000000000000000e+00 0.000000000000000000e+00 -2.738003736352823125e-02
1.829410401359984462e+03 -2.414101223853052488e+03 -6.365721911365999119e+01 0.000000000000000000e+00 0.000000000000000000e+00 -1.080865049460300042e-02
2.204570443255772716e+03 -2.412240399633706147e+03 -7.519097289709837639e+01 0.000000000000000000e+00 0.000000000000000000e+00 -3.588280629580253844e-02
-2.184219031041650396e+03 -2.011950675854065366e+03 -6.351952989929308302e+01 0.000000000000000000e+00 0.000000000000000000e+00 -1.679162205920903261e-02
-2.002632062208668913e+03 -2.177071252354496664e+03 -6.198223930357315936e+01 0.000000000000000000e+00 0.000000000000000000e+00 -2.600186581022967403e-02
-1.812126236198577317e+03 -2.008542525795985512e+03 -5.192123682837880239e+01 0.000000000000000000e+00 0.000000000000000000e+00 -1.220382670987874008e-02
-1.812646733210528964e+03 -2.429684267830158205e+03 -6.365734023893559623e+01 0.000000000000000000e+00 0.000000000000000000e+00 7.394116948759688057e-03
-2.185778028880429702e+03 -2.429927546260959389e+03 -7.509069431820539364e+01 0.000000000000000000e+00 0.000000000000000000e+00 -1.519303480729661260e-02
-1.816962562972491014e+03 -1.681158629553994160e+03 -4.441240147687349804e+01 0.000000000000000000e+00 0.000000000000000000e+00 -1.441218749683059741e-03
-2.192475948586499271e+03 -1.265684744745069338e+03 -4.839392365533495166e+01 0.000000000000000000e+00 0.000000000000000000e+00 -2.373596172865433118e-02
-2.010046905910032137e+03 -1.430444393776414927e+03 -4.523619835893092045e+01 0.000000000000000000e+00 0.000000000000000000e+00 -1.653747421997309175e-02
-1.819979396520028104e+03 -1.261887701048211738e+03 -3.663414750220334781e+01 0.000000000000000000e+00 0.000000000000000000e+00 3.723061794111970357e-03
-2.188599778533277004e+03 -1.686603154143744860e+03 -5.612135886419159903e+01 0.000000000000000000e+00 0.000000000000000000e+00 -2.703234469425552788e-02
-1.514457792907347994e+03 -2.008689162687911676e+03 -4.418719507940202362e+01 0.000000000000000000e+00 0.000000000000000000e+00 1.794440044358935893e-02
-1.332653457424465387e+03 -2.173350624731867356e+03 -4.449591893663294684e+01 0.000000000000000000e+00 0.000000000000000000e+00 9.042103441203153125e-03
-1.140609279917135154e+03 -2.002843679124384380e+03 -3.622433487699736787e+01 0.000000000000000000e+00 0.000000000000000000e+00 3.300823795456153675e-03
-1.141022527791494213e+03 -2.423791484591431072e+03 -4.807266246229597328e+01 0.000000000000000000e+00 0.000000000000000000e+00 1.152024459863554284e-02
-1.513131862028945079e+03 -2.425745071977258249e+03 -5.583237755332967822e+01 0.000000000000000000e+00 0.000000000000000000e+00 2.252428559737040814e-02
-1.523480577867085685e+03 -1.674350630914654857e+03 -3.656386120656153338e+01 0.000000000000000000e+00 0.000000000000000000e+00 2.850893751073613203e-02
-1.340417683110990538e+03 -1.421858514844433785e+03 -2.740975554600948527e+01 0.000000000000000000e+00 0.000000000000000000e+00 -7.726743459482321441e-03
-1.149912336044014410e+03 -1.672564288577692651e+03 -2.862324940049682453e+01 0.000000000000000000e+00 0.000000000000000000e+00 2.239639683477179233e-03
-1.147340133867510758e+03 -1.252351339046777639e+03 -2.067276735491047646e+01 0.000000000000000000e+00 0.000000000000000000e+00 8.466317939479495180e-04
-1.521397184882372358e+03 -1.254606735596705448e+03 -2.864156421519751916e+01 0.000000000000000000e+00 0.000000000000000000e+00 -9.785169017106909450e-05
-8.529734325020626784e+02 -1.678254391917765133e+03 -2.401381318589171698e+01 0.000000000000000000e+00 0.000000000000000000e+00 8.068266827457648560e-03
-6.675700664016561632e+02 -1.426036936876264463e+03 -1.671514284607136602e+01 0.000000000000000000e+00 0.000000000000000000e+00 -2.898331665080888797e-02
-4.768458102139756534e+02 -1.255659327801328573e+03 -1.201344636011116940e+01 0.000000000000000000e+00 0.000000000000000000e+00 -5.823131431316852513e-03
-8.527399452405229567e+02 -1.260270838434621965e+03 -1.609460036612592759e+01 0.000000000000000000e+00 0.000000000000000000e+00 1.085961821214098677e-02
-4.773234061269243966e+02 -1.676794628556281168e+03 -1.999134775552431975e+01 0.000000000000000000e+00 0.000000000000000000e+00 6.819127845183459158e-03
-1.524238497514471192e+03 -9.304036816905553451e+02 -2.415310912068610349e+01 0.000000000000000000e+00 0.000000000000000000e+00 -1.549637446526830331e-02
-1.150349739764636297e+03 -9.295225494147013023e+02 -1.618469594866202144e+01 0.000000000000000000e+00 0.000000000000000000e+00 -2.116629861639296450e-03
-1.338883655520602588e+03 -6.795072363492505474e+02 -1.732665502236140043e+01 0.000000000000000000e+00 0.000000000000000000e+00 -2.167060031770517980e-02
-1.150167569426680075e+03 -5.084876789777877661e+02 -1.226593963226853745e+01 0.000000000000000000e+00 0.000000000000000000e+00 -7.387031476561389809e-03
-1.525032911260630271e+03 -5.128938144808299739e+02 -2.027559368784083560e+01 0.000000000000000000e+00 0.000000000000000000e+00 4.063521922788027041e-04
-2.852996422209887442e+03 -2.009527718767962824e+03 -8.905891723462558218e+01 0.000000000000000000e+00 0.000000000000000000e+00 -5.769696644458122137e-02
-2.670749069983814024e+03 -2.175571371680860011e+03 -8.573337464374179717e+01 0.000000000000000000e+00 0.000000000000000000e+00 -8.232324187839878959e-02
-2.477620648998700290e+03 -2.006020312347526442e+03 -7.384664489440191915e+01 0.000000000000000000e+00 0.000000000000000000e+00 -4.516209357976208594e-02
-2.855152256341739758e+03 -2.431404467938718881e+03 -1.004664888875099962e+02 0.000000000000000000e+00 0.000000000000000000e+00 -3.879080837410242566e-02
-2.479398512724378634e+03 -2.426949628296137689e+03 -8.537199196153915182e+01 0.000000000000000000e+00 0.000000000000000000e+00 -3.727581642978350374e-02
-2.485527274856605345e+03 -1.676628860778565240e+03 -6.660761520155087112e+01 0.000000000000000000e+00 0.000000000000000000e+00 -5.139331346411779577e-02
-2.485697705175579813e+03 -1.256910216590225446e+03 -5.888573508721913896e+01 0.000000000000000000e+00 0.000000000000000000e+00 -3.083568864764885120e-02
-2.857388269404824314e+03 -1.679732754180721940e+03 -8.179568063722324212e+01 0.000000000000000000e+00 0.000000000000000000e+00 -6.876812096530215968e-02
-2.858133834591915274e+03 -1.263164530089049549e+03 -7.423021498514145833e+01 0.000000000000000000e+00 0.000000000000000000e+00 -3.782200483159670057e-02
-2.676116881276958338e+03 -1.426009150936390142e+03 -6.928354485271005103e+01 0.000000000000000000e+00 0.000000000000000000e+00 -4.263913374593641947e-02
-1.821517840624500195e+03 -9.265004052557825389e+02 -3.197141652722326199e+01 0.000000000000000000e+00 0.000000000000000000e+00 -2.836003171070800022e-02
-2.010630313180122130e+03 -6.733356432115048165e+02 -3.506155189346420542e+01 0.000000000000000000e+00 0.000000000000000000e+00 -3.879734806368162481e-03
-2.191850854853770215e+03 -5.073401839560818871e+02 -3.975383255809055072e+01 0.000000000000000000e+00 0.000000000000000000e+00 -2.434176368232954246e-03
-1.818840559913824336e+03 -5.059542747300752694e+02 -2.800085744791208953e+01 0.000000000000000000e+00 0.000000000000000000e+00 -2.620383152654426340e-02
-2.194486681324594883e+03 -9.282298492795152924e+02 -4.374122104692596480e+01 0.000000000000000000e+00 0.000000000000000000e+00 -2.264105741782174164e-02
-1.822334629427262826e+03 -1.812479656797999894e+02 -2.662675111116585214e+01 0.000000000000000000e+00 0.000000000000000000e+00 -9.621366793979291288e-03
-2.196255386200227804e+03 -1.833261181268256053e+02 -3.841620914436127521e+01 0.000000000000000000e+00 0.000000000000000000e+00 5.779429809749103697e-04
-2.012350032063313620e+03 6.746828202174006606e+01 -3.211711305175469988e+01 0.000000000000000000e+00 0.000000000000000000e+00 -3.116329242595128335e-02
-1.822364561684534692e+03 2.376803870435588806e+02 -2.669069720934319889e+01 0.000000000000000000e+00 0.000000000000000000e+00 -1.266170498745111672e-02
-2.197184120414261542e+03 2.326011550139219537e+02 -3.846022462483207960e+01 0.000000000000000000e+00 0.000000000000000000e+00 1.558181299702710021e-02
-2.205369730158423408e+03 1.736207077430687832e+03 -5.647104765548493788e+01 0.000000000000000000e+00 0.000000000000000000e+00 5.811339151101435618e-03
-1.830585603845362584e+03 1.322396042072494538e+03 -3.721524907828811024e+01 0.000000000000000000e+00 0.000000000000000000e+00 6.156743837806288866e-03
-1.833518994358240207e+03 1.742611930784838250e+03 -4.511332681846050718e+01 0.000000000000000000e+00 0.000000000000000000e+00 9.181249688602122205e-03
-2.023771682706796128e+03 1.572249550977921672e+03 -4.733711013502728093e+01 0.000000000000000000e+00 0.000000000000000000e+00 2.481225776730866528e-02
-2.205485553912813430e+03 1.320460046710524011e+03 -4.885156107970185957e+01 0.000000000000000000e+00 0.000000000000000000e+00 1.683221102183551920e-02
-8.475789600948456837e+02 -2.000121578318170350e+03 -3.154175409283523024e+01 0.000000000000000000e+00 0.000000000000000000e+00 1.687809148058150299e-02
-8.487394277582973245e+02 -2.420960295929208314e+03 -4.342359986428964902e+01 0.000000000000000000e+00 0.000000000000000000e+00 1.343056410669873912e-02
-6.676337818173834648e+02 -2.168119556889615524e+03 -3.386161833091007622e+01 0.000000000000000000e+00 0.000000000000000000e+00 1.580285010435744653e-02
-4.749142742743287045e+02 -1.999695337473476457e+03 -2.761328978835216574e+01 0.000000000000000000e+00 0.000000000000000000e+00 2.513556062047328510e-02
-4.761038527061485297e+02 -2.419698357844823022e+03 -3.949580869121953697e+01 0.000000000000000000e+00 0.000000000000000000e+00 1.687484078528456166e-02
-2.500478710350218535e+03 1.318303282505618199e+03 -5.944015446589441609e+01 0.000000000000000000e+00 0.000000000000000000e+00 5.447159671085444188e-03
-2.501411572308009909e+03 1.735735220502897164e+03 -6.704441541769878654e+01 0.000000000000000000e+00 0.000000000000000000e+00 7.503430226805107850e-03
-2.874054101482909573e+03 1.728770753859024808e+03 -8.198168928464971827e+01 0.000000000000000000e+00 0.000000000000000000e+00 -4.818928380700526759e-03
-2.691113302212559120e+03 1.566750817667305455e+03 -7.119232324660539746e+01 0.000000000000000000e+00 0.000000000000000000e+00 1.849310653227576040e-03
-2.873637716229895886e+03 1.317889995077479398e+03 -7.463888865460070576e+01 0.000000000000000000e+00 0.000000000000000000e+00 2.468337199339032395e-02
-1.794564639971844144e+02 -2.006220363742622794e+03 -2.624072679574249278e+01 0.000000000000000000e+00 0.000000000000000000e+00 2.466077256843490773e-02
1.940956508631799693e+02 -2.422380944764090600e+03 -3.808587766139097397e+01 0.000000000000000000e+00 0.000000000000000000e+00 2.931169317669457541e-02
3.731727764616781684e+00 -2.173129539311773897e+03 -3.046296905335536565e+01 0.000000000000000000e+00 0.000000000000000000e+00 1.162717725874529151e-02
1.956249207703997399e+02 -2.001518267000097467e+03 -2.616793626804902217e+01 0.000000000000000000e+00 0.000000000000000000e+00 3.213797906557047668e-02
-1.815012535601688626e+02 -2.422671935897218646e+03 -3.805748114248332570e+01 0.000000000000000000e+00 0.000000000000000000e+00 2.928831464846837207e-02
2.002719098347174054e+02 -2.750220034995111291e+03 -4.886900508400711374e+01 0.000000000000000000e+00 0.000000000000000000e+00 1.857408606370114512e-02
-1.753929436133453237e+02 -3.172404891962782585e+03 -6.446814056568089768e+01 0.000000000000000000e+00 0.000000000000000000e+00 2.097382180859597156e-02
9.123632775684235696e+00 -2.921958415378898280e+03 -5.469294365917581757e+01 0.000000000000000000e+00 0.000000000000000000e+00 1.947514357198087964e-02
-1.749187227697626952e+02 -2.755551383904087288e+03 -4.897995359167138929e+01 0.000000000000000000e+00 0.000000000000000000e+00 1.823427345171779734e-02
2.001722812351692937e+02 -3.170901246464711221e+03 -6.448058386856013158e+01 0.000000000000000000e+00 0.000000000000000000e+00 1.332934015215414547e-02
4.938888958367508621e+02 -2.753866446520506543e+03 -5.059003921722003128e+01 0.000000000000000000e+00 0.000000000000000000e+00 7.039326824056502119e-04
8.695961769142993489e+02 -2.749009706907112104e+03 -5.441752763307370344e+01 0.000000000000000000e+00 0.000000000000000000e+00 1.119045134493745763e-02
4.936454539265321841e+02 -3.169594983583187059e+03 -6.599709706117562291e+01 0.000000000000000000e+00 0.000000000000000000e+00 2.515022319670379147e-03
8.684892745273988339e+02 -3.168500146360431700e+03 -6.987397905143234311e+01 0.000000000000000000e+00 0.000000000000000000e+00 -7.668038392949938498e-03
6.784867758168193177e+02 -2.919012292340081331e+03 -5.816195965035861803e+01 0.000000000000000000e+00 0.000000000000000000e+00 5.662667881267680059e-03
1.834593094320514638e+03 -2.747204497697371608e+03 -7.445480135532601196e+01 0.000000000000000000e+00 0.000000000000000000e+00 -1.428412623496910783e-03
2.207570037155265254e+03 -3.161844639896813987e+03 -1.006078714444765581e+02 0.000000000000000000e+00 0.000000000000000000e+00 8.654057552348604077e-06
1.833903241764377753e+03 -3.164708693518367454e+03 -8.948654714739306826e+01 0.000000000000000000e+00 0.000000000000000000e+00 4.076999469491227046e-02
2.017947430778445778e+03 -2.911615198589888678e+03 -8.549438955598581913e+01 0.000000000000000000e+00 0.000000000000000000e+00 1.646898229593318774e-02
2.209063193880808740e+03 -2.741325538223859439e+03 -8.572270802003799872e+01 0.000000000000000000e+00 0.000000000000000000e+00 -3.748817842406992895e-02
2.499961333954060592e+03 -2.413582561492130935e+03 -8.574837191167574701e+01 0.000000000000000000e+00 0.000000000000000000e+00 -3.568327367757717639e-02
2.874166817001732852e+03 -2.410930182145399158e+03 -1.006790979075254739e+02 0.000000000000000000e+00 0.000000000000000000e+00 -2.190714480028077560e-02
2.684565109059672523e+03 -2.162032605287772185e+03 -8.593169948768478150e+01 0.000000000000000000e+00 0.000000000000000000e+00 -6.162295331456846270e-02
2.499645345300704321e+03 -1.996893348424248870e+03 -7.445561263752439629e+01 0.000000000000000000e+00 0.000000000000000000e+00 -5.339071355470537128e-02
2.873864640895485991e+03 -1.989920754512497524e+03 -8.947734909364973532e+01 0.000000000000000000e+00 0.000000000000000000e+00 -5.436990124404417202e-02
1.538281660866182847e+03 -3.165973956781248035e+03 -8.203841752743696247e+01 0.000000000000000000e+00 0.000000000000000000e+00 1.190906252723777925e-02
1.164506558169759046e+03 -3.168232521483633718e+03 -7.446147099002460834e+01 0.000000000000000000e+00 0.000000000000000000e+00 2.314701462680091026e-03
1.348889433978912621e+03 -2.916008140547301082e+03 -6.853695987360666209e+01 0.000000000000000000e+00 0.000000000000000000e+00 -4.888039063217775038e-03
1.539204035444299734e+03 -2.743744262113771128e+03 -6.671184205404674117e+01 0.000000000000000000e+00 0.000000000000000000e+00 8.082561798232745787e-04
1.162548332951267639e+03 -2.751711656961535482e+03 -5.913361847008342664e+01 0.000000000000000000e+00 0.000000000000000000e+00 7.350322536808562290e-03
-4.704964327509881059e+02 -2.751963437243365206e+03 -5.034761344502548752e+01 0.000000000000000000e+00 0.000000000000000000e+00 1.395566553766514062e-02
-4.756083892652945337e+02 -3.172871888275413767e+03 -6.599154732215296804e+01 0.000000000000000000e+00 0.000000000000000000e+00 6.112449827462285157e-02
-8.439841915337185583e+02 -2.752286427225382795e+03 -5.418912764374449864e+01 0.000000000000000000e+00 0.000000000000000000e+00 2.265310690545163652e-02
-6.660583047271023815e+02 -2.919444110917650505e+03 -5.804810746200483607e+01 0.000000000000000000e+00 0.000000000000000000e+00 2.711200718473349980e-02
-8.493735167254523049e+02 -3.171127296471806858e+03 -6.972531501808762755e+01 0.000000000000000000e+00 0.000000000000000000e+00 3.045682241423719461e-02
-1.140281261108230410e+03 -2.752433289776841320e+03 -5.876118499282265617e+01 0.000000000000000000e+00 0.000000000000000000e+00 2.265997152630916389e-02
-1.512811936203205050e+03 -2.755514185829559665e+03 -6.649467119133109350e+01 0.000000000000000000e+00 0.000000000000000000e+00 3.691456302807694101e-02
-1.331143104795410636e+03 -2.921328331000162507e+03 -6.836444644583487218e+01 0.000000000000000000e+00 0.000000000000000000e+00 -1.242912322042855067e-02
-1.141904253261785243e+03 -3.174095525687840563e+03 -7.429275478372616703e+01 0.000000000000000000e+00 0.000000000000000000e+00 2.351377018305811362e-02
-1.516092830368891782e+03 -3.174736764613749529e+03 -8.186495757988497246e+01 0.000000000000000000e+00 0.000000000000000000e+00 5.054420267238413089e-02
-1.358965646652665100e+03 3.071764875214162203e+03 -7.191275588927436502e+01 0.000000000000000000e+00 0.000000000000000000e+00 -1.357749872681779379e-03
-1.540971839368978863e+03 3.237304398290692006e+03 -8.201405384297858348e+01 0.000000000000000000e+00 0.000000000000000000e+00 1.688080911291933717e-02
-1.166534743195559940e+03 2.821182825149209748e+03 -5.946928039175759295e+01 0.000000000000000000e+00 0.000000000000000000e+00 2.424657847915767661e-02
-1.167583514635985011e+03 3.239200346242607338e+03 -7.454192961684609031e+01 0.000000000000000000e+00 0.000000000000000000e+00 -6.952751947750357431e-03
-1.543007999589752899e+03 2.819396558381496561e+03 -6.710660557569821094e+01 0.000000000000000000e+00 0.000000000000000000e+00 1.286266106926348129e-02
-2.180640918306567983e+03 -2.757160720582553040e+03 -8.531321698678590337e+01 0.000000000000000000e+00 0.000000000000000000e+00 2.023718018399733864e-02
-1.998759196955720654e+03 -2.923092274313139569e+03 -8.532122219099528593e+01 0.000000000000000000e+00 0.000000000000000000e+00 1.977684129465728802e-02
-1.808412122398874772e+03 -2.757121641808681488e+03 -7.406407468119057569e+01 0.000000000000000000e+00 0.000000000000000000e+00 1.342527885779531971e-02
-2.182579712086082509e+03 -3.176054146614423644e+03 -1.003334319648283213e+02 0.000000000000000000e+00 0.000000000000000000e+00 3.752791550382994501e-03
-1.811178333964895501e+03 -3.177450279987772319e+03 -8.935417507077195864e+01 0.000000000000000000e+00 0.000000000000000000e+00 5.153879683292927893e-02
-2.489403219736476331e+03 -9.313873340968300454e+02 -5.451200976968805634e+01 0.000000000000000000e+00 0.000000000000000000e+00 -3.478519149015113499e-02
-2.488118731627892430e+03 -5.111674550595892015e+02 -5.056581557695028550e+01 0.000000000000000000e+00 0.000000000000000000e+00 -1.826845371128626994e-02
-2.679851596705559132e+03 -6.793929171068017467e+02 -5.951109674574820474e+01 0.000000000000000000e+00 0.000000000000000000e+00 -2.969312516010802483e-02
-2.862425480150893236e+03 -9.317807641021367999e+02 -6.985345496663039455e+01 0.000000000000000000e+00 0.000000000000000000e+00 -4.415627015059442328e-02
-2.861818086064325144e+03 -5.128308247663518387e+02 -6.596302718528637854e+01 0.000000000000000000e+00 0.000000000000000000e+00 -1.735078029872738625e-02
2.484264237436925669e+03 1.333054982853579304e+03 -5.905652201104796006e+01 0.000000000000000000e+00 0.000000000000000000e+00 2.735763769484123031e-02
2.860282585625736829e+03 1.335082722310468171e+03 -7.432852233917542151e+01 0.000000000000000000e+00 0.000000000000000000e+00 2.388753160073520121e-02
2.859246231118891956e+03 1.757163978002619160e+03 -8.192457108139450384e+01 0.000000000000000000e+00 0.000000000000000000e+00 3.333769083803872491e-02
2.667723512895980548e+03 1.585186562973620539e+03 -7.058829165712414522e+01 0.000000000000000000e+00 0.000000000000000000e+00 -7.240150886630658533e-03
2.483155797353549133e+03 1.750355131229226345e+03 -6.665780675517171971e+01 0.000000000000000000e+00 0.000000000000000000e+00 3.085099540250269001e-02
2.481296294396689518e+03 2.084003124202351501e+03 -7.415457972385607377e+01 0.000000000000000000e+00 0.000000000000000000e+00 2.208197028951985885e-02
2.854107290382969950e+03 2.507394438673962668e+03 -1.003138825670219205e+02 0.000000000000000000e+00 0.000000000000000000e+00 -1.148981220264033709e-02
2.665121253271066053e+03 2.335847130910898159e+03 -8.776259151782565482e+01 0.000000000000000000e+00 0.000000000000000000e+00 3.911502937100408417e-02
2.856962802533130343e+03 2.087595891148712781e+03 -8.924064179847498224e+01 0.000000000000000000e+00 0.000000000000000000e+00 4.450018358082274972e-02
2.481662076331829212e+03 2.499619015575496633e+03 -8.536309848256215105e+01 0.000000000000000000e+00 0.000000000000000000e+00 -5.780782479547497132e-03
2.182992771678132613e+03 2.086459728217720567e+03 -6.371716382956626035e+01 0.000000000000000000e+00 0.000000000000000000e+00 -1.267956313839135873e-03
1.808844023774127209e+03 2.085564048821032429e+03 -5.234319866087925988e+01 0.000000000000000000e+00 0.000000000000000000e+00 -4.692956912251133872e-03
1.994101321336925139e+03 2.335280353808396285e+03 -6.429840881538028441e+01 0.000000000000000000e+00 0.000000000000000000e+00 -3.197172468553333147e-02
2.184768937819171697e+03 2.506713501608458955e+03 -7.521789240507436602e+01 0.000000000000000000e+00 0.000000000000000000e+00 7.197935838860303193e-03
1.809007547905129513e+03 2.500942359265533014e+03 -6.375000689403479015e+01 0.000000000000000000e+00 0.000000000000000000e+00 -9.208269145275949086e-03
-2.492625407347082273e+03 -1.871060119975698797e+02 -4.922955789235795265e+01 0.000000000000000000e+00 0.000000000000000000e+00 -1.995399387809015934e-02
-2.870146347857228648e+03 2.273694074474865090e+02 -6.473918983654509418e+01 0.000000000000000000e+00 0.000000000000000000e+00 4.419255690820023119e-02
-2.867218529824813231e+03 -1.891491765046415310e+02 -6.468144487743117566e+01 0.000000000000000000e+00 0.000000000000000000e+00 -2.349119970681101677e-02
-2.493350175467711324e+03 2.345161209110121376e+02 -4.923948097613254760e+01 0.000000000000000000e+00 0.000000000000000000e+00 1.104956467435158629e-02
-2.683793214193072345e+03 6.369287665699589240e+01 -5.658368929705088135e+01 0.000000000000000000e+00 0.000000000000000000e+00 1.686311941289631022e-02
-2.495514044722241579e+03 5.656920807309928705e+02 -5.084359806867464471e+01 0.000000000000000000e+00 0.000000000000000000e+00 3.432937552574344409e-02
-2.686262254908235263e+03 8.190101209127896027e+02 -6.048005595290525349e+01 0.000000000000000000e+00 0.000000000000000000e+00 9.572094979866108133e-03
-2.493323142572165580e+03 9.845483703667192685e+02 -5.459778150372513039e+01 0.000000000000000000e+00 0.000000000000000000e+00 4.905124281390271790e-02
-2.865814788764163495e+03 9.829527542847262112e+02 -6.979216732100597653e+01 0.000000000000000000e+00 0.000000000000000000e+00 -1.786193715730632903e-02
-2.869717329834997599e+03 5.643656226692351083e+02 -6.620773883807395066e+01 0.000000000000000000e+00 0.000000000000000000e+00 -5.620053793856527591e-02
-2.501594236027860916e+03 2.059307974179240318e+03 -7.431143064334494852e+01 0.000000000000000000e+00 0.000000000000000000e+00 8.065564586161144689e-03
-2.500336357512930590e+03 2.478689387435055323e+03 -8.544619475793575702e+01 0.000000000000000000e+00 0.000000000000000000e+00 3.391051020589941345e-02
-2.691033544063535828e+03 2.310358880798529299e+03 -8.810390544258586942e+01 0.000000000000000000e+00 0.000000000000000000e+00 1.309596763670128894e-02
-2.874928158528802669e+03 2.059164077801246549e+03 -8.932022066462909038e+01 0.000000000000000000e+00 0.000000000000000000e+00 5.994189756037826555e-03
-2.874304307498605795e+03 2.475234731421617198e+03 -1.002401787495106333e+02 0.000000000000000000e+00 0.000000000000000000e+00 -1.138339540938204664e-02
-2.217091111465471840e+03 2.812088045025436713e+03 -8.582842665656275472e+01 0.000000000000000000e+00 0.000000000000000000e+00 2.135232466618219860e-02
-2.029482817683074472e+03 3.060183770593236659e+03 -8.843546505552878045e+01 0.000000000000000000e+00 0.000000000000000000e+00 2.534419745092009180e-02
-1.842164325816196879e+03 2.810032519823773328e+03 -7.439986487794037373e+01 0.000000000000000000e+00 0.000000000000000000e+00 3.057738571229151603e-03
-1.836212220575280753e+03 3.223649870358584394e+03 -8.890116814910302878e+01 0.000000000000000000e+00 0.000000000000000000e+00 2.279776127582522349e-02
-2.209356662468598188e+03 3.222313813825001944e+03 -9.999508583725035749e+01 0.000000000000000000e+00 0.000000000000000000e+00 -1.035212597555812408e-02
2.179386427086228650e+03 2.833686812437154913e+03 -8.530971814520843566e+01 0.000000000000000000e+00 0.000000000000000000e+00 -1.643300680741788256e-02
1.990388352482270420e+03 3.085058334757083685e+03 -8.816357063482713841e+01 0.000000000000000000e+00 0.000000000000000000e+00 1.923430741965148627e-02
1.804681946272969526e+03 2.834557373922295483e+03 -7.419362305969210070e+01 0.000000000000000000e+00 0.000000000000000000e+00 -2.841009005952344069e-02
1.805450209140617972e+03 3.250833966610326115e+03 -8.909981300566492735e+01 0.000000000000000000e+00 0.000000000000000000e+00 3.845702788538574168e-04
2.181430302855997525e+03 3.255730619592813582e+03 -1.003478029502598474e+02 0.000000000000000000e+00 0.000000000000000000e+00 8.319729114731444497e-02
