# x y z x_res y_res z_res
-6.979126592229657717e+02 -1.386422630124791795e+03 2.782970035860926927e+01 0.000000000000000000e+00 0.000000000000000000e+00 2.007737544378684902e-02
-8.911892081675998725e+02 -1.625133357445758975e+03 3.974686485394517632e+01 0.000000000000000000e+00 0.000000000000000000e+00 3.839239985855158466e-02
-5.032648851038698012e+02 -1.620412832493518408e+03 3.273581108425644004e+01 0.000000000000000000e+00 0.000000000000000000e+00 2.802095298648055177e-02
-8.950013281561517715e+02 -1.225134416816547628e+03 2.709300172628610071e+01 0.000000000000000000e+00 0.000000000000000000e+00 -1.777658229831047265e-02
-5.017546472819778387e+02 -1.228049111804254608e+03 2.022140898477304916e+01 0.000000000000000000e+00 0.000000000000000000e+00 2.363836383456785484e-02
-1.201673920243786597e+03 -1.941309864767186127e+03 6.058758427181414419e+01 0.000000000000000000e+00 0.000000000000000000e+00 -1.071152130954544646e-02
-1.398318437697929312e+03 -2.097385329701130559e+03 7.415943643947291264e+01 0.000000000000000000e+00 0.000000000000000000e+00 3.214443389836674214e-02
-1.595421672352446649e+03 -1.938375907080082470e+03 7.453343926553270649e+01 0.000000000000000000e+00 0.000000000000000000e+00 1.578198911496997425e-02
-1.590290876013021034e+03 -2.337279702299873406e+03 9.344626560366913282e+01 0.000000000000000000e+00 0.000000000000000000e+00 4.742684476013891981e-03
-1.203590895390917467e+03 -2.334419507977841477e+03 7.944298077648669221e+01 0.000000000000000000e+00 0.000000000000000000e+00 5.980935675864884615e-03
-5.006966236580802843e+02 -1.939652407169093976e+03 4.537977275067609639e+01 0.000000000000000000e+00 0.000000000000000000e+00 1.343711154753179926e-03
-6.959367644832955193e+02 -2.095941426865821995e+03 5.536881283939757736e+01 0.000000000000000000e+00 0.000000000000000000e+00 2.208442194385185076e-02
-8.893436211783489398e+02 -2.335437987257088935e+03 7.111040382422444850e+01 0.000000000000000000e+00 0.000000000000000000e+00 -1.483917830059056087e-02
-5.023741619485262504e+02 -2.331836568847410035e+03 6.408306915402420145e+01 0.000000000000000000e+00 0.000000000000000000e+00 -1.670545921199106942e-02
-8.939672484785660345e+02 -1.937791468748516081e+03 5.224152764860519227e+01 0.000000000000000000e+00 0.000000000000000000e+00 1.938988619963311066e-02
-1.594415469993133229e+03 -2.648428193526929135e+03 1.110782786794823522e+02 0.000000000000000000e+00 0.000000000000000000e+00 -4.986588157551352651e-02
-1.395629192740935196e+03 -2.807417888893259715e+03 1.131879274648099880e+02 0.000000000000000000e+00 0.000000000000000000e+00 6.306994653073161317e-03
-1.200184708362639185e+03 -2.651775909238705935e+03 9.708824868677551478e+01 0.000000000000000000e+00 0.000000000000000000e+00 5.042710953134132978e-03
-1.201373751226672084e+03 -3.044506395280708148e+03 1.223462618220478930e+02 0.000000000000000000e+00 0.000000000000000000e+00 -2.572828131522442163e-02
-1.587738835015780069e+03 -3.047718635426869241e+03 1.365521557641417303e+02 0.000000000000000000e+00 0.000000000000000000e+00 -4.392894763469712416e-02
-8.920469885634240654e+02 -2.649056858594572077e+03 8.866998716146787274e+01 0.000000000000000000e+00 0.000000000000000000e+00 -3.012883498341523136e-02
-5.005215124117586925e+02 -2.652389482028770544e+03 8.191258431931794348e+01 0.000000000000000000e+00 0.000000000000000000e+00 -3.845960587183583357e-02
-6.956979639610487993e+02 -2.808717664594187227e+03 9.445987846483906480e+01 0.000000000000000000e+00 0.000000000000000000e+00 -5.368760975798636537e-03
-5.031807014904814537e+02 -3.045015525860102116e+03 1.070510624871507872e+02 0.000000000000000000e+00 0.000000000000000000e+00 7.975426831535514793e-03
-8.890304623399404136e+02 -3.046781767150825544e+03 1.140773618161090610e+02 0.000000000000000000e+00 0.000000000000000000e+00 2.451376754834200256e-03
-2.098626161759433217e+03 -2.098307228644891893e+03 1.057680272097232432e+02 0.000000000000000000e+00 0.000000000000000000e+00 -3.850457570472087809e-02
-1.905259172397961720e+03 -2.335471603783553292e+03 1.075678355226867353e+02 0.000000000000000000e+00 0.000000000000000000e+00 1.252086474390523563e-02
-2.295982062709494130e+03 -1.938669326085143211e+03 1.098042505186444231e+02 0.000000000000000000e+00 0.000000000000000000e+00 -5.552718195542638568e-02
-2.292448672803775480e+03 -2.337259394610322488e+03 1.288301029826706667e+02 0.000000000000000000e+00 0.000000000000000000e+00 -6.552279214588452305e-02
-1.902743691050661937e+03 -1.942805153946304927e+03 8.855861667283295446e+01 0.000000000000000000e+00 0.000000000000000000e+00 -1.745929663844947299e-02
-1.591985650892993363e+03 -1.625853006810476700e+03 6.193798524622441448e+01 0.000000000000000000e+00 0.000000000000000000e+00 -3.145649350020107704e-02
-1.204801117725753556e+03 -1.623195787342898257e+03 4.802024296112203672e+01 0.000000000000000000e+00 0.000000000000000000e+00 -7.697998583871878964e-03
-1.397692656082925851e+03 -1.385795969267501505e+03 4.643959994507856237e+01 0.000000000000000000e+00 0.000000000000000000e+00 -8.654880605831749563e-03
-1.597184127530892738e+03 -1.226584310582618855e+03 4.943975130767402248e+01 0.000000000000000000e+00 0.000000000000000000e+00 -6.047591408481878261e-03
-1.202694928822628071e+03 -1.229332506062115044e+03 3.540763590998265897e+01 0.000000000000000000e+00 0.000000000000000000e+00 -4.246148736850585692e-02
-1.907027049305485207e+03 -1.624461945904731238e+03 7.605386853517450163e+01 0.000000000000000000e+00 0.000000000000000000e+00 -1.808773520878048657e-03
-1.906692075734157697e+03 -1.230632999205609167e+03 6.349505679792022761e+01 0.000000000000000000e+00 0.000000000000000000e+00 -3.334796157398756122e-02
-2.100937035136092618e+03 -1.388143703862272559e+03 7.815125770489811430e+01 0.000000000000000000e+00 0.000000000000000000e+00 -2.164916341487810314e-02
-2.299850938947291525e+03 -1.228196827977821386e+03 8.487037586949398360e+01 0.000000000000000000e+00 0.000000000000000000e+00 -7.509189997630016933e-02
-2.293614572101738304e+03 -1.628394019929068008e+03 9.724261243156510659e+01 0.000000000000000000e+00 0.000000000000000000e+00 -4.434539542273796542e-02
-2.604420024541740077e+03 -1.232699770761518266e+03 1.045403021798892524e+02 0.000000000000000000e+00 0.000000000000000000e+00 -4.203798777128042730e-02
-2.605997111522211526e+03 -1.626614984737823306e+03 1.172039405495597748e+02 0.000000000000000000e+00 0.000000000000000000e+00 -2.965301062577907487e-02
-2.799671451316679850e+03 -1.388751490979381288e+03 1.229909903791355958e+02 0.000000000000000000e+00 0.000000000000000000e+00 -6.116471722330629746e-02
-2.996786626303750381e+03 -1.229724435036551995e+03 1.335299457379048533e+02 0.000000000000000000e+00 0.000000000000000000e+00 -3.179936536324134977e-02
-2.992195034925637628e+03 -1.629134816550503501e+03 1.458954969289187318e+02 0.000000000000000000e+00 0.000000000000000000e+00 -4.225593295089424828e-02
-2.995415855934015781e+03 -9.167343702576582700e+02 1.260761887079347474e+02 0.000000000000000000e+00 0.000000000000000000e+00 -9.154372657164344673e-03
-2.607776993915332241e+03 -5.205771987215837271e+02 9.123624162433748097e+01 0.000000000000000000e+00 0.000000000000000000e+00 -1.297235708486255135e-02
-2.802477786353026204e+03 -6.780610127324554242e+02 1.071446420234122030e+02 0.000000000000000000e+00 0.000000000000000000e+00 -1.191844417972731662e-02
-2.609038877916302681e+03 -9.140583776823086737e+02 9.733924961815503707e+01 0.000000000000000000e+00 0.000000000000000000e+00 -6.302750325346551108e-03
-3.000274650558988469e+03 -5.183487117925623124e+02 1.204722037913965096e+02 0.000000000000000000e+00 0.000000000000000000e+00 4.238246249646238084e-02
-2.295663289395693027e+03 -9.139289008823088807e+02 7.719048820584571047e+01 0.000000000000000000e+00 0.000000000000000000e+00 -9.846176286700369928e-03
-2.101793400966553691e+03 -6.743152071730013404e+02 6.193351585994249575e+01 0.000000000000000000e+00 0.000000000000000000e+00 2.326596456424567805e-02
-1.908879474875882806e+03 -9.123160010057296176e+02 5.603706153886658825e+01 0.000000000000000000e+00 0.000000000000000000e+00 -1.843384198975428490e-02
-2.300032146903245120e+03 -5.153650656725211547e+02 7.130827976784597411e+01 0.000000000000000000e+00 0.000000000000000000e+00 1.926152375901324376e-02
-1.906340905778512933e+03 -5.182072547748576881e+02 4.974393448189908895e+01 0.000000000000000000e+00 0.000000000000000000e+00 -1.673354275883554010e-02
-1.910750842986938096e+02 -1.623003890771830356e+03 3.009537418361927408e+01 0.000000000000000000e+00 0.000000000000000000e+00 3.593406442698565684e-02
3.669092089869250284e+00 -1.383979758513420620e+03 2.160456450550724128e+01 0.000000000000000000e+00 0.000000000000000000e+00 2.821787799105734962e-02
1.993518979090371772e+02 -1.227371878873835158e+03 1.752587963037976238e+01 0.000000000000000000e+00 0.000000000000000000e+00 2.571472533617225054e-02
-1.946854877053108623e+02 -1.224107939334438925e+03 1.741297979355649872e+01 0.000000000000000000e+00 0.000000000000000000e+00 8.755302078942150956e-03
1.961447049155208617e+02 -1.620678685881872752e+03 3.003593384947833300e+01 0.000000000000000000e+00 0.000000000000000000e+00 3.424491847065880279e-02
-1.594405957463921595e+03 -9.148280332750407524e+02 4.189436104631512592e+01 0.000000000000000000e+00 0.000000000000000000e+00 -2.174539120814955595e-02
-1.400388487375507111e+03 -6.754976433476398370e+02 3.021125064200962029e+01 0.000000000000000000e+00 0.000000000000000000e+00 -1.017271609971359680e-02
-1.206262692374053586e+03 -9.130345274753977947e+02 2.794420765553456931e+01 0.000000000000000000e+00 0.000000000000000000e+00 -1.660587898775034432e-02
-1.598594288646505674e+03 -5.159341477441117831e+02 3.576181495724928538e+01 0.000000000000000000e+00 0.000000000000000000e+00 -1.743358713130049864e-02
-1.203537706891834887e+03 -5.190360597820326802e+02 2.156371577205958445e+01 0.000000000000000000e+00 0.000000000000000000e+00 -5.788146191232002025e-02
-1.886418630510727326e+02 -2.334776214860987693e+03 6.148971765444306925e+01 0.000000000000000000e+00 0.000000000000000000e+00 3.056916456097980017e-02
-1.922893547224372242e+02 -1.934949793240127292e+03 4.247829477750651250e+01 0.000000000000000000e+00 0.000000000000000000e+00 3.839406112455634457e-02
4.593176317364455308e+00 -2.093709506955871802e+03 4.913950528530768480e+01 0.000000000000000000e+00 0.000000000000000000e+00 1.434759269558583128e-02
2.009501252989807369e+02 -1.938585339922891308e+03 4.267821715867092536e+01 0.000000000000000000e+00 0.000000000000000000e+00 2.213544594842886681e-02
1.975497406450147935e+02 -2.330894790922431639e+03 6.133128991393167695e+01 0.000000000000000000e+00 0.000000000000000000e+00 2.821979686661535425e-02
-1.928650743124460121e+02 -2.646935839582273275e+03 7.887483375613879844e+01 0.000000000000000000e+00 0.000000000000000000e+00 3.276436317899822370e-02
2.018871386880474006e+02 -2.648710521525427339e+03 7.902521166175002065e+01 0.000000000000000000e+00 0.000000000000000000e+00 9.106864479306864268e-03
5.794460698463931081e+00 -2.804894627057389698e+03 8.804002006799349545e+01 0.000000000000000000e+00 0.000000000000000000e+00 2.292814983999846845e-02
1.989660757817622994e+02 -3.040863837523616894e+03 1.040280495001433536e+02 0.000000000000000000e+00 0.000000000000000000e+00 -5.745667502353057898e-03
-1.870180938163564690e+02 -3.043835720741275964e+03 1.041723379482280478e+02 0.000000000000000000e+00 0.000000000000000000e+00 -9.504366119230667209e-03
2.999321006791738455e+03 -1.613993389866743428e+03 1.459124873459311118e+02 0.000000000000000000e+00 0.000000000000000000e+00 -6.050192047737823486e-02
3.003732637664086269e+03 -1.221925390148181123e+03 1.338737176590347246e+02 0.000000000000000000e+00 0.000000000000000000e+00 2.699610494431681218e-03
2.807611215245586664e+03 -1.377862071945073239e+03 1.232444330683304656e+02 0.000000000000000000e+00 0.000000000000000000e+00 -5.268949573253678409e-02
2.614840213250471152e+03 -1.617605957761995796e+03 1.174833702583592441e+02 0.000000000000000000e+00 0.000000000000000000e+00 -8.433913418060967615e-02
2.611351367240121363e+03 -1.218234860625635520e+03 1.046231292573506551e+02 0.000000000000000000e+00 0.000000000000000000e+00 -6.042518668920138225e-02
2.301365861043586847e+03 -2.325558916188998865e+03 1.287485654962214312e+02 0.000000000000000000e+00 0.000000000000000000e+00 -3.156798364824453529e-02
2.303355075591962304e+03 -1.932220892664385701e+03 1.099657809803817088e+02 0.000000000000000000e+00 0.000000000000000000e+00 -5.345847114347179740e-02
2.108060221387900583e+03 -2.089595482640170303e+03 1.058729152752088254e+02 0.000000000000000000e+00 0.000000000000000000e+00 -4.725084714689842258e-02
1.914604369551506352e+03 -2.330231665753997277e+03 1.077549075588986938e+02 0.000000000000000000e+00 0.000000000000000000e+00 1.523758377815909171e-02
1.910229646374343702e+03 -1.931606220964109980e+03 8.844056585785209279e+01 0.000000000000000000e+00 0.000000000000000000e+00 7.539255457388094328e-03
2.997545613495376074e+03 -9.024014831291044629e+02 1.259654104582541407e+02 0.000000000000000000e+00 0.000000000000000000e+00 3.459588323153184319e-02
3.001538532062242211e+03 -5.097760344727832376e+02 1.204862080183009141e+02 0.000000000000000000e+00 0.000000000000000000e+00 2.239197640039947146e-02
2.805626054639441463e+03 -6.664362892131621265e+02 1.072149497434830607e+02 0.000000000000000000e+00 0.000000000000000000e+00 -9.511402151886727552e-03
2.611371000136072780e+03 -9.048887876841303068e+02 9.731818512071718885e+01 0.000000000000000000e+00 0.000000000000000000e+00 -5.177902997785110983e-02
2.607714025830377977e+03 -5.062450244172425755e+02 9.108126484221082819e+01 0.000000000000000000e+00 0.000000000000000000e+00 -7.986312728675670769e-03
2.996946083293143602e+03 -1.918542344709220231e+02 1.181170859180208339e+02 0.000000000000000000e+00 0.000000000000000000e+00 -2.137034669961224154e-02
2.611580581763768805e+03 -1.945090734308919025e+02 8.927318266746829067e+01 0.000000000000000000e+00 0.000000000000000000e+00 -1.594583796502035966e-02
2.804863816479657999e+03 4.577503215003113013e+01 1.032406225346219060e+02 0.000000000000000000e+00 0.000000000000000000e+00 1.215580684660722000e-02
2.999788742821077449e+03 2.012188030431297534e+02 1.192536281652339767e+02 0.000000000000000000e+00 0.000000000000000000e+00 2.398251747209201312e-02
2.607676888305570628e+03 2.048262336308977467e+02 8.973260079626747654e+01 0.000000000000000000e+00 0.000000000000000000e+00 6.302985089305934707e-03
2.298489819269599138e+03 -1.614789579023937449e+03 9.704047189170469778e+01 0.000000000000000000e+00 0.000000000000000000e+00 -4.310128880656804995e-02
2.302055879806812300e+03 -1.222125213421962371e+03 8.483755779448071621e+01 0.000000000000000000e+00 0.000000000000000000e+00 -2.633014671410194296e-02
2.106904481240419500e+03 -1.378574724188223627e+03 7.818161892093080212e+01 0.000000000000000000e+00 0.000000000000000000e+00 -4.749400361362177136e-03
1.913204279036177468e+03 -1.617971514557257251e+03 7.612296382342358925e+01 0.000000000000000000e+00 0.000000000000000000e+00 -1.632441146611540717e-02
1.908856685651910993e+03 -1.219042713002534128e+03 6.328578176767196339e+01 0.000000000000000000e+00 0.000000000000000000e+00 3.003403030390927597e-03
2.299743671381724198e+03 -9.031974106997688523e+02 7.722164562830035095e+01 0.000000000000000000e+00 0.000000000000000000e+00 -2.282034017271428183e-02
1.912285779818905667e+03 -9.063397780757049986e+02 5.608530272943906425e+01 0.000000000000000000e+00 0.000000000000000000e+00 -1.375118368659400403e-02
2.106725129998311786e+03 -6.674326337416102888e+02 6.210366634786539208e+01 0.000000000000000000e+00 0.000000000000000000e+00 -8.590806303487852347e-03
2.301990274149455672e+03 -5.106499373684811758e+02 7.137572480354862137e+01 0.000000000000000000e+00 0.000000000000000000e+00 -4.339249181498416874e-03
1.908607672638408758e+03 -5.077375841502911271e+02 4.974090156159075349e+01 0.000000000000000000e+00 0.000000000000000000e+00 -5.405395264567403046e-03
1.601692807032826749e+03 -1.223588311299382667e+03 4.954277458609473683e+01 0.000000000000000000e+00 0.000000000000000000e+00 3.226121742127929792e-02
1.212447821452566814e+03 -1.619968941151950048e+03 4.813851536130244568e+01 0.000000000000000000e+00 0.000000000000000000e+00 -2.605145495912353226e-02
1.598947714446061354e+03 -1.615855653122533113e+03 6.186048133284723605e+01 0.000000000000000000e+00 0.000000000000000000e+00 9.138315758804083089e-03
1.405933610786921690e+03 -1.379953925935614961e+03 4.655410606443722088e+01 0.000000000000000000e+00 0.000000000000000000e+00 2.697617254593609459e-02
1.207832980616593659e+03 -1.220406449300760414e+03 3.532097912244635296e+01 0.000000000000000000e+00 0.000000000000000000e+00 -9.043146846195782018e-03
8.997626965069822518e+02 -3.039936014541493023e+03 1.138544544703734971e+02 0.000000000000000000e+00 0.000000000000000000e+00 1.291511479946905183e-02
9.023024673767321246e+02 -2.647440537400529138e+03 8.880917417632299760e+01 0.000000000000000000e+00 0.000000000000000000e+00 4.466994606929119982e-02
5.130595918769025729e+02 -3.043450353781820468e+03 1.070726036828287704e+02 0.000000000000000000e+00 0.000000000000000000e+00 2.176245798838749579e-02
7.071167306281816991e+02 -2.803993520974068815e+03 9.436713424890118063e+01 0.000000000000000000e+00 0.000000000000000000e+00 4.979733794658613988e-02
5.091807103174377858e+02 -2.645323625971369438e+03 8.160500637485654352e+01 0.000000000000000000e+00 0.000000000000000000e+00 4.639843232857288058e-02
1.214685251338922399e+03 -3.041292630902903511e+03 1.225409193728514481e+02 0.000000000000000000e+00 0.000000000000000000e+00 -9.343423306347631296e-03
1.211788077888156067e+03 -2.643579587429552248e+03 9.695967892743311722e+01 0.000000000000000000e+00 0.000000000000000000e+00 1.203306970134576659e-02
1.604838698065328344e+03 -2.647124153443047362e+03 1.114314214872789961e+02 0.000000000000000000e+00 0.000000000000000000e+00 3.002329880935405981e-02
1.408538916369253457e+03 -2.802752133227330432e+03 1.133599432682939323e+02 0.000000000000000000e+00 0.000000000000000000e+00 2.867796846369685682e-02
1.600859476685122900e+03 -3.039211531387999457e+03 1.365085685547597336e+02 0.000000000000000000e+00 0.000000000000000000e+00 -2.330022087392080721e-03
1.210058060488657020e+03 -1.931806747706435090e+03 6.043389058693491478e+01 0.000000000000000000e+00 0.000000000000000000e+00 1.253378156010143130e-02
1.603315516826291287e+03 -1.934135125698980346e+03 7.467343662609624744e+01 0.000000000000000000e+00 0.000000000000000000e+00 -1.126449406149276911e-02
1.407759892619235188e+03 -2.091228645499036247e+03 7.420967527754243065e+01 0.000000000000000000e+00 0.000000000000000000e+00 3.341700815988701834e-02
1.213500411897267441e+03 -2.330166611405690219e+03 7.952689572155067310e+01 0.000000000000000000e+00 0.000000000000000000e+00 1.400958552504505406e-02
1.600699085739772272e+03 -2.327388920715883160e+03 9.335537144430207945e+01 0.000000000000000000e+00 0.000000000000000000e+00 5.126540583350447378e-02
8.985606574418206947e+02 -2.329063772623827390e+03 7.098774379670234680e+01 0.000000000000000000e+00 0.000000000000000000e+00 1.210656684312994003e-02
5.125411052312385891e+02 -2.331349638976257211e+03 6.418854299320200596e+01 0.000000000000000000e+00 0.000000000000000000e+00 1.874339859601548142e-02
7.059278661792452567e+02 -2.091185958916745221e+03 5.532411581513260757e+01 0.000000000000000000e+00 0.000000000000000000e+00 3.224790590265058654e-02
5.085310080139414595e+02 -1.933025749710227274e+03 4.519355307016457601e+01 0.000000000000000000e+00 0.000000000000000000e+00 3.602839234084598274e-02
9.023751778434939297e+02 -1.935813677413534379e+03 5.234755404778443477e+01 0.000000000000000000e+00 0.000000000000000000e+00 2.814093756230562349e-02
5.117570861933952528e+02 -1.620391554249709316e+03 3.284384848694305958e+01 0.000000000000000000e+00 0.000000000000000000e+00 -4.755533200587080955e-03
8.962711472228689900e+02 -1.616572240766353389e+03 3.955210466926488522e+01 0.000000000000000000e+00 0.000000000000000000e+00 -6.107441567174021202e-03
7.039929164261621963e+02 -1.379830844397123656e+03 2.773360356563693685e+01 0.000000000000000000e+00 0.000000000000000000e+00 5.842287984698657510e-04
5.056267770443070617e+02 -1.221638309060139363e+03 2.009473160782406964e+01 0.000000000000000000e+00 0.000000000000000000e+00 1.620043390903092018e-02
8.998460938399176712e+02 -1.224052944361129221e+03 2.717360989636505764e+01 0.000000000000000000e+00 0.000000000000000000e+00 -6.635960338464030883e-03
1.942497021891309998e+02 -9.076187499532005631e+02 9.829156795304230698e+00 0.000000000000000000e+00 0.000000000000000000e+00 2.021256271150306816e-02
1.990100972477354446e+02 -5.163411291262295890e+02 3.550025494295586004e+00 0.000000000000000000e+00 0.000000000000000000e+00 4.611916007482452784e-03
-1.953185883676158880e+02 -5.124489705478481483e+02 3.486005536166833174e+00 0.000000000000000000e+00 0.000000000000000000e+00 2.730829046051752584e-02
1.712740451412831932e+00 -6.717754560773295225e+02 5.142964124667768644e+00 0.000000000000000000e+00 0.000000000000000000e+00 1.744939238114096014e-02
-1.914277287492380424e+02 -9.115251566650586028e+02 9.895480411079288885e+00 0.000000000000000000e+00 0.000000000000000000e+00 8.523182984001564932e-03
5.097218690904925893e+02 -9.086355634951105458e+02 1.266084448185265821e+01 0.000000000000000000e+00 0.000000000000000000e+00 6.644797834706395179e-03
8.961446284890610059e+02 -9.060931701977866624e+02 1.950115974630941551e+01 0.000000000000000000e+00 0.000000000000000000e+00 -9.348940173151021327e-03
7.026018580180634672e+02 -6.688272230943063050e+02 1.136708577104332640e+01 0.000000000000000000e+00 0.000000000000000000e+00 2.097060594598687544e-03
8.985771121290206338e+02 -5.123770040174770202e+02 1.328615624667291861e+01 0.000000000000000000e+00 0.000000000000000000e+00 5.239604521278806715e-04
5.036555194850099042e+02 -5.099973032223574592e+02 6.198899564955704378e+00 0.000000000000000000e+00 0.000000000000000000e+00 1.077929743794037165e-02
1.212571064132252104e+03 -9.093176337921362347e+02 2.806318942832503893e+01 0.000000000000000000e+00 0.000000000000000000e+00 -1.205889061489173741e-02
1.601111512436211115e+03 -5.121220815946595621e+02 3.582293577260079331e+01 0.000000000000000000e+00 0.000000000000000000e+00 -2.048806819588833150e-02
1.207158813442220662e+03 -5.105049873196069257e+02 2.157802303496172414e+01 0.000000000000000000e+00 0.000000000000000000e+00 -2.547070776594040353e-02
1.405837488709754552e+03 -6.691359152915810000e+02 3.031250730067742793e+01 0.000000000000000000e+00 0.000000000000000000e+00 -1.902091759998114640e-03
1.598706417738717164e+03 -9.053726100921148827e+02 4.187953964923776340e+01 0.000000000000000000e+00 0.000000000000000000e+00 -3.625051947118151929e-03
-8.919146799384865290e+02 -9.127728542757539572e+02 1.954135054373746527e+01 0.000000000000000000e+00 0.000000000000000000e+00 1.680771586972795717e-02
-5.025110246709994613e+02 -5.168028992458175708e+02 6.263400483041351663e+00 0.000000000000000000e+00 0.000000000000000000e+00 1.318138943927404938e-02
-8.967990612368224674e+02 -5.138013735615980977e+02 1.326180271629161034e+01 0.000000000000000000e+00 0.000000000000000000e+00 -2.401717668426783803e-02
-6.988627584806523600e+02 -6.733943025261243065e+02 1.136953314835607465e+01 0.000000000000000000e+00 0.000000000000000000e+00 1.357992183811695952e-02
-5.055375977159321224e+02 -9.101715338392939429e+02 1.263848378826023655e+01 0.000000000000000000e+00 0.000000000000000000e+00 3.004511114892949308e-02
4.963806139944047686e+02 3.044737198938771598e+03 1.196972878769309006e+02 0.000000000000000000e+00 0.000000000000000000e+00 -1.852733273075557463e-02
8.884021109606832169e+02 2.649646281154101871e+03 9.798039199966329704e+01 0.000000000000000000e+00 0.000000000000000000e+00 4.033413254362017142e-03
5.015980777632714194e+02 2.646611085336988253e+03 9.026322742217109862e+01 0.000000000000000000e+00 0.000000000000000000e+00 -2.829756791766158130e-02
6.944810449295553099e+02 2.885267965291779547e+03 1.106405597657330446e+02 0.000000000000000000e+00 0.000000000000000000e+00 -1.480977487659629332e-03
8.904214912270582545e+02 3.040265576271280679e+03 1.270907760719071149e+02 0.000000000000000000e+00 0.000000000000000000e+00 1.410035684159538505e-02
1.905132725460827317e+02 3.040090455815788573e+03 1.163503930856237645e+02 0.000000000000000000e+00 0.000000000000000000e+00 -3.195660659896759626e-02
-1.993832982008880776e+02 2.644648010158229226e+03 8.717545626187772712e+01 0.000000000000000000e+00 0.000000000000000000e+00 -3.838349640064109281e-02
-2.042799483561474290e+02 3.042690884479207853e+03 1.166348361854101370e+02 0.000000000000000000e+00 0.000000000000000000e+00 8.935793233490585408e-03
-5.112533030269013068e+00 2.883250236239350215e+03 1.036984009288111395e+02 0.000000000000000000e+00 0.000000000000000000e+00 -2.631859867824459798e-02
1.867215351203878697e+02 2.647561643513086892e+03 8.730590968933131535e+01 0.000000000000000000e+00 0.000000000000000000e+00 -2.924664602059579011e-02
1.592461030585247727e+03 2.651582128765608559e+03 1.226291156082186404e+02 0.000000000000000000e+00 0.000000000000000000e+00 2.639602138398799980e-02
1.204773326286707061e+03 2.647688907896530054e+03 1.071182364921249643e+02 0.000000000000000000e+00 0.000000000000000000e+00 -3.899361222295283369e-03
1.398497191407631135e+03 2.888484445089095971e+03 1.317171355794265537e+02 0.000000000000000000e+00 0.000000000000000000e+00 -4.146319954941191099e-03
1.592990412522108045e+03 3.043362432510508825e+03 1.522069733511250718e+02 0.000000000000000000e+00 0.000000000000000000e+00 2.712317990727797223e-03
1.199237826883164644e+03 3.046314650231894120e+03 1.367543228589571811e+02 0.000000000000000000e+00 0.000000000000000000e+00 9.978763511355737137e-04
2.294519888985607849e+03 2.333418598470081633e+03 1.401409589400059588e+02 0.000000000000000000e+00 0.000000000000000000e+00 4.560573621526486932e-02
1.900031961590360197e+03 2.336307360822468581e+03 1.170924283676817339e+02 0.000000000000000000e+00 0.000000000000000000e+00 2.575896537642563544e-02
2.099119463817405631e+03 2.176921203803656226e+03 1.187982948382851447e+02 0.000000000000000000e+00 0.000000000000000000e+00 3.940416668029911307e-02
2.293075136703190310e+03 1.941473378166509747e+03 1.179571981239169673e+02 0.000000000000000000e+00 0.000000000000000000e+00 7.019998072878763651e-02
1.906746371300260307e+03 1.938148300332439476e+03 9.532358610666972254e+01 0.000000000000000000e+00 0.000000000000000000e+00 2.861163548676870505e-02
-1.213460861143816601e+03 2.644655685920870383e+03 1.072037280091720817e+02 0.000000000000000000e+00 0.000000000000000000e+00 6.023695095380787734e-02
-1.600582511271899875e+03 2.642070685505847905e+03 1.223330879224915861e+02 0.000000000000000000e+00 0.000000000000000000e+00 3.499533068961113713e-03
-1.210721699830525040e+03 3.036598589418495976e+03 1.363652373279140875e+02 0.000000000000000000e+00 0.000000000000000000e+00 -7.200005521042385226e-03
-1.604491698493299964e+03 3.039713629353459055e+03 1.524365799891888287e+02 0.000000000000000000e+00 0.000000000000000000e+00 -5.047760980829707478e-02
-1.405650364962040157e+03 2.880345010450569134e+03 1.313813750160597351e+02 0.000000000000000000e+00 0.000000000000000000e+00 -6.919459493644808390e-03
8.920689848172895609e+02 2.328817093219871367e+03 7.751725758532325017e+01 0.000000000000000000e+00 0.000000000000000000e+00 2.009493311103938140e-02
4.981068752705705265e+02 2.333880814554406697e+03 7.025989331557008200e+01 0.000000000000000000e+00 0.000000000000000000e+00 7.884771757161956884e-03
6.958568886228883912e+02 2.173887434124365882e+03 6.435633550623350629e+01 0.000000000000000000e+00 0.000000000000000000e+00 2.786821113353710189e-02
8.888479282635009895e+02 1.936373159184718588e+03 5.622639614826248078e+01 0.000000000000000000e+00 0.000000000000000000e+00 2.855938484459841220e-02
5.022043925529661692e+02 1.936287911668298420e+03 4.890480027368323590e+01 0.000000000000000000e+00 0.000000000000000000e+00 1.024696635637667441e-02
1.396201821810200499e+03 2.176042066663147580e+03 8.464139662003546505e+01 0.000000000000000000e+00 0.000000000000000000e+00 3.387656461900689919e-02
1.589398488911614322e+03 1.939651234196460109e+03 8.012928922715215663e+01 0.000000000000000000e+00 0.000000000000000000e+00 6.255950969347168211e-03
1.203219007779006915e+03 1.937656282308388199e+03 6.526109915233431025e+01 0.000000000000000000e+00 0.000000000000000000e+00 1.972392734175798523e-02
1.591824928240191412e+03 2.331922228918660494e+03 1.018081254300048641e+02 0.000000000000000000e+00 0.000000000000000000e+00 1.234917827225956444e-02
1.197945912667990115e+03 2.335214732298194122e+03 8.674497557711842433e+01 0.000000000000000000e+00 0.000000000000000000e+00 -4.025331580223223682e-03
-2.024258674677170688e+02 2.331538864637039751e+03 6.726692716544127393e+01 0.000000000000000000e+00 0.000000000000000000e+00 -5.481187839491497016e-02
-1.967981510349797816e+02 1.933604021825917471e+03 4.587569973537424772e+01 0.000000000000000000e+00 0.000000000000000000e+00 1.440446157354813295e-02
1.887954603971577967e+02 1.936139408428374509e+03 4.595616058067911069e+01 0.000000000000000000e+00 0.000000000000000000e+00 -1.759351366759176472e-02
-3.653146151792456831e+00 2.172690509037722677e+03 5.765498215358787348e+01 0.000000000000000000e+00 0.000000000000000000e+00 -3.258091028018128554e-02
1.918601005858869257e+02 2.328270840639102516e+03 6.701624505276127763e+01 0.000000000000000000e+00 0.000000000000000000e+00 -2.999020756514880759e-02
-5.075161731389770239e+02 2.326814047860496885e+03 6.997144507510034828e+01 0.000000000000000000e+00 0.000000000000000000e+00 -7.943113927349543246e-02
-5.114057311607780321e+02 1.933770689519537882e+03 4.890978466884482856e+01 0.000000000000000000e+00 0.000000000000000000e+00 -1.787399237844766731e-02
-8.988725939246830876e+02 1.932504347606513875e+03 5.628244172417376490e+01 0.000000000000000000e+00 0.000000000000000000e+00 -4.991969762774317587e-02
-9.021601326942937931e+02 2.330722566153153366e+03 7.788087316459260023e+01 0.000000000000000000e+00 0.000000000000000000e+00 -4.507901087792731687e-02
-7.044637476754545560e+02 2.170864330827927461e+03 6.435544844118989261e+01 0.000000000000000000e+00 0.000000000000000000e+00 -5.506171472868004457e-02
-1.207319263738569362e+03 2.326456351625000480e+03 8.653275019063241302e+01 0.000000000000000000e+00 0.000000000000000000e+00 -5.280160710518089218e-02
-1.602349819702555806e+03 2.330065144975380917e+03 1.021638557350019170e+02 0.000000000000000000e+00 0.000000000000000000e+00 -1.204334822355690449e-02
-1.404724646976868144e+03 2.169810735944835869e+03 8.462371894140913753e+01 0.000000000000000000e+00 0.000000000000000000e+00 -2.617579277358572654e-02
-1.211621326770319456e+03 1.933687990938921303e+03 6.534402411858879134e+01 0.000000000000000000e+00 0.000000000000000000e+00 -2.369852733269794953e-02
-1.599365915007783315e+03 1.930170083357543263e+03 8.009676909526443467e+01 0.000000000000000000e+00 0.000000000000000000e+00 1.401915062568548365e-02
-1.994723637883431593e+02 1.621103914820668251e+03 3.213002503383430053e+01 0.000000000000000000e+00 0.000000000000000000e+00 -2.578997202483890305e-03
1.921152235568330013e+02 1.225038249476794363e+03 1.833793100522463604e+01 0.000000000000000000e+00 0.000000000000000000e+00 2.278572730178751726e-02
-1.202463865450195568e+00 1.460909308671963117e+03 2.554637796933780436e+01 0.000000000000000000e+00 0.000000000000000000e+00 2.185435508868494026e-02
1.944225386815088825e+02 1.618753718272152582e+03 3.200966432429901687e+01 0.000000000000000000e+00 0.000000000000000000e+00 2.387385436196609589e-02
-1.963826678326995250e+02 1.222125587901697145e+03 1.827370586158857435e+01 0.000000000000000000e+00 0.000000000000000000e+00 1.021960371289765135e-02
-1.207541098187355146e+03 1.614330051786250579e+03 5.096562700514496669e+01 0.000000000000000000e+00 0.000000000000000000e+00 -6.144240682217372296e-02
-1.601470649487770515e+03 1.617656718249567348e+03 6.609353262593613465e+01 0.000000000000000000e+00 0.000000000000000000e+00 -1.121040185351773744e-02
-1.209335523423723316e+03 1.220451136611380662e+03 3.716271451355504496e+01 0.000000000000000000e+00 0.000000000000000000e+00 -2.552862445789827461e-02
-1.596696753202706077e+03 1.218755541982506884e+03 5.165515674823545567e+01 0.000000000000000000e+00 0.000000000000000000e+00 -2.406148678105779481e-02
-1.401913866656605023e+03 1.457780097933627303e+03 5.180079549363225055e+01 0.000000000000000000e+00 0.000000000000000000e+00 -3.053682897144938124e-02
-5.089837871824822173e+02 3.038619697137440653e+03 1.193878788159309750e+02 0.000000000000000000e+00 0.000000000000000000e+00 -2.301723018760526429e-03
-9.034048758124978349e+02 3.042227582681916829e+03 1.275789297258477433e+02 0.000000000000000000e+00 0.000000000000000000e+00 -4.384984102030387021e-02
-7.059701675139137933e+02 2.883095415972386036e+03 1.107035937939050285e+02 0.000000000000000000e+00 0.000000000000000000e+00 -4.115497971264403532e-02
-5.125259914630871663e+02 2.647185429016006310e+03 9.045706014143326001e+01 0.000000000000000000e+00 0.000000000000000000e+00 -5.820822695525862400e-02
-8.992189339181071546e+02 2.644432671880188082e+03 9.789313287940551334e+01 0.000000000000000000e+00 0.000000000000000000e+00 -2.728656148370589563e-02
-1.910975560990469376e+03 2.324361250230314454e+03 1.169471547683920960e+02 0.000000000000000000e+00 0.000000000000000000e+00 -5.889885955994600408e-03
-2.108292346150527010e+03 2.168823128846382133e+03 1.188758300911951409e+02 0.000000000000000000e+00 0.000000000000000000e+00 -2.494198464309249630e-02
-2.302568578056560909e+03 1.930356974038664930e+03 1.179992697936389590e+02 0.000000000000000000e+00 0.000000000000000000e+00 3.409270222904581260e-02
-1.915967674497109556e+03 1.931680802647746987e+03 9.548670192436074444e+01 0.000000000000000000e+00 0.000000000000000000e+00 4.288171939212759298e-02
-1.908534846558107120e+03 1.613481189272517895e+03 8.059820715398787172e+01 0.000000000000000000e+00 0.000000000000000000e+00 -5.417309481018151018e-03
-2.303042604547301835e+03 1.616941191731021036e+03 1.035088091441315186e+02 0.000000000000000000e+00 0.000000000000000000e+00 6.664245524710565860e-02
-2.105195890433174100e+03 1.458050001913927417e+03 8.524396180646539278e+01 0.000000000000000000e+00 0.000000000000000000e+00 2.849487012002782649e-02
-2.297848777170450376e+03 1.218634761883247165e+03 8.852280657640731931e+01 0.000000000000000000e+00 0.000000000000000000e+00 2.964273481961754442e-02
-1.912645695729023146e+03 1.220967825924581575e+03 6.663733497808831885e+01 0.000000000000000000e+00 0.000000000000000000e+00 7.636592901434369196e-04
-2.610015803470083029e+03 1.612858335798100597e+03 1.241508003943703216e+02 0.000000000000000000e+00 0.000000000000000000e+00 9.633297938785290171e-02
-2.805677734616081125e+03 1.456361958250871339e+03 1.324494871385473687e+02 0.000000000000000000e+00 0.000000000000000000e+00 7.569143636632702510e-02
-2.613178951915633661e+03 1.220402958012895169e+03 1.097030001323543331e+02 0.000000000000000000e+00 0.000000000000000000e+00 4.910620821169686678e-02
-3.003758764785136918e+03 1.615225903525447166e+03 1.550165289303818668e+02 0.000000000000000000e+00 0.000000000000000000e+00 4.678182887880666385e-02
-2.999818880585442912e+03 1.216103201229351271e+03 1.394246702777836617e+02 0.000000000000000000e+00 0.000000000000000000e+00 5.166960163717249088e-02
-3.002330644908714930e+03 9.046774260256989919e+02 1.306462607983728219e+02 0.000000000000000000e+00 0.000000000000000000e+00 9.289724147620859185e-02
-2.805415772949482289e+03 7.452128121513251244e+02 1.114277539874256320e+02 0.000000000000000000e+00 0.000000000000000000e+00 4.395571660761277144e-02
-2.609185734769874671e+03 9.027743123178950100e+02 1.004931672479766576e+02 0.000000000000000000e+00 0.000000000000000000e+00 -5.032127531123364861e-03
-2.998146278417534177e+03 5.055789509724062327e+02 1.224324048389860025e+02 0.000000000000000000e+00 0.000000000000000000e+00 6.725838370289238810e-02
-2.613775641094301136e+03 5.081342013869630705e+02 9.330355152624026971e+01 0.000000000000000000e+00 0.000000000000000000e+00 2.714038084967285158e-02
2.297312236560610927e+03 -1.923811039316989309e+02 6.887771259602266127e+01 0.000000000000000000e+00 0.000000000000000000e+00 -2.760407534672992824e-02
1.910655585959995960e+03 -1.966119648458033851e+02 4.757474986212820767e+01 0.000000000000000000e+00 0.000000000000000000e+00 -1.286068415789998198e-02
2.298760457327519816e+03 2.004250399931741811e+02 6.953295234215288190e+01 0.000000000000000000e+00 0.000000000000000000e+00 -3.982447469411454222e-02
1.905294097942336066e+03 2.027101435178901170e+02 4.771536890269585740e+01 0.000000000000000000e+00 0.000000000000000000e+00 1.289395289779804443e-02
2.103393280702459833e+03 4.359431507350330293e+01 5.752526169468866613e+01 0.000000000000000000e+00 0.000000000000000000e+00 -2.114431615393641550e-02
1.209010912503911868e+03 -1.973187977520223626e+02 1.920195644477707475e+01 0.000000000000000000e+00 0.000000000000000000e+00 -4.103089941881776781e-02
1.596069569716159776e+03 -1.952150638337839439e+02 3.322492783217483492e+01 0.000000000000000000e+00 0.000000000000000000e+00 -3.879557594544991161e-02
1.598529785788177378e+03 1.983855211820338980e+02 3.360862576224892706e+01 0.000000000000000000e+00 0.000000000000000000e+00 -1.089446051157949569e-02
1.204314568845068379e+03 2.011053930228879949e+02 1.923079949744836625e+01 0.000000000000000000e+00 0.000000000000000000e+00 -1.854588213291208376e-02
1.402667126312888968e+03 4.141496308156257555e+01 2.541832982131958829e+01 0.000000000000000000e+00 0.000000000000000000e+00 -1.362953235712183186e-02
2.995593151316674721e+03 5.168308493607013361e+02 1.223910236642869052e+02 0.000000000000000000e+00 0.000000000000000000e+00 2.513883976473607618e-02
2.609834836149480452e+03 5.164849742079542239e+02 9.314534090722719384e+01 0.000000000000000000e+00 0.000000000000000000e+00 3.063151661521601454e-03
2.803602591388224937e+03 7.553448436647297513e+02 1.114971731603082787e+02 0.000000000000000000e+00 0.000000000000000000e+00 2.952062874564376216e-02
2.998890990907887044e+03 9.110676145757639688e+02 1.305221402751846824e+02 0.000000000000000000e+00 0.000000000000000000e+00 4.691445342675137908e-02
2.605694734455656089e+03 9.148395133934620844e+02 1.005376101370701889e+02 0.000000000000000000e+00 0.000000000000000000e+00 5.272716993417247977e-02
2.294933628032369597e+03 5.173404185950975034e+02 7.246523542353058644e+01 0.000000000000000000e+00 0.000000000000000000e+00 8.794690845981278926e-02
1.909119157029149164e+03 5.155378268871531873e+02 5.088548095598857657e+01 0.000000000000000000e+00 0.000000000000000000e+00 -1.626014947795084709e-02
2.101977788489347404e+03 7.557610068025048804e+02 6.511021982020474752e+01 0.000000000000000000e+00 0.000000000000000000e+00 -1.708800759800510605e-03
2.297341868507024628e+03 9.117654514929784000e+02 8.001348067474457082e+01 0.000000000000000000e+00 0.000000000000000000e+00 1.054456547876725381e-03
1.903525079507555802e+03 9.143158405700618232e+02 5.786790539761575047e+01 0.000000000000000000e+00 0.000000000000000000e+00 3.976176410574794318e-03
1.594745218299865655e+03 5.162265248823740649e+02 3.635824451612601393e+01 0.000000000000000000e+00 0.000000000000000000e+00 2.155023803041444808e-03
1.208269808305970628e+03 5.145006167937955297e+02 2.212137370345365639e+01 0.000000000000000000e+00 0.000000000000000000e+00 -7.925828069993201552e-03
1.401420044946146618e+03 7.531162661397041802e+02 3.245977786551402744e+01 0.000000000000000000e+00 0.000000000000000000e+00 -6.464386632643481789e-03
1.597744718701323563e+03 9.096679475864895039e+02 4.348773952168107826e+01 0.000000000000000000e+00 0.000000000000000000e+00 -2.948537451124622066e-02
1.203588252257012527e+03 9.125175081147150422e+02 2.891054312288397909e+01 0.000000000000000000e+00 0.000000000000000000e+00 1.428364983571484004e-02
2.994664582251228239e+03 1.230394337438237017e+03 1.394704574612028694e+02 0.000000000000000000e+00 0.000000000000000000e+00 -1.090507998245016097e-02
2.608738093014815149e+03 1.228614706586871762e+03 1.096509052522965959e+02 0.000000000000000000e+00 0.000000000000000000e+00 -7.523130371264130645e-02
2.803099394254731578e+03 1.465869524484496196e+03 1.326198334834794537e+02 0.000000000000000000e+00 0.000000000000000000e+00 2.489602398929946503e-02
2.997809454297966568e+03 1.622314479688905294e+03 1.548268858379260280e+02 0.000000000000000000e+00 0.000000000000000000e+00 -2.846498890818338623e-03
2.604775565328984612e+03 1.627366411727387685e+03 1.243934726661926788e+02 0.000000000000000000e+00 0.000000000000000000e+00 -2.399159173948817170e-02
2.294835921514241363e+03 1.228907546424781003e+03 8.866044477171395499e+01 0.000000000000000000e+00 0.000000000000000000e+00 5.061460362979630645e-02
1.908214599308633751e+03 1.225106827273503541e+03 6.653749910809963808e+01 0.000000000000000000e+00 0.000000000000000000e+00 -1.480629350811568656e-02
2.100577505922804903e+03 1.466462913050125962e+03 8.529548400198193292e+01 0.000000000000000000e+00 0.000000000000000000e+00 2.455448722380992876e-02
2.295347375708293839e+03 1.622294977227519439e+03 1.032477652065160498e+02 0.000000000000000000e+00 0.000000000000000000e+00 1.327221449834325995e-02
1.902458306108596616e+03 1.625029877535347623e+03 8.076050877200047751e+01 0.000000000000000000e+00 0.000000000000000000e+00 -4.160006862390730475e-02
5.065365463961680916e+02 5.127809288875513403e+02 6.404894659526018330e+00 0.000000000000000000e+00 0.000000000000000000e+00 -2.967350150313130541e-03
6.991783179896590354e+02 7.517280713718204197e+02 1.303550783598606166e+01 0.000000000000000000e+00 0.000000000000000000e+00 2.692435140796156645e-02
8.954631304195991106e+02 9.087750497051749790e+02 2.028880983847330555e+01 0.000000000000000000e+00 0.000000000000000000e+00 1.952001856087548504e-02
5.015265211210924008e+02 9.123202761267643837e+02 1.312281529542673297e+01 0.000000000000000000e+00 0.000000000000000000e+00 5.589720030714673271e-03
8.937009273960427436e+02 5.163808307430124387e+02 1.350792644614242555e+01 0.000000000000000000e+00 0.000000000000000000e+00 2.355934301009554588e-03
-7.002898522997874124e+02 3.681346921753841883e+01 6.319889959610058838e+00 0.000000000000000000e+00 0.000000000000000000e+00 -2.045452217694254671e-03
-5.037175009540700898e+02 1.931833742521178294e+02 3.703612887163752365e+00 0.000000000000000000e+00 0.000000000000000000e+00 5.595006950093850406e-03
-8.983980696485341468e+02 1.970657612078889827e+02 1.087180618222392070e+01 0.000000000000000000e+00 0.000000000000000000e+00 -2.164857748306125984e-02
-8.936222195600138321e+02 -2.016707056667042082e+02 1.069326645016886879e+01 0.000000000000000000e+00 0.000000000000000000e+00 -1.869578215250911057e-02
-5.072895436805753206e+02 -2.005049460156273256e+02 3.752490060390248683e+00 0.000000000000000000e+00 0.000000000000000000e+00 1.668317609493419340e-02
1.917586157034206167e+02 5.128212899938976079e+02 3.549179521612196631e+00 0.000000000000000000e+00 0.000000000000000000e+00 1.070951919944063135e-02
-1.966441316642158483e+02 5.100352358506082169e+02 3.540298062731270790e+00 0.000000000000000000e+00 0.000000000000000000e+00 1.538955881741799203e-03
-1.497566474131432956e+00 7.499092742256864312e+02 6.606708436575796206e+00 0.000000000000000000e+00 0.000000000000000000e+00 3.558382394723480502e-02
1.944918297477921385e+02 9.061754697894515402e+02 1.018173952788885472e+01 0.000000000000000000e+00 0.000000000000000000e+00 2.548253496699892651e-02
-1.995918701584560893e+02 9.093787174149008479e+02 1.027756878571159582e+01 0.000000000000000000e+00 0.000000000000000000e+00 -4.344467148730046802e-03
1.593584626320687448e+03 1.227931077201539438e+03 5.180286378356434085e+01 0.000000000000000000e+00 0.000000000000000000e+00 -8.142579583534370613e-04
1.206459105013862654e+03 1.225121171296201737e+03 3.721082493142125713e+01 0.000000000000000000e+00 0.000000000000000000e+00 -2.326627074576492760e-02
1.400086127686815644e+03 1.464911504744595504e+03 5.199233180101928298e+01 0.000000000000000000e+00 0.000000000000000000e+00 1.624785989618260373e-02
1.595737123995921820e+03 1.620911043027060487e+03 6.597779893695233966e+01 0.000000000000000000e+00 0.000000000000000000e+00 2.377303335303793119e-02
1.201704439080766861e+03 1.625468141876215896e+03 5.122646428243346861e+01 0.000000000000000000e+00 0.000000000000000000e+00 -7.598748398962129613e-03
-5.073447021920159159e+02 5.118104598249877881e+02 6.403778577896556357e+00 0.000000000000000000e+00 0.000000000000000000e+00 -7.635346337517390225e-03
-8.942370053059937618e+02 5.090576232972109665e+02 1.343020894403791488e+01 0.000000000000000000e+00 0.000000000000000000e+00 -1.520242555499606851e-02
-7.002988986944760654e+02 7.487438358088058976e+02 1.300242096540581649e+01 0.000000000000000000e+00 0.000000000000000000e+00 -1.183435240511343522e-03
-8.990635146011595680e+02 9.080471804206907791e+02 2.035796397182683037e+01 0.000000000000000000e+00 0.000000000000000000e+00 5.913688220989143929e-03
-5.042711508518646610e+02 9.052227371496969681e+02 1.300447989019509620e+01 0.000000000000000000e+00 0.000000000000000000e+00 -4.895851133822404222e-03
8.912146389214300370e+02 1.225734362344842793e+03 2.841690011482020850e+01 0.000000000000000000e+00 0.000000000000000000e+00 1.259019916115988735e-02
5.044137977908579842e+02 1.224068157652525088e+03 2.119420214801118618e+01 0.000000000000000000e+00 0.000000000000000000e+00 1.067592894220936728e-02
6.981610680861684841e+02 1.463529003996474330e+03 3.215748062542457575e+01 0.000000000000000000e+00 0.000000000000000000e+00 2.560939734167533288e-02
8.947986415217824288e+02 1.619257906594205224e+03 4.229145779144790396e+01 0.000000000000000000e+00 0.000000000000000000e+00 5.769336904892696793e-02
5.008737556324082334e+02 1.622925341728202056e+03 3.503889473545670796e+01 0.000000000000000000e+00 0.000000000000000000e+00 -1.942610283656165393e-03
-1.209793845758128782e+03 5.098791715617683735e+02 2.211170429124972259e+01 0.000000000000000000e+00 0.000000000000000000e+00 -3.825312663977697980e-02
-1.595675427341878731e+03 5.074543507967390497e+02 3.628439818252319782e+01 0.000000000000000000e+00 0.000000000000000000e+00 -9.192663509296039592e-03
-1.207624798715245788e+03 9.045602128847705217e+02 2.886232032223215427e+01 0.000000000000000000e+00 0.000000000000000000e+00 -2.313371354198778818e-02
-1.403941233278597565e+03 7.473602355411841245e+02 3.244663816063832229e+01 0.000000000000000000e+00 0.000000000000000000e+00 -2.575667405687198652e-02
-1.601654655911745976e+03 9.068761188264046496e+02 4.359086046182244445e+01 0.000000000000000000e+00 0.000000000000000000e+00 -5.272064535404297203e-04
-5.098435458100153710e+02 1.225003646064672012e+03 2.129507765538889785e+01 0.000000000000000000e+00 0.000000000000000000e+00 -1.417478068899313826e-02
-8.977199905865942355e+02 1.221595658145031166e+03 2.844793274012049267e+01 0.000000000000000000e+00 0.000000000000000000e+00 -2.232473849365135266e-02
-7.035014607215390470e+02 1.460766132153476519e+03 3.215843631505413214e+01 0.000000000000000000e+00 0.000000000000000000e+00 -3.102599631058922114e-02
-5.059893894202555771e+02 1.615167780862958807e+03 3.479843011382541107e+01 0.000000000000000000e+00 0.000000000000000000e+00 -3.188780638073751561e-02
-9.009126283124327301e+02 1.619559664081407618e+03 4.245153106330258908e+01 0.000000000000000000e+00 0.000000000000000000e+00 -9.320665084480594942e-03
-1.968822188528824597e+02 1.993994046033498080e+02 9.605152371086375096e-01 0.000000000000000000e+00 0.000000000000000000e+00 -7.709531130003166588e-03
-1.940723639128194407e+02 -2.000201826893743942e+02 9.412372401252758758e-01 0.000000000000000000e+00 0.000000000000000000e+00 6.698196887944263267e-03
1.963601315320076708e+02 1.960971514678488745e+02 9.426545592179360611e-01 0.000000000000000000e+00 0.000000000000000000e+00 -1.454562999676334289e-02
-1.337043684957132106e-01 3.888746085247116469e+01 1.747347925108398356e-02 0.000000000000000000e+00 0.000000000000000000e+00 5.195031941267858056e-03
1.936056365939118677e+02 -1.972934274717872540e+02 9.265185817518447609e-01 0.000000000000000000e+00 0.000000000000000000e+00 1.880425831968624006e-02
-1.599708489166567460e+03 1.962831880564199878e+02 3.364667454009802583e+01 0.000000000000000000e+00 0.000000000000000000e+00 -3.694195684371948118e-02
-1.207360208180382642e+03 -1.986748420254289442e+02 1.915626107214415796e+01 0.000000000000000000e+00 0.000000000000000000e+00 1.252313789168368885e-02
-1.401875653311589531e+03 3.746755074153652032e+01 2.538382829052121181e+01 0.000000000000000000e+00 0.000000000000000000e+00 -1.205703256899326448e-02
-1.206499530309080228e+03 1.947136710778728172e+02 1.926708253840439866e+01 0.000000000000000000e+00 0.000000000000000000e+00 1.478679543989613876e-02
-1.594631873147694250e+03 -2.028587980882692534e+02 3.319584461727115610e+01 0.000000000000000000e+00 0.000000000000000000e+00 -1.836841237937392179e-02
5.025810017385375090e+02 2.018020893441791941e+02 3.729065615855891913e+00 0.000000000000000000e+00 0.000000000000000000e+00 3.087886256051941558e-03
8.972727108363748130e+02 1.981996728045821783e+02 1.085113437654119473e+01 0.000000000000000000e+00 0.000000000000000000e+00 -9.253544462243468161e-03
7.011160673681160915e+02 4.188303585662877282e+01 6.340090416514722271e+00 0.000000000000000000e+00 0.000000000000000000e+00 1.207278389721189171e-02
8.946486036462921447e+02 -1.951897360818871050e+02 1.068854952185596296e+01 0.000000000000000000e+00 0.000000000000000000e+00 -1.807161938753765185e-02
5.079070478642788089e+02 -1.980042029826791747e+02 3.749231461993907999e+00 0.000000000000000000e+00 0.000000000000000000e+00 2.272603633706271609e-02
-2.610039039732736910e+03 -2.029366071491287187e+02 8.919214111787394472e+01 0.000000000000000000e+00 0.000000000000000000e+00 2.238399882308783617e-02
-2.996073058685835349e+03 -2.069948838293753681e+02 1.180870194890975426e+02 0.000000000000000000e+00 0.000000000000000000e+00 8.880181233728023926e-02
-2.608086007621393492e+03 1.896169029242150827e+02 8.966278188118687353e+01 0.000000000000000000e+00 0.000000000000000000e+00 1.491411776751760954e-02
-2.802240490365926689e+03 3.284668323815022006e+01 1.030062487869555525e+02 0.000000000000000000e+00 0.000000000000000000e+00 1.640038456156389657e-02
-3.000885299312816642e+03 1.912367466172039485e+02 1.192727303225030084e+02 0.000000000000000000e+00 0.000000000000000000e+00 5.568218209172925981e-02
-2.296249713527871791e+03 -2.044600264912703835e+02 6.885415499294090580e+01 0.000000000000000000e+00 0.000000000000000000e+00 -1.702738697602512730e-02
-2.300280350368409927e+03 1.962289600606804640e+02 6.960002336357098329e+01 0.000000000000000000e+00 0.000000000000000000e+00 5.594458227407983486e-02
-1.906216194398019979e+03 1.917842203292412080e+02 4.770010655934490273e+01 0.000000000000000000e+00 0.000000000000000000e+00 6.344802665068982606e-03
-1.910344473643724768e+03 -2.019291330518229586e+02 4.757910327934413175e+01 0.000000000000000000e+00 0.000000000000000000e+00 -2.356336069555453605e-02
-2.102394397286362164e+03 3.505660353583244415e+01 5.745235311597029693e+01 0.000000000000000000e+00 0.000000000000000000e+00 2.907811571597562761e-02
-2.297054383724938816e+03 5.067180960597601143e+02 7.244932382854346997e+01 0.000000000000000000e+00 0.000000000000000000e+00 4.422571847049994176e-02
-2.103295938421903429e+03 7.455768445398308586e+02 6.498708563785218928e+01 0.000000000000000000e+00 0.000000000000000000e+00 1.837762549156707337e-02
-1.906480094594144475e+03 9.028410458240580283e+02 5.775404107720120095e+01 0.000000000000000000e+00 0.000000000000000000e+00 1.449541353444061542e-02
-2.300544361123511862e+03 9.053362066879820986e+02 8.005997776964669299e+01 0.000000000000000000e+00 0.000000000000000000e+00 4.591451617301345323e-02
-1.910588979416758775e+03 5.093238727988335768e+02 5.087752883120455039e+01 0.000000000000000000e+00 0.000000000000000000e+00 2.186864266064958429e-04
