# x y z x_res y_res z_res
1.211276676023754362e+03 -2.643408884512842178e+03 9.693363229285264993e+01 0.000000000000000000e+00 0.000000000000000000e+00 -7.984992805404544924e-03
1.604294947037806651e+03 -2.646988514471076087e+03 1.114007612700535077e+02 0.000000000000000000e+00 0.000000000000000000e+00 -1.849160179209263788e-02
1.600240548618328603e+03 -3.039044146907491722e+03 1.364712056966866669e+02 0.000000000000000000e+00 0.000000000000000000e+00 1.722745767517608328e-02
1.214110367901965901e+03 -3.041060887381415796e+03 1.225069148159039401e+02 0.000000000000000000e+00 0.000000000000000000e+00 -7.007580695187698439e-03
1.407977064992091982e+03 -2.802588355435815174e+03 1.133291466644329830e+02 0.000000000000000000e+00 0.000000000000000000e+00 -2.761284195443636236e-03
1.213049590801372005e+03 -2.330023217655613280e+03 7.950543320462674046e+01 0.000000000000000000e+00 0.000000000000000000e+00 2.509189390963229016e-03
1.600190670348319600e+03 -2.327322898521837487e+03 9.333097712871978047e+01 0.000000000000000000e+00 0.000000000000000000e+00 -2.195350577258636804e-02
1.209629523802139602e+03 -1.931729097296326472e+03 6.041733497901479666e+01 0.000000000000000000e+00 0.000000000000000000e+00 -6.293316959407491140e-03
1.407322033938823779e+03 -2.091167498883478402e+03 7.419104727016366496e+01 0.000000000000000000e+00 0.000000000000000000e+00 1.628789241190986559e-02
1.602866284267252468e+03 -1.934092014199773303e+03 7.465309857041698649e+01 0.000000000000000000e+00 0.000000000000000000e+00 1.357931162399950153e-02
1.914005134756399229e+03 -2.330184704412527026e+03 1.077227086003778282e+02 0.000000000000000000e+00 0.000000000000000000e+00 6.185308920819920786e-03
1.909700019916044766e+03 -1.931617124843035526e+03 8.841491588290270442e+01 0.000000000000000000e+00 0.000000000000000000e+00 1.285323338672128557e-02
2.107493501655816999e+03 -2.089602253433836268e+03 1.058421976668932274e+02 0.000000000000000000e+00 0.000000000000000000e+00 -1.704632068036460169e-02
2.300755483186209403e+03 -2.325565316176631313e+03 1.287121286686530084e+02 0.000000000000000000e+00 0.000000000000000000e+00 -9.427650415716470889e-04
2.302806537711279816e+03 -1.932310227760695170e+03 1.099367048427908458e+02 0.000000000000000000e+00 0.000000000000000000e+00 -6.129171110700326608e-03
1.405555932045934924e+03 -1.380012823602767412e+03 4.654236742034052554e+01 0.000000000000000000e+00 0.000000000000000000e+00 3.975151358991269035e-02
1.598505756932773238e+03 -1.615880007686746239e+03 6.184326007956138938e+01 0.000000000000000000e+00 0.000000000000000000e+00 1.258538694444411021e-02
1.212060501331658088e+03 -1.619942877766830861e+03 4.812562638825733785e+01 0.000000000000000000e+00 0.000000000000000000e+00 1.058417142440504222e-02
1.207500935015388905e+03 -1.220431246739691915e+03 3.531144565371080546e+01 0.000000000000000000e+00 0.000000000000000000e+00 2.067073754376735906e-02
1.601329205259173250e+03 -1.223658874398498710e+03 4.952977224818270940e+01 0.000000000000000000e+00 0.000000000000000000e+00 3.642011977242987086e-02
1.912710549659819435e+03 -1.618043767178214921e+03 7.610121529460663226e+01 0.000000000000000000e+00 0.000000000000000000e+00 1.750335731601637690e-02
2.297980845160109311e+03 -1.614926247922347784e+03 9.701493792557180029e+01 0.000000000000000000e+00 0.000000000000000000e+00 4.737386792911024713e-03
2.106425937246614012e+03 -1.378694318386128998e+03 7.815916567298880580e+01 0.000000000000000000e+00 0.000000000000000000e+00 -3.728897163499311773e-02
1.908450556273553275e+03 -1.219176131488303554e+03 6.326939818450994579e+01 0.000000000000000000e+00 0.000000000000000000e+00 2.751233080179105173e-02
2.301582703711782415e+03 -1.222316449111155407e+03 8.481435905336154235e+01 0.000000000000000000e+00 0.000000000000000000e+00 -5.597075030379983218e-03
-1.201632356236956184e+03 -3.043982955735428732e+03 1.223182454537699044e+02 0.000000000000000000e+00 0.000000000000000000e+00 -3.334309774028554330e-02
-1.395832240649752293e+03 -2.806913515772752817e+03 1.131632865999448114e+02 0.000000000000000000e+00 0.000000000000000000e+00 -1.686205887841651929e-02
-1.594570321173575167e+03 -2.647891055091311500e+03 1.110525670009945145e+02 0.000000000000000000e+00 0.000000000000000000e+00 -3.122629685820754730e-02
-1.200347424586717580e+03 -2.651343929752192707e+03 9.706751664956081527e+01 0.000000000000000000e+00 0.000000000000000000e+00 -4.303209986126432796e-02
-1.587924153567895473e+03 -3.047137224522904035e+03 1.365195527371392643e+02 0.000000000000000000e+00 0.000000000000000000e+00 -3.302896475011607436e-02
-5.035289696614610193e+02 -3.044557062828571816e+03 1.070241326630421810e+02 0.000000000000000000e+00 0.000000000000000000e+00 -1.236252886747024604e-02
-6.960097521458955043e+02 -2.808279955569857066e+03 9.443783258193037966e+01 0.000000000000000000e+00 0.000000000000000000e+00 -1.594475442885823213e-03
-8.923084463859167954e+02 -2.648604193558010593e+03 8.864906122593686177e+01 0.000000000000000000e+00 0.000000000000000000e+00 -4.762002242378571282e-02
-5.008085677377600859e+02 -2.651959425913731138e+03 8.189071540276438554e+01 0.000000000000000000e+00 0.000000000000000000e+00 -1.345491764057271666e-02
-8.893090449106268807e+02 -3.046269641959592263e+03 1.140485350042745978e+02 0.000000000000000000e+00 0.000000000000000000e+00 3.807875710776897904e-03
-8.895429185726867445e+02 -2.335063426975782932e+03 7.109536128977973135e+01 0.000000000000000000e+00 0.000000000000000000e+00 -2.848638486551635651e-02
-6.961823992399001781e+02 -2.095611949161857865e+03 5.535773881133906826e+01 0.000000000000000000e+00 0.000000000000000000e+00 4.507748020735391492e-03
-5.009139101925142654e+02 -1.939354608752419153e+03 4.536964360971960275e+01 0.000000000000000000e+00 0.000000000000000000e+00 -1.755207125082591801e-02
-8.941392357996360261e+02 -1.937470908508726325e+03 5.223156485604362587e+01 0.000000000000000000e+00 0.000000000000000000e+00 7.127969292703539850e-03
-5.026315135775129193e+02 -2.331480227588916478e+03 6.406780331582650945e+01 0.000000000000000000e+00 0.000000000000000000e+00 -1.415742214311421776e-02
-1.203767491499976586e+03 -2.334010777981449792e+03 7.942704551518686173e+01 0.000000000000000000e+00 0.000000000000000000e+00 -2.051945605677474305e-02
-1.595487438641615881e+03 -1.937938384744022414e+03 7.451714827472358138e+01 0.000000000000000000e+00 0.000000000000000000e+00 2.397146176278397434e-03
-1.201767829538512842e+03 -1.940915301168048018e+03 6.057334653393728274e+01 0.000000000000000000e+00 0.000000000000000000e+00 -3.309094325192774022e-02
-1.398442025256578290e+03 -2.096971920697616497e+03 7.414445093190438740e+01 0.000000000000000000e+00 0.000000000000000000e+00 -1.559143181874844686e-02
-1.590446786858703035e+03 -2.336778519163283818e+03 9.342633175433054760e+01 0.000000000000000000e+00 0.000000000000000000e+00 1.671239109681721402e-02
-1.905329262292426165e+03 -2.334935856126879116e+03 1.075430984976383542e+02 0.000000000000000000e+00 0.000000000000000000e+00 5.677651246963932863e-02
-1.902763275266889650e+03 -1.942319620070131577e+03 8.853842380242163301e+01 0.000000000000000000e+00 0.000000000000000000e+00 1.673787627660772159e-02
-2.098615968804829208e+03 -2.097770505010551460e+03 1.057421229366822786e+02 0.000000000000000000e+00 0.000000000000000000e+00 2.953711540978076755e-02
-2.295944452632866160e+03 -1.938112133201956340e+03 1.097776975615250876e+02 0.000000000000000000e+00 0.000000000000000000e+00 -1.237670165319570970e-02
-2.292470616127313406e+03 -2.336708851488346227e+03 1.288022807924854476e+02 0.000000000000000000e+00 0.000000000000000000e+00 -2.992923122948809578e-02
-2.299723570934885629e+03 -1.227755508164620323e+03 8.485071914204492316e+01 0.000000000000000000e+00 0.000000000000000000e+00 -6.422675272446554118e-03
-2.100849490118597714e+03 -1.387715452622286193e+03 7.813324479090486818e+01 0.000000000000000000e+00 0.000000000000000000e+00 -1.577331858021580047e-02
-2.293534982423806468e+03 -1.627910573293974267e+03 9.722023919513101475e+01 0.000000000000000000e+00 0.000000000000000000e+00 -7.097269277210216387e-03
-1.906981365897696833e+03 -1.624026588116492803e+03 7.603581306473843426e+01 0.000000000000000000e+00 0.000000000000000000e+00 4.783833215064703381e-02
-1.906594188126279732e+03 -1.230265965675951747e+03 6.348019314146896619e+01 0.000000000000000000e+00 0.000000000000000000e+00 -7.168555442021329327e-03
-2.605888095221121148e+03 -1.626105737806823299e+03 1.171779103277260674e+02 0.000000000000000000e+00 0.000000000000000000e+00 1.324639619001288793e-02
-2.799539900373296859e+03 -1.388261186121600986e+03 1.229660960937702043e+02 0.000000000000000000e+00 0.000000000000000000e+00 -1.867444048890831709e-02
-2.604266264147302536e+03 -1.232237541580708694e+03 1.045171605051904322e+02 0.000000000000000000e+00 0.000000000000000000e+00 -3.627065855209821166e-02
-2.996632741100884232e+03 -1.229240770299692940e+03 1.335045353783715143e+02 0.000000000000000000e+00 0.000000000000000000e+00 -2.755672534064501633e-02
-2.992050237794173427e+03 -1.628570137479498271e+03 1.458633008248362160e+02 0.000000000000000000e+00 0.000000000000000000e+00 2.604496183948867838e-02
-1.592002668984374395e+03 -1.625461694689067372e+03 6.192446617174044121e+01 0.000000000000000000e+00 0.000000000000000000e+00 -2.597293878837803049e-02
-1.204853360794828177e+03 -1.622865522384793167e+03 4.800987357487087337e+01 0.000000000000000000e+00 0.000000000000000000e+00 -2.522465930008621626e-02
-1.397690928462822058e+03 -1.385460867550817738e+03 4.642917098319565383e+01 0.000000000000000000e+00 0.000000000000000000e+00 -1.270325248790271644e-02
-1.202700529764588282e+03 -1.229035108398329839e+03 3.539963851690787777e+01 0.000000000000000000e+00 0.000000000000000000e+00 -6.384379334970446962e-02
-1.597136638391042197e+03 -1.226229419833545762e+03 4.942810374452931654e+01 0.000000000000000000e+00 0.000000000000000000e+00 2.207581739172326252e-02
-8.913081596714600892e+02 -1.624840171748475314e+03 3.973891338997771783e+01 0.000000000000000000e+00 0.000000000000000000e+00 2.505451446175754882e-02
-8.950664066680197948e+02 -1.224893145992951304e+03 2.708786412529989462e+01 0.000000000000000000e+00 0.000000000000000000e+00 -3.543109783461417805e-02
-5.034303697225179235e+02 -1.620159934948868340e+03 3.272876598931188141e+01 0.000000000000000000e+00 0.000000000000000000e+00 -3.743002538080020258e-03
-6.980138924353271932e+02 -1.386182400971020797e+03 2.782404003074615417e+01 0.000000000000000000e+00 0.000000000000000000e+00 2.777430935129387990e-03
-5.018500482333223545e+02 -1.227870983797045483e+03 2.021771718442821353e+01 0.000000000000000000e+00 0.000000000000000000e+00 -2.928470842994457257e-02
4.314801565440613551e+00 -2.093469112207483249e+03 4.912825704739394439e+01 0.000000000000000000e+00 0.000000000000000000e+00 9.901874369695917721e-03
-1.889305330714271918e+02 -2.334439310849819776e+03 6.147355259766068514e+01 0.000000000000000000e+00 0.000000000000000000e+00 -4.881971590684486273e-03
1.971940816060098314e+02 -2.330648471005983538e+03 6.131670635826273497e+01 0.000000000000000000e+00 0.000000000000000000e+00 -2.102055967622362687e-02
-1.925125305236615532e+02 -1.934672922684699643e+03 4.246743738175590011e+01 0.000000000000000000e+00 0.000000000000000000e+00 -4.439760730463149230e-03
2.007146798923217830e+02 -1.938368559969307853e+03 4.266765696045276002e+01 0.000000000000000000e+00 0.000000000000000000e+00 1.598800108335041159e-02
-1.931898070733972190e+02 -2.646578216773745680e+03 7.885525898099730568e+01 0.000000000000000000e+00 0.000000000000000000e+00 3.011045868419159888e-03
5.394109904865208804e+00 -2.804564546835529654e+03 8.801922037386056274e+01 0.000000000000000000e+00 0.000000000000000000e+00 -6.319589889059784582e-03
-1.874252196014682568e+02 -3.043410365259122500e+03 1.041451702747704076e+02 0.000000000000000000e+00 0.000000000000000000e+00 -5.877987654343996837e-03
1.985397193522014163e+02 -3.040489355037602309e+03 1.040002659106881708e+02 0.000000000000000000e+00 0.000000000000000000e+00 6.726086092911032210e-03
2.015159998789728775e+02 -2.648373566734873293e+03 7.900334846178196813e+01 0.000000000000000000e+00 0.000000000000000000e+00 3.782550277567509056e-02
8.981273848340224504e+02 -2.328872413313296875e+03 7.096787673672510266e+01 0.000000000000000000e+00 0.000000000000000000e+00 4.383978298534429996e-04
5.121262231982457251e+02 -2.331126177997682589e+03 6.417152590105658305e+01 0.000000000000000000e+00 0.000000000000000000e+00 -8.371016221360605414e-03
7.055187297723683741e+02 -2.091025268942420553e+03 5.530930349165954141e+01 0.000000000000000000e+00 0.000000000000000000e+00 1.576396348568920303e-02
5.081788882653908104e+02 -1.932846853688580495e+03 4.518131909735990348e+01 0.000000000000000000e+00 0.000000000000000000e+00 1.457799559023698066e-02
9.020043600042459957e+02 -1.935669942752297629e+03 5.233285962183989426e+01 0.000000000000000000e+00 0.000000000000000000e+00 2.973520692991371561e-02
-1.912873475683024935e+02 -1.622797982342745627e+03 3.008893743404253840e+01 0.000000000000000000e+00 0.000000000000000000e+00 -9.864032127762101254e-03
1.959273826117224644e+02 -1.620517296578954529e+03 3.002902109206481995e+01 0.000000000000000000e+00 0.000000000000000000e+00 1.068364931909115967e-02
3.512368665942361190e+00 -1.383832772250410471e+03 2.159999874057726643e+01 0.000000000000000000e+00 0.000000000000000000e+00 -1.781667535794184687e-02
-1.948081030554254767e+02 -1.223963769142868841e+03 1.740962570052686331e+01 0.000000000000000000e+00 0.000000000000000000e+00 -3.778907847332391157e-02
1.991933920145760908e+02 -1.227281346084134384e+03 1.752259138345767653e+01 0.000000000000000000e+00 0.000000000000000000e+00 -7.554034420859778720e-03
5.115001663065685875e+02 -1.620269994559889938e+03 3.283613263695803397e+01 0.000000000000000000e+00 0.000000000000000000e+00 3.285451475777989572e-02
8.959619688282640482e+02 -1.616482400589548661e+03 3.954184281147667690e+01 0.000000000000000000e+00 0.000000000000000000e+00 1.029118054816535732e-02
7.036873574071919393e+02 -1.379784074909562833e+03 2.772672107046206236e+01 0.000000000000000000e+00 0.000000000000000000e+00 -9.877729596791340327e-03
5.054116289275683016e+02 -1.221564945679795528e+03 2.008997480757294696e+01 0.000000000000000000e+00 0.000000000000000000e+00 1.735658446555987666e-02
8.995843431066149378e+02 -1.224030909523539094e+03 2.716703454880486746e+01 0.000000000000000000e+00 0.000000000000000000e+00 3.477536200659869792e-02
-5.055829887893596606e+02 -9.100471057623208253e+02 1.263651592761403997e+01 0.000000000000000000e+00 0.000000000000000000e+00 -1.675594579182160260e-02
-6.988663879629247049e+02 -6.732627489288222478e+02 1.136760097097152489e+01 0.000000000000000000e+00 0.000000000000000000e+00 -2.203811001585975760e-02
-8.967835933262114168e+02 -5.136504558651770367e+02 1.325970773059576757e+01 0.000000000000000000e+00 0.000000000000000000e+00 -3.620875938000622796e-02
-5.025163097142593074e+02 -5.167091500443689256e+02 6.262370582265318397e+00 0.000000000000000000e+00 0.000000000000000000e+00 -4.385817992676699362e-02
-8.919371819634058056e+02 -9.125859974471885607e+02 1.953803413095910813e+01 0.000000000000000000e+00 0.000000000000000000e+00 -1.080454881678249990e-02
-1.915387331967876321e+02 -9.114360051122483810e+02 9.894186515320418707e+00 0.000000000000000000e+00 0.000000000000000000e+00 -2.622779693890109343e-02
1.941178603051519076e+02 -9.075669517151385435e+02 9.827449464375989763e+00 0.000000000000000000e+00 0.000000000000000000e+00 -6.496001213898594528e-03
1.582548319648708235e+00 -6.717006799953231848e+02 5.141820396767663226e+00 0.000000000000000000e+00 0.000000000000000000e+00 -3.301082606577310230e-02
-1.953513463819008962e+02 -5.123790693066034692e+02 3.485353848852367875e+00 0.000000000000000000e+00 0.000000000000000000e+00 -2.931860013134857113e-02
1.988797701896016292e+02 -5.163030031697702498e+02 3.548918860982556378e+00 0.000000000000000000e+00 0.000000000000000000e+00 -5.688633563331979559e-02
5.095289586111315430e+02 -9.086231564246971857e+02 1.265810038004052451e+01 0.000000000000000000e+00 0.000000000000000000e+00 -1.415586656630019036e-02
8.958839140966598507e+02 -9.061451951359279064e+02 1.949628024217131639e+01 0.000000000000000000e+00 0.000000000000000000e+00 6.494941593864211882e-04
7.024249668724924049e+02 -6.688752496526253708e+02 1.136464896809036418e+01 0.000000000000000000e+00 0.000000000000000000e+00 -1.364720663462648531e-02
8.983857393277221490e+02 -5.124693767629754575e+02 1.328282775727618237e+01 0.000000000000000000e+00 0.000000000000000000e+00 1.027120717728458033e-02
5.035253184213638065e+02 -5.100304793295292143e+02 6.197613810708664239e+00 0.000000000000000000e+00 0.000000000000000000e+00 -1.540699836644066067e-03
1.598384533787565033e+03 -9.055066976794606717e+02 4.186901965609477116e+01 0.000000000000000000e+00 0.000000000000000000e+00 1.699290991098934001e-02
1.405558060342361841e+03 -6.692722456045516992e+02 3.030445227619182091e+01 0.000000000000000000e+00 0.000000000000000000e+00 1.528982596441252895e-02
1.212270707912575517e+03 -9.094025743581482857e+02 2.805562310123044867e+01 0.000000000000000000e+00 0.000000000000000000e+00 -4.858761771320274647e-03
1.206922585183965339e+03 -5.106469119579227254e+02 2.157232287217578204e+01 0.000000000000000000e+00 0.000000000000000000e+00 1.387933507821514922e-02
1.600828644178415971e+03 -5.122977293253420612e+02 3.581321518479144572e+01 0.000000000000000000e+00 0.000000000000000000e+00 9.035807178889854185e-04
2.614281382987852339e+03 -1.617773830581776565e+03 1.174510363759103200e+02 0.000000000000000000e+00 0.000000000000000000e+00 -5.342700887820228672e-02
2.998747832116890095e+03 -1.614236869477403161e+03 1.458755375704625692e+02 0.000000000000000000e+00 0.000000000000000000e+00 -1.409782181980290261e-03
2.610866260835684443e+03 -1.218453680170603775e+03 1.045957235747841594e+02 0.000000000000000000e+00 0.000000000000000000e+00 -1.087447279147113477e-02
2.807068059065344642e+03 -1.378069013716947211e+03 1.232104470207313938e+02 0.000000000000000000e+00 0.000000000000000000e+00 1.083621888909647168e-02
3.003213409043865340e+03 -1.222198320147934510e+03 1.338395536753127431e+02 0.000000000000000000e+00 0.000000000000000000e+00 -9.435658230216859010e-03
1.911885147041826485e+03 -9.065047649119810558e+02 5.606879917734144669e+01 0.000000000000000000e+00 0.000000000000000000e+00 2.731511220524396322e-03
2.299317551313606145e+03 -9.034398538817264352e+02 7.720086266201938940e+01 0.000000000000000000e+00 0.000000000000000000e+00 -1.453275548013266416e-02
2.301620866557536829e+03 -5.109305440458460339e+02 7.135643939107151823e+01 0.000000000000000000e+00 0.000000000000000000e+00 -1.133248946702281046e-02
2.106329876637354118e+03 -6.676392886246688931e+02 6.208497768883221823e+01 0.000000000000000000e+00 0.000000000000000000e+00 -1.382360034796192849e-03
1.908289169996544615e+03 -5.079618050384411845e+02 4.972756238233674964e+01 0.000000000000000000e+00 0.000000000000000000e+00 -6.763256597444922136e-03
2.610890536401544068e+03 -9.051796725789837410e+02 9.729087090301457863e+01 0.000000000000000000e+00 0.000000000000000000e+00 -2.444783016156293343e-02
2.805170035718694180e+03 -6.667637431618645678e+02 1.071855700311427455e+02 0.000000000000000000e+00 0.000000000000000000e+00 2.389143545651961631e-02
3.001082022761217104e+03 -5.101430372080018287e+02 1.204532654820719841e+02 0.000000000000000000e+00 0.000000000000000000e+00 -2.553112100599719270e-03
2.607281707704012206e+03 -5.065693213681443581e+02 9.105482784900533488e+01 0.000000000000000000e+00 0.000000000000000000e+00 3.072833414273645758e-02
2.997071452371026226e+03 -9.027457493878857804e+02 1.259342138113381964e+02 0.000000000000000000e+00 0.000000000000000000e+00 4.824886528487581927e-02
-1.206226979864832629e+03 -9.128339635233637637e+02 2.793901587405830966e+01 0.000000000000000000e+00 0.000000000000000000e+00 -4.618674500429520435e-02
-1.400322641175303715e+03 -6.752781990497001061e+02 3.020559519811659754e+01 0.000000000000000000e+00 0.000000000000000000e+00 7.506652929016865983e-04
-1.203456743939041189e+03 -5.188503226695889907e+02 2.155907602889413255e+01 0.000000000000000000e+00 0.000000000000000000e+00 -7.030155799706960806e-02
-1.594344283346694965e+03 -9.145359441779443159e+02 4.188589986284012667e+01 0.000000000000000000e+00 0.000000000000000000e+00 -1.924424990904327615e-02
-1.598465036692239210e+03 -5.156860970522558318e+02 3.575369065628016330e+01 0.000000000000000000e+00 0.000000000000000000e+00 -1.983901529552412057e-02
8.992440231516562790e+02 -3.039671825877899209e+03 1.138243184932029806e+02 0.000000000000000000e+00 0.000000000000000000e+00 2.451841563527068502e-03
5.125729852933418442e+02 -3.043111943086938027e+03 1.070430122652836218e+02 0.000000000000000000e+00 0.000000000000000000e+00 4.115854028337651016e-02
9.018382520718492970e+02 -2.647212365754368875e+03 8.878492423655649191e+01 0.000000000000000000e+00 0.000000000000000000e+00 2.706420002850506989e-02
5.087492165277016625e+02 -2.645043953774447345e+03 8.158285612846310642e+01 0.000000000000000000e+00 0.000000000000000000e+00 3.892333511763013121e-02
7.066309864708521218e+02 -2.803747183999740628e+03 9.434284724564700753e+01 0.000000000000000000e+00 0.000000000000000000e+00 2.519830199588568576e-02
-2.608838130935808294e+03 -9.136517028900241257e+02 9.731737434439519063e+01 0.000000000000000000e+00 0.000000000000000000e+00 7.624194405674700192e-02
-2.802247985434191833e+03 -6.776738213906049850e+02 1.071220398061844321e+02 0.000000000000000000e+00 0.000000000000000000e+00 1.926292522263395313e-02
-2.607512590159404681e+03 -5.202009358007748006e+02 9.121400626194738948e+01 0.000000000000000000e+00 0.000000000000000000e+00 3.656131595629119602e-02
-3.000061001647426110e+03 -5.179982297003856502e+02 1.204514503526246614e+02 0.000000000000000000e+00 0.000000000000000000e+00 3.451455726292351756e-03
-2.995241826787600530e+03 -9.163113477424710709e+02 1.260539346368442182e+02 0.000000000000000000e+00 0.000000000000000000e+00 -1.684938511893108171e-02
-2.295480099585537118e+03 -9.135650567532022706e+02 7.717222894162236457e+01 0.000000000000000000e+00 0.000000000000000000e+00 6.359847747965829967e-02
-1.908766145244386053e+03 -9.120223133904770521e+02 5.602555232749566017e+01 0.000000000000000000e+00 0.000000000000000000e+00 2.904719111438680557e-02
-2.101655552825568975e+03 -6.739947442606377308e+02 6.192129592728404930e+01 0.000000000000000000e+00 0.000000000000000000e+00 2.291345056493554466e-02
-2.299845878141399680e+03 -5.150302588498644809e+02 7.129344141714130956e+01 0.000000000000000000e+00 0.000000000000000000e+00 8.067085218284830717e-02
-1.906182645520583947e+03 -5.179273051024919141e+02 4.973298765984164760e+01 0.000000000000000000e+00 0.000000000000000000e+00 1.586766647523774054e-02
2.996569927142934375e+03 -1.923100754454769685e+02 1.180879458827246680e+02 0.000000000000000000e+00 0.000000000000000000e+00 -1.218768230471312108e-02
2.611235650238791550e+03 -1.948651160175353425e+02 8.925032877885759319e+01 0.000000000000000000e+00 0.000000000000000000e+00 -6.649434170256540710e-03
2.804504139331034366e+03 4.535436375469916470e+01 1.032123133680195934e+02 0.000000000000000000e+00 0.000000000000000000e+00 1.139722917665153545e-02
2.999517638779610934e+03 2.007577458729192585e+02 1.192283720884974514e+02 0.000000000000000000e+00 0.000000000000000000e+00 -2.745141481463519995e-02
2.607406112319668409e+03 2.044056927206383421e+02 8.971093827491874606e+01 0.000000000000000000e+00 0.000000000000000000e+00 -1.115955147808733727e-02
2.995374777830216772e+03 5.163406801330665985e+02 1.223659117542724886e+02 0.000000000000000000e+00 0.000000000000000000e+00 -3.517186955681950167e-02
2.609598288367340501e+03 5.160497444570346488e+02 9.312251126068916562e+01 0.000000000000000000e+00 0.000000000000000000e+00 -4.706708130001402424e-03
2.803410800366296826e+03 7.548361559312221516e+02 1.114720676108743760e+02 0.000000000000000000e+00 0.000000000000000000e+00 -2.907164758551061823e-02
2.605539930295739850e+03 9.143879236531709012e+02 1.005156784282998075e+02 0.000000000000000000e+00 0.000000000000000000e+00 9.290731172868049725e-03
2.998746128564843275e+03 9.105244643999459413e+02 1.304966584488037427e+02 0.000000000000000000e+00 0.000000000000000000e+00 -4.401851754371932657e-02
2.103121521173457495e+03 4.325214297040614042e+01 5.750948329257437308e+01 0.000000000000000000e+00 0.000000000000000000e+00 -5.273477515224556100e-03
2.298495792580407397e+03 2.000519817796388793e+02 6.951453328211108840e+01 0.000000000000000000e+00 0.000000000000000000e+00 -9.903408967247173678e-03
2.296992406046229917e+03 -1.927366146601079606e+02 6.885952153773332896e+01 0.000000000000000000e+00 0.000000000000000000e+00 -3.022564894388324319e-02
1.905055464689031169e+03 2.023962308307789613e+02 4.770161596721742114e+01 0.000000000000000000e+00 0.000000000000000000e+00 1.155340930357340312e-02
1.910381342311336766e+03 -1.968915815403607610e+02 4.756211018801710111e+01 0.000000000000000000e+00 0.000000000000000000e+00 6.276295183617719431e-03
2.297212933563691422e+03 9.113224412388017299e+02 7.999499644680567201e+01 0.000000000000000000e+00 0.000000000000000000e+00 -8.797685270522492829e-03
1.903426835410534068e+03 9.139252605819918926e+02 5.785385392539173921e+01 0.000000000000000000e+00 0.000000000000000000e+00 7.135158581967004920e-03
2.294727360478605533e+03 5.169328419745810379e+02 7.244695486425582942e+01 0.000000000000000000e+00 0.000000000000000000e+00 5.706210299345571002e-02
1.908925904337199199e+03 5.151755618150308464e+02 5.087089598379436239e+01 0.000000000000000000e+00 0.000000000000000000e+00 -4.899541462386025614e-03
2.101813936938886400e+03 7.553461316518992135e+02 6.509293017647009094e+01 0.000000000000000000e+00 0.000000000000000000e+00 1.565659746945868847e-02
2.608646352502143600e+03 1.228128641208458248e+03 1.096285945921936786e+02 0.000000000000000000e+00 0.000000000000000000e+00 -1.247328332773491866e-01
2.604748598354670776e+03 1.626818139615568271e+03 1.243679528770339857e+02 0.000000000000000000e+00 0.000000000000000000e+00 -7.067805222618517291e-02
2.803056390104100501e+03 1.465323414468581177e+03 1.325951395671289674e+02 0.000000000000000000e+00 0.000000000000000000e+00 -1.855361461537086143e-03
2.994573826435101637e+03 1.229807240754266786e+03 1.394434000978269808e+02 0.000000000000000000e+00 0.000000000000000000e+00 -9.135917388516645588e-02
2.997727215076320590e+03 1.621695314391473858e+03 1.547928780582054458e+02 0.000000000000000000e+00 0.000000000000000000e+00 -1.004665872381735880e-01
1.908175306665719063e+03 1.224690206953624511e+03 6.652252217181960248e+01 0.000000000000000000e+00 0.000000000000000000e+00 -3.411826580389742958e-03
2.100555528870356738e+03 1.466000210564590361e+03 8.527677961557431274e+01 0.000000000000000000e+00 0.000000000000000000e+00 4.338406459210375488e-02
2.295323827601663652e+03 1.621779523913556886e+03 1.032245199439296357e+02 0.000000000000000000e+00 0.000000000000000000e+00 -3.593349743704266075e-02
1.902462724267801605e+03 1.624542293012947539e+03 8.074046930666231958e+01 0.000000000000000000e+00 0.000000000000000000e+00 -1.821366827350345829e-02
2.294784052227427310e+03 1.228463915232934369e+03 8.864308741574814121e+01 0.000000000000000000e+00 0.000000000000000000e+00 3.659934362656258600e-02
1.593548570550156228e+03 1.227565078761374480e+03 5.179007599464773648e+01 0.000000000000000000e+00 0.000000000000000000e+00 1.623277948172585639e-02
1.595753143078035691e+03 1.620467777702568128e+03 6.596032411698966769e+01 0.000000000000000000e+00 0.000000000000000000e+00 4.028942001667701334e-03
1.400089005774768339e+03 1.464521852569642988e+03 5.197816959139900916e+01 0.000000000000000000e+00 0.000000000000000000e+00 2.835070805385697668e-02
1.201754477218617694e+03 1.625134805364594968e+03 5.121454910956626350e+01 0.000000000000000000e+00 0.000000000000000000e+00 3.443642346361031059e-02
1.206465452325620618e+03 1.224796591386748560e+03 3.720122207684114812e+01 0.000000000000000000e+00 0.000000000000000000e+00 3.931631764105247839e-02
1.906780615533904665e+03 1.937667957761376329e+03 9.530134977750648773e+01 0.000000000000000000e+00 0.000000000000000000e+00 2.427263762353959464e-02
1.900164410395942014e+03 2.335776357194361935e+03 1.170670034810885767e+02 0.000000000000000000e+00 0.000000000000000000e+00 -8.148219902906816969e-03
2.293088340660245194e+03 1.940924976546472180e+03 1.179301331271649218e+02 0.000000000000000000e+00 0.000000000000000000e+00 -1.242740691633059669e-02
2.099172760037974967e+03 2.176391846427271048e+03 1.187712266839066473e+02 0.000000000000000000e+00 0.000000000000000000e+00 -1.894043829987879235e-02
2.294628071967082633e+03 2.332835955134958567e+03 1.401118943006685242e+02 0.000000000000000000e+00 0.000000000000000000e+00 -2.266464511103549739e-02
1.203330486124842309e+03 1.937258519740704969e+03 6.524527357375995962e+01 0.000000000000000000e+00 0.000000000000000000e+00 1.244351476204030860e-02
1.589460213160433568e+03 1.939208857769993074e+03 8.011005666764623356e+01 0.000000000000000000e+00 0.000000000000000000e+00 2.032511290403249404e-02
1.396311341923869804e+03 2.175617418595184972e+03 8.462192169416981358e+01 0.000000000000000000e+00 0.000000000000000000e+00 -6.396895732308394145e-03
1.198121471551869490e+03 2.334791580269243241e+03 8.672541159178494752e+01 0.000000000000000000e+00 0.000000000000000000e+00 5.328895151848200840e-04
1.591965095576676276e+03 2.331447386896798434e+03 1.017856227887309757e+02 0.000000000000000000e+00 0.000000000000000000e+00 -1.653156439444103398e-02
8.889992347948885936e+02 1.936027233168541443e+03 5.621322969188003782e+01 0.000000000000000000e+00 0.000000000000000000e+00 4.909412314302130653e-02
5.023843604859451375e+02 1.935988989312905915e+03 4.889279073864803138e+01 0.000000000000000000e+00 0.000000000000000000e+00 3.739505226283768025e-02
4.983201665241915066e+02 2.333529076034059017e+03 7.024194175982475485e+01 0.000000000000000000e+00 0.000000000000000000e+00 2.350287888990010288e-02
6.960455689050138517e+02 2.173562896466885832e+03 6.434208215408003184e+01 0.000000000000000000e+00 0.000000000000000000e+00 1.536818129130779198e-02
8.923032848935030188e+02 2.328447759377051625e+03 7.750105687200640148e+01 0.000000000000000000e+00 0.000000000000000000e+00 -2.304761511510378114e-03
1.890061264018023053e+02 1.935877424880040053e+03 4.594459056021831600e+01 0.000000000000000000e+00 0.000000000000000000e+00 4.155086211196135082e-02
-3.368487501113965443e+00 2.172417585192367369e+03 5.764001315623608690e+01 0.000000000000000000e+00 0.000000000000000000e+00 8.149083636951104381e-03
-1.965240779075739397e+02 1.933411797490655317e+03 4.586496713057842101e+01 0.000000000000000000e+00 0.000000000000000000e+00 1.191674116247298798e-02
-2.021241303560556162e+02 2.331268671223926049e+03 6.724925178249038993e+01 0.000000000000000000e+00 0.000000000000000000e+00 -1.114569437018531062e-02
1.921134545007215593e+02 2.327957011101172156e+03 6.699903700003699214e+01 0.000000000000000000e+00 0.000000000000000000e+00 -9.294981095393950454e-03
1.597667450930574660e+03 9.093053070075982305e+02 4.347623690236516580e+01 0.000000000000000000e+00 0.000000000000000000e+00 9.923149925157304097e-03
1.594622890603495989e+03 5.159194430893779781e+02 3.634912712494104881e+01 0.000000000000000000e+00 0.000000000000000000e+00 2.041160440690248379e-03
1.208190568728767857e+03 5.142304774272759005e+02 2.211547062605975000e+01 0.000000000000000000e+00 0.000000000000000000e+00 4.232395954297984986e-02
1.401321329968008740e+03 7.528060919413325109e+02 3.245036653666223714e+01 0.000000000000000000e+00 0.000000000000000000e+00 5.133588795438015495e-02
1.203557418948735858e+03 9.122434329472247327e+02 2.890344213033121079e+01 0.000000000000000000e+00 0.000000000000000000e+00 6.173660436043348909e-02
-1.910482879403968582e+03 2.324356784448793860e+03 1.169205547341832698e+02 0.000000000000000000e+00 0.000000000000000000e+00 -4.326498580570614649e-02
-1.915515575950275888e+03 1.931683742578710508e+03 9.546295293999015996e+01 0.000000000000000000e+00 0.000000000000000000e+00 1.435288171079207586e-02
-2.107799128942295283e+03 2.168837149010069425e+03 1.188476083748540333e+02 0.000000000000000000e+00 0.000000000000000000e+00 -6.228109393791214643e-02
-2.302096335640598681e+03 1.930408190134973211e+03 1.179716482545140366e+02 0.000000000000000000e+00 0.000000000000000000e+00 -4.599048571725461443e-02
1.208814046852148067e+03 -1.975033236908094239e+02 1.919659609203592865e+01 0.000000000000000000e+00 0.000000000000000000e+00 -1.743339610400695960e-02
1.402522039438948696e+03 4.120999685468034102e+01 2.541274266822274441e+01 0.000000000000000000e+00 0.000000000000000000e+00 3.776863769599358989e-02
1.204215747943719407e+03 2.008986506266573144e+02 1.922665452308754297e+01 0.000000000000000000e+00 0.000000000000000000e+00 2.032404173447588391e-02
1.595839578799812671e+03 -1.954391389422193015e+02 3.321628258110734322e+01 0.000000000000000000e+00 0.000000000000000000e+00 6.148858052100081295e-03
1.598379173103989160e+03 1.981110809684128071e+02 3.360086803982910197e+01 0.000000000000000000e+00 0.000000000000000000e+00 4.074139820598077222e-02
8.945002657475166643e+02 -1.953617296249950641e+02 1.068588077238238654e+01 0.000000000000000000e+00 0.000000000000000000e+00 -4.121116232927235501e-02
7.010239084281251962e+02 4.175415705330524929e+01 6.338284809095785732e+00 0.000000000000000000e+00 0.000000000000000000e+00 7.342294905233082147e-03
8.971818148707852743e+02 1.980279181114143512e+02 1.084819198421117648e+01 0.000000000000000000e+00 0.000000000000000000e+00 4.233867076106179184e-03
5.078004736259522929e+02 -1.980748381549420571e+02 3.748162994454554475e+00 0.000000000000000000e+00 0.000000000000000000e+00 5.219751212350853820e-03
5.025159506102219780e+02 2.016982533015471688e+02 3.727727247782886888e+00 0.000000000000000000e+00 0.000000000000000000e+00 1.263602264803909137e-02
8.936616993541936154e+02 5.161657951311301531e+02 1.350434478431305685e+01 0.000000000000000000e+00 0.000000000000000000e+00 -6.261903288606873730e-04
5.065473427322340854e+02 5.126306432679353975e+02 6.403212851769516156e+00 0.000000000000000000e+00 0.000000000000000000e+00 3.013217841171034195e-02
8.955037924280088646e+02 9.085394474487662819e+02 2.028458849908961881e+01 0.000000000000000000e+00 0.000000000000000000e+00 3.394829361964823988e-02
6.992022454258652715e+02 7.515353334742608240e+02 1.303247585437859257e+01 0.000000000000000000e+00 0.000000000000000000e+00 2.847876221696843402e-02
5.015895925164664391e+02 9.121183451328694218e+02 1.311923076331404836e+01 0.000000000000000000e+00 0.000000000000000000e+00 2.004303776431015649e-02
1.963346593198655796e+02 1.960092691057700165e+02 9.421242381352243900e-01 0.000000000000000000e+00 0.000000000000000000e+00 -3.187642841883109313e-03
-1.968202147705242169e+02 1.993772098037012199e+02 9.600975375903453291e-01 0.000000000000000000e+00 0.000000000000000000e+00 -3.104283431222054634e-02
-1.192474963046381981e-01 3.884961290254599930e+01 1.743942229240526276e-02 0.000000000000000000e+00 0.000000000000000000e+00 -7.784657348606227600e-03
1.935563889728562117e+02 -1.973253756138691131e+02 9.264192915347093660e-01 0.000000000000000000e+00 0.000000000000000000e+00 -1.245387066124425957e-03
-1.940872466480042817e+02 -2.000187459134947972e+02 9.413044814621115419e-01 0.000000000000000000e+00 0.000000000000000000e+00 -3.938755826914164260e-02
1.917806247612172115e+02 5.127358239186471565e+02 3.548258034207909972e+00 0.000000000000000000e+00 0.000000000000000000e+00 1.592225316908635335e-02
-1.965812767761593705e+02 5.099396885030103590e+02 3.538830694738132721e+00 0.000000000000000000e+00 0.000000000000000000e+00 -1.559359228431311806e-03
1.945935948256066013e+02 9.060229670746681450e+02 1.017895973909790541e+01 0.000000000000000000e+00 0.000000000000000000e+00 1.728857292181196215e-02
-1.402224100032321452e+00 7.498108256090778241e+02 6.604954034515875705e+00 0.000000000000000000e+00 0.000000000000000000e+00 2.184067530303224203e-02
-1.994432962136681908e+02 9.092720431291907062e+02 1.027447370291531392e+01 0.000000000000000000e+00 0.000000000000000000e+00 -2.824939349832256141e-02
8.912635955920458173e+02 1.225445125087947190e+03 2.840939561418259984e+01 0.000000000000000000e+00 0.000000000000000000e+00 7.386134076929806724e-02
5.044806846478714419e+02 1.223844852524069893e+03 2.118846654051387191e+01 0.000000000000000000e+00 0.000000000000000000e+00 6.673412358573216352e-03
8.949193631360517429e+02 1.618944270347714792e+03 4.228177041620524079e+01 0.000000000000000000e+00 0.000000000000000000e+00 2.278224622255464737e-02
6.982891734526216396e+02 1.463250799165111857e+03 3.214987332474652959e+01 0.000000000000000000e+00 0.000000000000000000e+00 4.308147687784469326e-02
5.010100574112684058e+02 1.622646419655444561e+03 3.502956818805422046e+01 0.000000000000000000e+00 0.000000000000000000e+00 1.003701614193630576e-02
1.922609085022291424e+02 1.224847486351078260e+03 1.833302105702987816e+01 0.000000000000000000e+00 0.000000000000000000e+00 5.110865948063647579e-02
1.946218810819627834e+02 1.618531833700595143e+03 3.200187163519396449e+01 0.000000000000000000e+00 0.000000000000000000e+00 3.545186090176599691e-02
-1.962168546958763500e+02 1.221973111878934787e+03 1.826833625587369170e+01 0.000000000000000000e+00 0.000000000000000000e+00 -3.473103464600058032e-02
-1.012964797851425125e+00 1.460741995943801840e+03 2.554040397224460435e+01 0.000000000000000000e+00 0.000000000000000000e+00 1.082447178160350632e-02
-1.992492607196063545e+02 1.620912220822484414e+03 3.212118631505109789e+01 0.000000000000000000e+00 0.000000000000000000e+00 2.706130095980086026e-03
-5.041190982236801688e+02 9.051623937623488700e+02 1.300115548621661254e+01 0.000000000000000000e+00 0.000000000000000000e+00 -4.449671887454265118e-02
-7.001376828104440619e+02 7.487463737299050308e+02 1.299950885268063949e+01 0.000000000000000000e+00 0.000000000000000000e+00 -3.134211981742041075e-02
-8.988325078654341951e+02 9.080324550612517669e+02 2.035216621686207716e+01 0.000000000000000000e+00 0.000000000000000000e+00 -1.622874508748495259e-02
-5.072377721672180542e+02 5.117931972826206675e+02 6.402158926437452102e+00 0.000000000000000000e+00 0.000000000000000000e+00 -3.246998565025016603e-02
-8.940853362377258691e+02 5.090762895670779358e+02 1.342690104066486434e+01 0.000000000000000000e+00 0.000000000000000000e+00 -2.116183348624645078e-02
-5.096384066986068433e+02 1.224873061691460862e+03 2.128842103701876454e+01 0.000000000000000000e+00 0.000000000000000000e+00 -2.015427470260888754e-02
-5.057334519167363851e+02 1.615025210879799715e+03 3.478927311918263854e+01 0.000000000000000000e+00 0.000000000000000000e+00 -2.829200585030378079e-02
-7.032338890930250273e+02 1.460663130620068387e+03 3.214970154697269322e+01 0.000000000000000000e+00 0.000000000000000000e+00 -2.845153860425142511e-02
-8.974917807668407477e+02 1.221547843821269453e+03 2.844105437425922034e+01 0.000000000000000000e+00 0.000000000000000000e+00 3.279069691121350161e-03
-9.006087911220382694e+02 1.619494261829021298e+03 4.244152644569099664e+01 0.000000000000000000e+00 0.000000000000000000e+00 -2.538971287969360446e-02
-5.110746893707244567e+02 1.933608305288565134e+03 4.889733678467652567e+01 0.000000000000000000e+00 0.000000000000000000e+00 -4.658485594305261657e-03
-7.040920142408215270e+02 2.170683741439985170e+03 6.433834306633045230e+01 0.000000000000000000e+00 0.000000000000000000e+00 -1.549571153148576741e-02
-8.985498284917127876e+02 1.932373996278975483e+03 5.626820981988348791e+01 0.000000000000000000e+00 0.000000000000000000e+00 -4.377909862092366211e-02
-5.071856908363499770e+02 2.326606880710899986e+03 6.995456414835446424e+01 0.000000000000000000e+00 0.000000000000000000e+00 -1.330532282601382121e-02
-9.017936085192123983e+02 2.330560414496835165e+03 7.786207776734448771e+01 0.000000000000000000e+00 0.000000000000000000e+00 -4.348388611683162708e-02
-1.403696907619406147e+03 7.474215500830059682e+02 3.243871437856323325e+01 0.000000000000000000e+00 0.000000000000000000e+00 1.823622142750025432e-02
-1.601339110045868665e+03 9.069752313511058901e+02 4.357966320194382348e+01 0.000000000000000000e+00 0.000000000000000000e+00 7.378518264573585839e-03
-1.595442685417145640e+03 5.075827417547234290e+02 3.627626573546422151e+01 0.000000000000000000e+00 0.000000000000000000e+00 -5.230531994513398786e-04
-1.207375541358368991e+03 9.046019804470657846e+02 2.885528594552123138e+01 0.000000000000000000e+00 0.000000000000000000e+00 -1.930558284723105089e-03
-1.209605800020243350e+03 5.099286123444740610e+02 2.210636853865330664e+01 0.000000000000000000e+00 0.000000000000000000e+00 -2.388579989656847147e-02
-1.910286975519655243e+03 5.094554053000092040e+02 5.086399103062478844e+01 0.000000000000000000e+00 0.000000000000000000e+00 2.841148398499626637e-02
-2.296775280449686761e+03 5.069282248956755552e+02 7.243507570010321217e+01 0.000000000000000000e+00 0.000000000000000000e+00 7.709583367608274784e-02
-2.300195990774017446e+03 9.054996306123188106e+02 8.004222991391058883e+01 0.000000000000000000e+00 0.000000000000000000e+00 -1.262296488499714542e-02
-1.906219522813520598e+03 9.029627005932521797e+02 5.774354891971668025e+01 0.000000000000000000e+00 0.000000000000000000e+00 2.422747674611969160e-02
-2.103017051156060006e+03 7.457181021928547580e+02 6.497412872200519018e+01 0.000000000000000000e+00 0.000000000000000000e+00 3.457487269264447605e-02
-1.207209766818107710e+03 1.614315826601801291e+03 5.095424098290492054e+01 0.000000000000000000e+00 0.000000000000000000e+00 -5.842163661945676267e-02
-1.401580495292650767e+03 1.457758534181937875e+03 5.178741381735079585e+01 0.000000000000000000e+00 0.000000000000000000e+00 -3.914489227481254829e-02
-1.596352340435046472e+03 1.218797463939836234e+03 5.164168258603476147e+01 0.000000000000000000e+00 0.000000000000000000e+00 -6.206017880529657305e-03
-1.601105226379073201e+03 1.617647870043238299e+03 6.607727305122369899e+01 0.000000000000000000e+00 0.000000000000000000e+00 -2.548771961924956031e-02
-1.209063078239977358e+03 1.220422737725489014e+03 3.715306631618842914e+01 0.000000000000000000e+00 0.000000000000000000e+00 -3.718218522671179471e-03
-1.211203884298760613e+03 1.933629885122160431e+03 6.532736528068805626e+01 0.000000000000000000e+00 0.000000000000000000e+00 -3.507755900129438942e-02
-1.404293345191501430e+03 2.169714623144148845e+03 8.460164375031101258e+01 0.000000000000000000e+00 0.000000000000000000e+00 -3.663096508066132628e-02
-1.598956295930801843e+03 1.930149686631330724e+03 8.007778040366476091e+01 0.000000000000000000e+00 0.000000000000000000e+00 -2.805842389741997067e-02
-1.601838497581232559e+03 2.329978120283934913e+03 1.021357866907977439e+02 0.000000000000000000e+00 0.000000000000000000e+00 -2.641513109767856804e-02
-1.206884644336501879e+03 2.326329955710347804e+03 8.651065838659548035e+01 0.000000000000000000e+00 0.000000000000000000e+00 -4.064634368111796903e-02
-1.912287689959747922e+03 1.221015795991953155e+03 6.662035354786630137e+01 0.000000000000000000e+00 0.000000000000000000e+00 2.276854804074446292e-02
-1.908118340422196070e+03 1.613496271150880375e+03 8.057713151838785848e+01 0.000000000000000000e+00 0.000000000000000000e+00 -1.669106744373038964e-03
-2.104789112840101552e+03 1.458110461636919581e+03 8.522288220540184511e+01 0.000000000000000000e+00 0.000000000000000000e+00 5.796975158489203750e-03
-2.297494202675848101e+03 1.218733456839492646e+03 8.850377891161249977e+01 0.000000000000000000e+00 0.000000000000000000e+00 2.054869285797167322e-02
-2.302578000141184020e+03 1.617019724112416270e+03 1.034826819257850445e+02 0.000000000000000000e+00 0.000000000000000000e+00 -1.287171744664306061e-03
-2.607829850048013668e+03 1.899001147244515835e+02 8.964671384092834217e+01 0.000000000000000000e+00 0.000000000000000000e+00 1.821023525234011231e-02
-2.801949236386248685e+03 3.317584679567314510e+01 1.029852872633038032e+02 0.000000000000000000e+00 0.000000000000000000e+00 3.141918075199612304e-02
-2.995836327915078073e+03 -2.066441268605049117e+02 1.180669863650657163e+02 0.000000000000000000e+00 0.000000000000000000e+00 6.684027691605365362e-03
-3.000620719657506925e+03 1.915770896597740602e+02 1.192536162605272665e+02 0.000000000000000000e+00 0.000000000000000000e+00 1.116155056708123539e-02
-2.609786948120856778e+03 -2.026308594532408165e+02 8.917371570292962701e+01 0.000000000000000000e+00 0.000000000000000000e+00 7.075411261823205678e-03
-2.613468991773435846e+03 5.083469939390352010e+02 9.328499704923628144e+01 0.000000000000000000e+00 0.000000000000000000e+00 6.007918160403846741e-02
-2.608817697107905587e+03 9.029328627919032897e+02 1.004709079618421299e+02 0.000000000000000000e+00 0.000000000000000000e+00 -4.454454443033739608e-02
-2.805128612439935750e+03 7.454315329268713413e+02 1.114103119340037864e+02 0.000000000000000000e+00 0.000000000000000000e+00 -1.420657752639442606e-02
-2.997859119993379863e+03 5.058419953390368278e+02 1.224128596222757324e+02 0.000000000000000000e+00 0.000000000000000000e+00 4.046351571250283996e-02
-3.001935543062211309e+03 9.049315661604840670e+02 1.306200216123150710e+02 0.000000000000000000e+00 0.000000000000000000e+00 3.131282601836460344e-02
-2.612803148409049754e+03 1.220569238925094851e+03 1.096814698312295491e+02 0.000000000000000000e+00 0.000000000000000000e+00 7.992792619205602023e-03
-2.609583089748157818e+03 1.613001125487225181e+03 1.241256104215947431e+02 0.000000000000000000e+00 0.000000000000000000e+00 -5.801167267449613973e-03
-2.805198963657494460e+03 1.456514638810659108e+03 1.324182152691524266e+02 0.000000000000000000e+00 0.000000000000000000e+00 1.805541851959446831e-02
-2.999406061970045357e+03 1.216277715630609691e+03 1.393961676323028200e+02 0.000000000000000000e+00 0.000000000000000000e+00 2.471908637727437963e-02
-3.003290390212697275e+03 1.615379425317480127e+03 1.549838699229511292e+02 0.000000000000000000e+00 0.000000000000000000e+00 9.156823137345782015e-03
-1.600064752896926166e+03 2.641944014724184399e+03 1.223009592382068575e+02 0.000000000000000000e+00 0.000000000000000000e+00 1.430710456007489029e-02
-1.212975413978664619e+03 2.644436326616454608e+03 1.071721026862541066e+02 0.000000000000000000e+00 0.000000000000000000e+00 1.336065403377659777e-01
-1.603951469710693800e+03 3.039524067431028470e+03 1.523963964713474581e+02 0.000000000000000000e+00 0.000000000000000000e+00 -3.870096003961975839e-02
-1.405100048743839807e+03 2.880139128071318282e+03 1.313437799496691127e+02 0.000000000000000000e+00 0.000000000000000000e+00 5.759597437526053909e-02
-1.210198683169100605e+03 3.036360600754419920e+03 1.363280614490958271e+02 0.000000000000000000e+00 0.000000000000000000e+00 5.335828656461671926e-02
-8.987826126053055305e+02 2.644227030835026653e+03 9.786807336393744094e+01 0.000000000000000000e+00 0.000000000000000000e+00 2.310604510815039703e-02
-9.028982129373233647e+02 3.041959969263741186e+03 1.275444532237611526e+02 0.000000000000000000e+00 0.000000000000000000e+00 -5.893395391959188601e-02
-7.055104255400269722e+02 2.882827041569487392e+03 1.106742295798128310e+02 0.000000000000000000e+00 0.000000000000000000e+00 5.609152551585339097e-03
-5.085083602881333036e+02 3.038289228462295796e+03 1.193546430399725011e+02 0.000000000000000000e+00 0.000000000000000000e+00 2.084597348742533995e-02
-5.121158483838351003e+02 2.646903611017807179e+03 9.043194700311306633e+01 0.000000000000000000e+00 0.000000000000000000e+00 -1.156693869359060045e-02
-5.036324561329782341e+02 1.932123986814121679e+02 3.702640208436339009e+00 0.000000000000000000e+00 0.000000000000000000e+00 -2.700860633150714563e-02
-8.982861318400371147e+02 1.971413026547697029e+02 1.086956767099289323e+01 0.000000000000000000e+00 0.000000000000000000e+00 -4.355353239228598738e-02
-7.001960115256384825e+02 3.687992128610940057e+01 6.318263728857818506e+00 0.000000000000000000e+00 0.000000000000000000e+00 -4.578559746431487554e-02
-5.072590995678220338e+02 -2.004706723477316928e+02 3.751939296073302454e+00 0.000000000000000000e+00 0.000000000000000000e+00 -3.448717844594284543e-02
-8.935301401241765689e+02 -2.015608091223274982e+02 1.069066691705263494e+01 0.000000000000000000e+00 0.000000000000000000e+00 -6.205221507125280311e-02
-1.206343618446144546e+03 1.948289717198937865e+02 1.926276852636824088e+01 0.000000000000000000e+00 0.000000000000000000e+00 1.008877427526044812e-02
-1.599526714845172137e+03 1.964356146063026642e+02 3.363988607588748181e+01 0.000000000000000000e+00 0.000000000000000000e+00 -1.402548496201916350e-03
-1.401735292432343158e+03 3.761327175413444479e+01 2.537892472452277559e+01 0.000000000000000000e+00 0.000000000000000000e+00 9.420827401704912063e-03
-1.207239803944163896e+03 -1.985281172450399083e+02 1.915189746928965775e+01 0.000000000000000000e+00 0.000000000000000000e+00 -2.066220938863594370e-02
-1.594504835339215788e+03 -2.026464254532776863e+02 3.318973108370522596e+01 0.000000000000000000e+00 0.000000000000000000e+00 -3.910438707963947991e-02
-1.906016662947370151e+03 1.919791619003546543e+02 4.769118466018932168e+01 0.000000000000000000e+00 0.000000000000000000e+00 3.881873387637568840e-02
-2.299991666436904325e+03 1.964610630645727269e+02 6.958382506595340544e+01 0.000000000000000000e+00 0.000000000000000000e+00 8.719476238752577046e-02
-2.102161508070099899e+03 3.530125769436771321e+01 5.743995623856896771e+01 0.000000000000000000e+00 0.000000000000000000e+00 6.470147094784550745e-02
-1.910168441395925129e+03 -2.016958900563796249e+02 4.756944739374033304e+01 0.000000000000000000e+00 0.000000000000000000e+00 9.708753036328232611e-03
-2.296021192141109623e+03 -2.041664309267627573e+02 6.883931672105232735e+01 0.000000000000000000e+00 0.000000000000000000e+00 5.700992058429221743e-02
-2.038229409542016128e+02 3.042340019135409420e+03 1.166041860828546675e+02 0.000000000000000000e+00 0.000000000000000000e+00 3.768060952936025387e-03
1.908815607530385137e+02 3.039654708767079228e+03 1.163176315514046877e+02 0.000000000000000000e+00 0.000000000000000000e+00 -3.674121755437909087e-02
-4.715645861799321992e+00 2.882867982931179540e+03 1.036696535413158102e+02 0.000000000000000000e+00 0.000000000000000000e+00 3.650181680649211557e-02
-1.990056847563429869e+02 2.644349438916005056e+03 8.715302284877981265e+01 0.000000000000000000e+00 0.000000000000000000e+00 8.892747401318956690e-04
1.870517219079189317e+02 2.647213135144434546e+03 8.728386341006722660e+01 0.000000000000000000e+00 0.000000000000000000e+00 1.432180387405423971e-02
4.967371129132180840e+02 3.044272236578223328e+03 1.196651046599801447e+02 0.000000000000000000e+00 0.000000000000000000e+00 3.397170781585145960e-02
8.907189595669699429e+02 3.039772525467898049e+03 1.270587643454671536e+02 0.000000000000000000e+00 0.000000000000000000e+00 -1.945829594833980991e-02
6.947521795744769406e+02 2.884818728877694411e+03 1.106120009694544279e+02 0.000000000000000000e+00 0.000000000000000000e+00 2.133696654880168353e-04
5.018804439075366872e+02 2.646206172996716759e+03 9.023953149863550038e+01 0.000000000000000000e+00 0.000000000000000000e+00 3.002414749950332862e-02
8.886396088753745062e+02 2.649228841017890772e+03 9.795763219203938377e+01 0.000000000000000000e+00 0.000000000000000000e+00 -9.029934749804624516e-04
1.199527060670258834e+03 3.045814690567554862e+03 1.367238385534519693e+02 0.000000000000000000e+00 0.000000000000000000e+00 -3.177210607339020498e-02
1.204992508509607433e+03 2.647216925795392399e+03 1.070930954077424531e+02 0.000000000000000000e+00 0.000000000000000000e+00 -2.328371904005166471e-02
1.593208088507135017e+03 3.042779338107099193e+03 1.521695030587044073e+02 0.000000000000000000e+00 0.000000000000000000e+00 -1.270831376061209994e-02
1.398737810274329149e+03 2.887963931485279772e+03 1.316869632668914960e+02 0.000000000000000000e+00 0.000000000000000000e+00 -5.354636992936434581e-02
1.592627536009720188e+03 2.651055864047775231e+03 1.225999320292579426e+02 0.000000000000000000e+00 0.000000000000000000e+00 -2.503875710145564426e-02
