0.013581 26.046645
0.001255 34.146090
nan 42.245535
nan 50.344980
nan 58.444425
nan 66.543871
0.005726 74.643316
nan 82.742761
0.000347 90.842206
0.001637 98.941651
0.008063 107.041096
nan 115.140542
nan 123.239987
0.004457 131.339432
nan 139.438877
0.009193 147.538322
0.014221 155.637768
0.012797 163.737213
0.001740 171.836658
0.010302 179.936103
0.010787 188.035548
0.004582 196.134994
0.017691 204.234439
0.025594 212.333884
nan 220.433329
0.000979 228.532774
0.001432 236.632219
0.014560 244.731665
nan 252.831110
0.016853 260.930555
0.014062 269.030000
0.003899 277.129445
nan 285.228891
0.012669 293.328336
nan 301.427781
0.006752 309.527226
0.015207 317.626671
nan 325.726116
0.002468 333.825562
nan 341.925007
0.018670 350.024452
0.003025 358.123897
0.008893 366.223342
0.005628 374.322788
0.016799 382.422233
0.020949 390.521678
0.019919 398.621123
0.002399 406.720568
0.003666 414.820013
0.009374 422.919459
0.002893 431.018904
0.004152 439.118349
0.000837 447.217794
nan 455.317239
0.005663 463.416685
0.009363 471.516130
0.008458 479.615575
nan 487.715020
0.003624 495.814465
0.011381 503.913910
nan 512.013356
0.011023 520.112801
0.001577 528.212246
nan 536.311691
0.019155 544.411136
nan 552.510582
0.005667 560.610027
0.004804 568.709472
nan 576.808917
0.008033 584.908362
0.009465 593.007807
0.012422 601.107253
nan 609.206698
0.006939 617.306143
nan 625.405588
0.001322 633.505033
nan 641.604479
nan 649.703924
nan 657.803369
0.004009 665.902814
nan 674.002259
0.017226 682.101704
0.001946 690.201150
0.004589 698.300595
nan 706.400040
nan 714.499485
0.000315 722.598930
0.005184 730.698376
nan 738.797821
nan 746.897266
0.003778 754.996711
nan 763.096156
nan 771.195601
nan 779.295047
nan 787.394492
nan 795.493937
nan 803.593382
nan 811.692827
nan 819.792273
0.008076 827.891718
