0.004281 5.141211
0.005223 14.688083
0.007228 24.234954
0.006051 33.781825
0.006280 43.328696
0.007406 52.875568
0.006748 62.422439
0.006873 71.969310
0.007387 81.516182
0.006988 91.063053
0.007606 100.609924
0.006611 110.156795
0.007751 119.703667
0.007537 129.250538
0.007293 138.797409
0.008235 148.344281
0.008541 157.891152
0.008255 167.438023
0.008241 176.984894
0.008951 186.531766
0.008497 196.078637
0.008490 205.625508
0.008563 215.172379
0.008542 224.719251
0.008907 234.266122
0.007826 243.812993
0.008762 253.359865
0.008958 262.906736
0.009050 272.453607
0.008659 282.000478
0.009407 291.547350
0.009107 301.094221
0.009317 310.641092
0.008903 320.187964
0.009239 329.734835
0.008422 339.281706
0.009707 348.828577
0.008712 358.375449
0.008558 367.922320
0.009201 377.469191
0.009153 387.016062
0.008828 396.562934
0.008509 406.109805
0.008981 415.656676
0.008256 425.203548
0.007717 434.750419
0.007929 444.297290
0.008655 453.844161
0.008274 463.391033
0.007488 472.937904
0.008891 482.484775
0.007616 492.031647
0.007347 501.578518
0.008436 511.125389
0.007513 520.672260
0.007676 530.219132
0.007847 539.766003
0.007675 549.312874
0.007402 558.859745
0.007588 568.406617
0.007550 577.953488
0.008173 587.500359
0.008154 597.047231
0.007875 606.594102
0.007794 616.140973
0.007733 625.687844
0.008120 635.234716
0.008698 644.781587
0.008463 654.328458
0.008025 663.875330
0.007529 673.422201
0.008084 682.969072
0.006178 692.515943
0.006933 702.062815
0.006103 711.609686
0.007427 721.156557
0.008067 730.703428
0.006648 740.250300
0.005552 749.797171
0.008447 759.344042
0.006111 768.890914
0.009193 778.437785
0.006250 787.984656
0.006857 797.531527
0.010601 807.078399
0.005859 816.625270
0.011454 826.172141
0.008608 835.719012
0.009353 845.265884
0.004038 854.812755
0.008248 864.359626
0.003047 873.906498
0.008367 883.453369
0.008853 893.000240
0.011085 902.547111
0.006586 912.093983
nan 921.640854
0.005621 931.187725
nan 940.734597
0.004982 950.281468
