0.001496 38.862049
nan 45.708182
nan 52.554316
nan 59.400449
nan 66.246582
nan 73.092716
nan 79.938849
nan 86.784983
nan 93.631116
0.001374 100.477249
0.002870 107.323383
nan 114.169516
nan 121.015649
nan 127.861783
nan 134.707916
nan 141.554049
nan 148.400183
nan 155.246316
nan 162.092449
nan 168.938583
nan 175.784716
nan 182.630850
nan 189.476983
nan 196.323116
nan 203.169250
nan 210.015383
nan 216.861516
nan 223.707650
nan 230.553783
nan 237.399916
nan 244.246050
nan 251.092183
nan 257.938316
nan 264.784450
nan 271.630583
nan 278.476716
nan 285.322850
nan 292.168983
nan 299.015117
nan 305.861250
nan 312.707383
nan 319.553517
nan 326.399650
nan 333.245783
nan 340.091917
nan 346.938050
nan 353.784183
nan 360.630317
nan 367.476450
nan 374.322583
nan 381.168717
nan 388.014850
nan 394.860984
nan 401.707117
nan 408.553250
nan 415.399384
nan 422.245517
nan 429.091650
nan 435.937784
0.001429 442.783917
nan 449.630050
nan 456.476184
nan 463.322317
nan 470.168450
0.000067 477.014584
0.000350 483.860717
nan 490.706850
0.001441 497.552984
nan 504.399117
nan 511.245251
nan 518.091384
nan 524.937517
nan 531.783651
nan 538.629784
nan 545.475917
nan 552.322051
nan 559.168184
nan 566.014317
nan 572.860451
nan 579.706584
nan 586.552717
nan 593.398851
nan 600.244984
nan 607.091117
0.001779 613.937251
nan 620.783384
nan 627.629518
0.000283 634.475651
nan 641.321784
nan 648.167918
nan 655.014051
nan 661.860184
nan 668.706318
nan 675.552451
nan 682.398584
nan 689.244718
nan 696.090851
nan 702.936984
nan 709.783118
0.001091 716.629251
