0.003715 6.006722
0.007515 14.169070
0.004482 22.331417
0.005797 30.493765
0.006059 38.656112
0.005928 46.818460
0.006469 54.980808
0.006569 63.143155
0.006774 71.305503
0.005138 79.467850
0.005812 87.630198
0.006925 95.792546
0.004648 103.954893
0.005461 112.117241
0.008958 120.279588
0.006629 128.441936
0.006202 136.604284
0.005765 144.766631
0.006389 152.928979
0.011034 161.091326
0.006816 169.253674
0.009229 177.416022
0.009942 185.578369
0.006832 193.740717
0.002957 201.903064
0.004638 210.065412
0.005041 218.227760
0.007728 226.390107
0.004137 234.552455
0.004364 242.714802
0.005714 250.877150
0.005584 259.039498
0.005563 267.201845
0.005810 275.364193
0.005053 283.526540
0.006685 291.688888
0.006970 299.851236
0.005448 308.013583
0.006181 316.175931
0.004270 324.338278
0.004660 332.500626
0.006198 340.662974
0.006399 348.825321
0.006617 356.987669
0.006661 365.150016
0.005500 373.312364
0.007753 381.474712
0.005609 389.637059
0.006141 397.799407
0.007191 405.961754
0.007433 414.124102
0.005840 422.286450
0.007397 430.448797
0.007038 438.611145
0.006100 446.773492
0.006341 454.935840
0.006577 463.098188
0.007219 471.260535
0.007341 479.422883
0.006805 487.585230
0.005829 495.747578
0.007338 503.909926
0.005571 512.072273
0.009185 520.234621
0.006816 528.396968
0.006055 536.559316
0.008459 544.721664
0.006906 552.884011
0.007376 561.046359
0.006777 569.208706
0.006154 577.371054
0.006415 585.533402
0.006996 593.695749
0.006531 601.858097
0.005132 610.020444
0.008239 618.182792
0.005878 626.345140
0.007665 634.507487
0.008880 642.669835
0.004784 650.832182
0.007803 658.994530
0.004828 667.156878
0.005299 675.319225
0.005472 683.481573
0.008672 691.643920
0.004188 699.806268
0.004735 707.968616
0.004247 716.130963
0.007650 724.293311
0.005761 732.455658
0.008510 740.618006
0.007268 748.780354
0.007185 756.942701
0.004298 765.105049
0.003188 773.267396
0.001048 781.429744
0.005285 789.592092
0.002380 797.754439
nan 805.916787
0.006500 814.079134
