0.007008 42.851294
0.000977 51.006635
0.007387 59.161975
0.012364 67.317315
0.013293 75.472656
0.005530 83.627996
0.008668 91.783336
0.007198 99.938677
0.011061 108.094017
0.008470 116.249357
0.006207 124.404698
0.013603 132.560038
0.006872 140.715378
0.007807 148.870719
0.004151 157.026059
nan 165.181399
0.004677 173.336740
0.006119 181.492080
0.009229 189.647420
0.014499 197.802761
0.002571 205.958101
0.006462 214.113441
0.005962 222.268782
0.005326 230.424122
0.006483 238.579462
0.006982 246.734803
0.004211 254.890143
0.004208 263.045483
0.007010 271.200824
0.012213 279.356164
0.004489 287.511504
nan 295.666845
0.004795 303.822185
0.010116 311.977525
0.005738 320.132866
0.010597 328.288206
0.007090 336.443546
0.010799 344.598887
0.007564 352.754227
0.009796 360.909567
0.006122 369.064908
0.004109 377.220248
0.009576 385.375588
0.007134 393.530929
0.007051 401.686269
0.009730 409.841609
0.007718 417.996949
0.009039 426.152290
0.009991 434.307630
0.003005 442.462970
0.006295 450.618311
0.006974 458.773651
0.011121 466.928991
0.005506 475.084332
0.007054 483.239672
0.006054 491.395012
0.005205 499.550353
0.000676 507.705693
0.006799 515.861033
0.005909 524.016374
0.002527 532.171714
0.009103 540.327054
0.012241 548.482395
0.005495 556.637735
0.015436 564.793075
0.003042 572.948416
0.009515 581.103756
0.009214 589.259096
0.005777 597.414437
0.017394 605.569777
0.006119 613.725117
0.007733 621.880458
0.001610 630.035798
0.013164 638.191138
0.008102 646.346479
0.008935 654.501819
0.004101 662.657159
0.003587 670.812500
0.015981 678.967840
0.000886 687.123180
0.008208 695.278521
0.001460 703.433861
0.018725 711.589201
0.018798 719.744542
0.009324 727.899882
nan 736.055222
0.001850 744.210563
nan 752.365903
0.004304 760.521243
nan 768.676584
nan 776.831924
0.009266 784.987264
nan 793.142605
0.000002 801.297945
nan 809.453285
0.002424 817.608626
0.002327 825.763966
nan 833.919306
nan 842.074647
0.014622 850.229987
