0.002504 20.245782
0.010241 28.769279
nan 37.292776
0.009765 45.816273
0.000935 54.339769
0.006070 62.863266
0.002693 71.386763
0.004501 79.910260
nan 88.433757
nan 96.957254
0.004714 105.480750
0.006940 114.004247
0.008812 122.527744
0.007335 131.051241
0.004996 139.574738
0.010729 148.098235
0.004381 156.621731
nan 165.145228
0.008787 173.668725
0.007641 182.192222
0.010847 190.715719
0.008834 199.239216
0.007676 207.762712
0.006353 216.286209
0.002248 224.809706
0.006029 233.333203
0.006620 241.856700
0.012322 250.380197
0.011017 258.903693
0.010231 267.427190
0.005312 275.950687
0.009056 284.474184
0.005466 292.997681
0.006168 301.521178
0.005805 310.044674
0.009185 318.568171
0.007233 327.091668
0.009346 335.615165
0.010924 344.138662
0.008373 352.662158
0.009709 361.185655
0.006713 369.709152
0.006266 378.232649
0.007726 386.756146
0.006662 395.279643
0.005255 403.803139
0.005568 412.326636
0.008083 420.850133
0.007124 429.373630
0.007456 437.897127
0.005663 446.420624
0.007793 454.944120
0.005691 463.467617
0.006863 471.991114
0.011310 480.514611
0.008797 489.038108
0.005969 497.561605
0.006649 506.085101
0.006940 514.608598
0.006433 523.132095
0.006176 531.655592
0.008389 540.179089
0.009155 548.702586
0.010260 557.226082
0.003968 565.749579
0.005886 574.273076
0.014618 582.796573
0.004874 591.320070
0.003408 599.843567
0.003814 608.367063
0.006713 616.890560
0.010668 625.414057
0.008422 633.937554
0.006920 642.461051
0.001449 650.984548
0.007325 659.508044
0.003107 668.031541
0.004912 676.555038
nan 685.078535
0.005807 693.602032
0.003382 702.125529
0.011303 710.649025
nan 719.172522
0.004348 727.696019
0.010247 736.219516
0.013785 744.743013
nan 753.266510
nan 761.790006
0.003847 770.313503
nan 778.837000
nan 787.360497
nan 795.883994
nan 804.407491
nan 812.930987
0.008168 821.454484
nan 829.977981
nan 838.501478
nan 847.024975
nan 855.548472
0.000028 864.071968
