# x y z x_res y_res z_res
-2.995419917206349965e+03 1.573713732728416289e+03 1.714769361359960840e+02 0.000000000000000000e+00 0.000000000000000000e+00 3.053274626103075207e-02
-2.610380705410384053e+03 1.586918852128481376e+03 1.420481811906755638e+02 0.000000000000000000e+00 0.000000000000000000e+00 4.551759424305146240e-02
-2.784723079806327860e+03 1.480589235570901110e+03 1.507371384528783267e+02 0.000000000000000000e+00 0.000000000000000000e+00 -1.196800475415216169e-02
-2.599735924339701796e+03 1.241884122232629579e+03 1.284187651230141114e+02 0.000000000000000000e+00 0.000000000000000000e+00 3.372627363813762713e-02
-3.001928075060311130e+03 1.259387056867733918e+03 1.600048919143217176e+02 0.000000000000000000e+00 0.000000000000000000e+00 -2.100445390311733718e-02
-2.989761538360099621e+03 9.394401911804701513e+02 1.494539075051872032e+02 0.000000000000000000e+00 0.000000000000000000e+00 2.685179044306096330e-03
-2.624557323852684476e+03 9.245688795615224080e+02 1.210984809612140793e+02 0.000000000000000000e+00 0.000000000000000000e+00 -6.916410710863374334e-02
-2.787573963899195860e+03 7.736315096417916948e+02 1.296373847453401424e+02 0.000000000000000000e+00 0.000000000000000000e+00 1.187951183985092030e-02
-2.975796150452740221e+03 5.394654881707755294e+02 1.400991708121396471e+02 0.000000000000000000e+00 0.000000000000000000e+00 6.376005389890337938e-02
-2.581498678615013887e+03 5.193787932720771323e+02 1.102001015098214367e+02 0.000000000000000000e+00 0.000000000000000000e+00 -1.547358668449305696e-02
-2.595466765884762935e+03 2.178640193053986991e+02 1.079656311882731643e+02 0.000000000000000000e+00 0.000000000000000000e+00 6.364576190108550691e-03
-2.968661349480198623e+03 2.146059708073901788e+02 1.358158848829019121e+02 0.000000000000000000e+00 0.000000000000000000e+00 6.088067999939994479e-03
-2.797065357185859739e+03 6.807941995028335214e+01 1.217137098613209787e+02 0.000000000000000000e+00 0.000000000000000000e+00 5.491578613491299166e-02
-2.623785199993966216e+03 -1.681051023762962302e+02 1.090453676727726275e+02 0.000000000000000000e+00 0.000000000000000000e+00 1.781299227397425966e-02
-2.965350003387439301e+03 -1.866445480630053453e+02 1.345532007227443216e+02 0.000000000000000000e+00 0.000000000000000000e+00 2.691310518738987412e-02
-2.603421866363746631e+03 -4.745611734509160442e+02 1.094637993995071099e+02 0.000000000000000000e+00 0.000000000000000000e+00 -5.798841064958537572e-03
-2.981487310217135018e+03 -4.847653774720864135e+02 1.376124822039681135e+02 0.000000000000000000e+00 0.000000000000000000e+00 3.937732860310916294e-02
-2.797738627987047948e+03 -6.377594557525396795e+02 1.252218683912903003e+02 0.000000000000000000e+00 0.000000000000000000e+00 8.063653706400941701e-03
-2.599000417159713379e+03 -8.728557962885593042e+02 1.148430508379235278e+02 0.000000000000000000e+00 0.000000000000000000e+00 1.442872333544187313e-02
-2.976967052476553363e+03 -8.787869091087856077e+02 1.428485018386973593e+02 0.000000000000000000e+00 0.000000000000000000e+00 5.980853086589377199e-02
-2.991040262221720241e+03 -1.177577569942635364e+03 1.506573649508206927e+02 0.000000000000000000e+00 0.000000000000000000e+00 -2.456774931607696999e-02
-2.577409772955412336e+03 -1.225471085055357435e+03 1.214932357359885913e+02 0.000000000000000000e+00 0.000000000000000000e+00 1.873005940514360645e-02
-2.780521520746895476e+03 -1.360902443569468687e+03 1.397040017788818602e+02 0.000000000000000000e+00 0.000000000000000000e+00 4.814315137110725118e-03
-2.592599242997257079e+03 -1.572024902627312258e+03 1.333154757410712250e+02 0.000000000000000000e+00 0.000000000000000000e+00 -4.971740783645373085e-02
-2.960983684729789275e+03 -1.608391887594404125e+03 1.616335573851906418e+02 0.000000000000000000e+00 0.000000000000000000e+00 8.316446526379195348e-03
-2.301632575203459510e+03 -2.299199955200699151e+03 1.463609882191982479e+02 0.000000000000000000e+00 0.000000000000000000e+00 -1.281625787578377640e-02
-1.908160580212460900e+03 -2.291764759707515623e+03 1.244228879654043425e+02 0.000000000000000000e+00 0.000000000000000000e+00 -4.726438882620698223e-02
-2.098358311960906121e+03 -2.134174349880126101e+03 1.264508757717820515e+02 0.000000000000000000e+00 0.000000000000000000e+00 -2.117289723236126520e-02
-2.296874188014652646e+03 -1.982366377716642091e+03 1.307710054483845283e+02 0.000000000000000000e+00 0.000000000000000000e+00 -1.601221257789120500e-02
-1.947261191577480304e+03 -1.969593744251439148e+03 1.109460196208787437e+02 0.000000000000000000e+00 0.000000000000000000e+00 -3.694868912106130665e-02
-2.333177494214266972e+03 -1.639881534834894865e+03 1.190396810416316242e+02 0.000000000000000000e+00 0.000000000000000000e+00 -6.225844163218141603e-02
-1.945594394983058010e+03 -1.640530696851081757e+03 9.756213721430508201e+01 0.000000000000000000e+00 0.000000000000000000e+00 -1.866540401238125924e-02
-2.132931391769518086e+03 -1.410194943533053447e+03 9.959760161984367244e+01 0.000000000000000000e+00 0.000000000000000000e+00 -5.911370739738686098e-03
-2.337771074315666283e+03 -1.250603271887542633e+03 1.067769676662091882e+02 0.000000000000000000e+00 0.000000000000000000e+00 -8.161728184788330509e-03
-1.953359180394499617e+03 -1.211760242145605844e+03 8.431943967133241813e+01 0.000000000000000000e+00 0.000000000000000000e+00 -1.973848890200713413e-02
-2.303907623443334160e+03 -9.494325370816649183e+02 9.741368069593993084e+01 0.000000000000000000e+00 0.000000000000000000e+00 4.331006296045813997e-02
-1.949837593380600765e+03 -9.333051350059232618e+02 7.752379842072166127e+01 0.000000000000000000e+00 0.000000000000000000e+00 5.084984941760239963e-03
-2.117663265251798748e+03 -7.173989204541326217e+02 8.246710328287539937e+01 0.000000000000000000e+00 0.000000000000000000e+00 1.027965719021040059e-02
-2.309400652164104486e+03 -5.669644976275632189e+02 9.146745741663323770e+01 0.000000000000000000e+00 0.000000000000000000e+00 9.440246063249446706e-03
-1.938475589192537427e+03 -5.037562362468657966e+02 7.020889182996101852e+01 0.000000000000000000e+00 0.000000000000000000e+00 2.000056268282435212e-02
-1.912323909442610784e+03 -2.491850976921480765e+02 6.690376443629192238e+01 0.000000000000000000e+00 0.000000000000000000e+00 2.906563166609998916e-02
-2.265002923025347172e+03 -2.229085060349656828e+02 8.605723899431036727e+01 0.000000000000000000e+00 0.000000000000000000e+00 4.062852424775087457e-02
-2.116929615092097265e+03 -4.577845193101012455e+00 7.721287915625474341e+01 0.000000000000000000e+00 0.000000000000000000e+00 -6.043067087603049004e-03
-2.295727945012909004e+03 1.361295269172857729e+02 8.800956093547415549e+01 0.000000000000000000e+00 0.000000000000000000e+00 3.416026589671616875e-02
-1.911017774608695845e+03 2.293767036137433877e+02 6.718421582097515454e+01 0.000000000000000000e+00 0.000000000000000000e+00 -4.316736271725574170e-02
-1.913512694237125288e+03 4.574502783506081300e+02 6.939343446814865501e+01 0.000000000000000000e+00 0.000000000000000000e+00 3.891267454113744861e-02
-2.252679163542431070e+03 4.928957406311815816e+02 8.857763302392919513e+01 0.000000000000000000e+00 0.000000000000000000e+00 9.478795013227170330e-02
-2.118753985614816884e+03 6.962845615932387773e+02 8.394842845068089332e+01 0.000000000000000000e+00 0.000000000000000000e+00 -3.284038028070312976e-03
-2.290126191667637158e+03 8.482110638407716579e+02 9.711176273214240950e+01 0.000000000000000000e+00 0.000000000000000000e+00 9.280556418204355396e-03
-1.928170992134734433e+03 9.352674489577583472e+02 7.863423917985961964e+01 0.000000000000000000e+00 0.000000000000000000e+00 3.346678868837216214e-03
-1.919857751905429268e+03 1.172131157676986277e+03 8.453414365861507918e+01 0.000000000000000000e+00 0.000000000000000000e+00 2.300003766664815430e-02
-2.260441166320648335e+03 1.207674283623222891e+03 1.048564120939883537e+02 0.000000000000000000e+00 0.000000000000000000e+00 -9.100309558675689914e-03
-2.113276247952224367e+03 1.402184806522281633e+03 1.026496648200666755e+02 0.000000000000000000e+00 0.000000000000000000e+00 5.710468202832430507e-02
-2.329696176989881224e+03 1.609014128334664292e+03 1.238550769940770238e+02 0.000000000000000000e+00 0.000000000000000000e+00 1.469878979941086072e-02
-1.938921402490494756e+03 1.623029534632750710e+03 1.015865694137370099e+02 0.000000000000000000e+00 0.000000000000000000e+00 2.147164245471344657e-03
-2.331346951950833045e+03 1.923368566054199619e+03 1.384696186574746264e+02 0.000000000000000000e+00 0.000000000000000000e+00 1.613713171619224340e-02
-1.948548807108550818e+03 1.933747459989261188e+03 1.163137516634744344e+02 0.000000000000000000e+00 0.000000000000000000e+00 3.360986949365951659e-02
-2.141850846177270796e+03 2.148636791271742368e+03 1.386944649381368890e+02 0.000000000000000000e+00 0.000000000000000000e+00 7.316453076907691866e-02
-2.320978676771768733e+03 2.295399528861291401e+03 1.584829259969271220e+02 0.000000000000000000e+00 0.000000000000000000e+00 -7.572088648430508329e-03
-1.954954103043492751e+03 2.328114702064321591e+03 1.385255939939700056e+02 0.000000000000000000e+00 0.000000000000000000e+00 5.410050751197559293e-02
-1.626407144174781251e+03 3.035212178884429250e+03 1.720335523147201400e+02 0.000000000000000000e+00 0.000000000000000000e+00 -1.554114086641789072e-02
-1.246265978818658596e+03 3.039936122052399696e+03 1.568389931005833660e+02 0.000000000000000000e+00 0.000000000000000000e+00 -7.009015225776238367e-03
-1.430661367859194570e+03 2.885381739559164544e+03 1.517352132687290407e+02 0.000000000000000000e+00 0.000000000000000000e+00 -1.909752922799157204e-02
-1.607043386861609406e+03 2.668005607409868389e+03 1.434038727449263604e+02 0.000000000000000000e+00 0.000000000000000000e+00 -3.762011557731170797e-02
-1.201882813871386134e+03 2.675580477537155730e+03 1.279362271407940170e+02 0.000000000000000000e+00 0.000000000000000000e+00 2.325402639414164696e-03
-1.613523701054989033e+03 2.369825442042603299e+03 1.240726117165661719e+02 0.000000000000000000e+00 0.000000000000000000e+00 1.830869842369509115e-02
-1.219263834293271884e+03 2.356255543229132400e+03 1.077227171043644489e+02 0.000000000000000000e+00 0.000000000000000000e+00 -5.184268750898013423e-02
-1.417495186753248163e+03 2.199204443831260505e+03 1.057644557091698800e+02 0.000000000000000000e+00 0.000000000000000000e+00 3.640915071787276247e-02
-1.609814956290480950e+03 1.957201260953410383e+03 1.008983166893040107e+02 0.000000000000000000e+00 0.000000000000000000e+00 -5.780015268231863956e-02
-1.219493878836616204e+03 1.970334345443274742e+03 8.642424645300265240e+01 0.000000000000000000e+00 0.000000000000000000e+00 -4.045343050492533621e-03
-1.619855317221411497e+03 1.644639452653325407e+03 8.701910591675479623e+01 0.000000000000000000e+00 0.000000000000000000e+00 1.038730211679705917e-02
-1.246796150686955571e+03 1.629043606349579022e+03 7.188193168342030503e+01 0.000000000000000000e+00 0.000000000000000000e+00 -2.136726555859524979e-02
-1.446532500258232631e+03 1.476065967832088518e+03 7.320174677890236126e+01 0.000000000000000000e+00 0.000000000000000000e+00 -1.139814828192697860e-03
-1.620546297997437023e+03 1.245482897364176097e+03 7.252577653701257532e+01 0.000000000000000000e+00 0.000000000000000000e+00 -5.613299075454847298e-02
-1.253705197239960626e+03 1.221453992124007527e+03 5.767773938190113370e+01 0.000000000000000000e+00 0.000000000000000000e+00 -3.402943397111357626e-02
-1.596831107516945167e+03 9.443596046901775480e+02 6.327239410629472616e+01 0.000000000000000000e+00 0.000000000000000000e+00 4.551805952409893052e-03
-1.213097997600361396e+03 9.400885150517279953e+02 4.887130892180604746e+01 0.000000000000000000e+00 0.000000000000000000e+00 5.183702050830163444e-02
-1.422070043146332864e+03 7.730368926719855835e+02 5.263365724050645866e+01 0.000000000000000000e+00 0.000000000000000000e+00 -2.841925348928242556e-02
-1.235469019692216079e+03 5.321237050304661125e+02 4.225258764558860491e+01 0.000000000000000000e+00 0.000000000000000000e+00 1.251498209574464227e-02
-1.628131256389239525e+03 5.300507851737386318e+02 5.698277345475285216e+01 0.000000000000000000e+00 0.000000000000000000e+00 -3.160112642641621505e-02
-1.603092404769715131e+03 2.342849544270468982e+02 5.303576110613552430e+01 0.000000000000000000e+00 0.000000000000000000e+00 7.804663910578568675e-02
-1.223855589433564091e+03 2.218222801716578658e+02 3.899571517381423291e+01 0.000000000000000000e+00 0.000000000000000000e+00 1.249769321560023627e-02
-1.406498873591742267e+03 6.306765907651619329e+01 4.462998881118747363e+01 0.000000000000000000e+00 0.000000000000000000e+00 -2.581598162625908799e-02
-1.611214587306729072e+03 -1.800813662282730832e+02 5.282799755018848487e+01 0.000000000000000000e+00 0.000000000000000000e+00 -6.353617908191466768e-02
-1.218851134118020809e+03 -1.685223593887544098e+02 3.843723786072040838e+01 0.000000000000000000e+00 0.000000000000000000e+00 4.114493677718655817e-02
-1.635407706312594655e+03 -4.925155016651418691e+02 5.606868225650475779e+01 0.000000000000000000e+00 0.000000000000000000e+00 -7.717625558363749860e-03
-1.236821984317692113e+03 -4.946751568766496234e+02 4.136773587014035058e+01 0.000000000000000000e+00 0.000000000000000000e+00 -1.122191364654412382e-02
-1.404269960881254974e+03 -6.451107244545385129e+02 4.893810237478655267e+01 0.000000000000000000e+00 0.000000000000000000e+00 -1.318887042054939229e-02
-1.631850268885673586e+03 -8.860284525889546785e+02 6.189539429074531540e+01 0.000000000000000000e+00 0.000000000000000000e+00 2.706583342032331529e-03
-1.236298816008960785e+03 -8.842637912714003505e+02 4.733637736878132785e+01 0.000000000000000000e+00 0.000000000000000000e+00 -4.523844611604488364e-02
-1.629036832084512071e+03 -1.194699493652102774e+03 6.891805229566747926e+01 0.000000000000000000e+00 0.000000000000000000e+00 -2.264763333769792553e-03
-1.243813015605311648e+03 -1.202060151065694299e+03 5.497736923310922919e+01 0.000000000000000000e+00 0.000000000000000000e+00 -4.142937595108975302e-02
-1.434254610830594174e+03 -1.365109237838441004e+03 6.614943279995765124e+01 0.000000000000000000e+00 0.000000000000000000e+00 -4.293654132405322343e-02
-1.620660678309790455e+03 -1.591334148798016031e+03 8.089245391800048424e+01 0.000000000000000000e+00 0.000000000000000000e+00 -9.799106959803793870e-02
-1.252755040170146685e+03 -1.606134544335461214e+03 6.792733275431399420e+01 0.000000000000000000e+00 0.000000000000000000e+00 -4.123579624410922406e-02
-1.630439480547271160e+03 -1.907547080407813155e+03 9.366328810904626323e+01 0.000000000000000000e+00 0.000000000000000000e+00 -1.213595830473934711e-02
-1.218734509152083092e+03 -1.901503925368808723e+03 7.842183845887035432e+01 0.000000000000000000e+00 0.000000000000000000e+00 -6.527947984923798685e-02
-1.415674273206555881e+03 -2.054043536794675674e+03 9.178008648773250400e+01 0.000000000000000000e+00 0.000000000000000000e+00 -1.730387487326368046e-02
-1.612430628908686458e+03 -2.308540378041061558e+03 1.118570440677600857e+02 0.000000000000000000e+00 0.000000000000000000e+00 -3.193794847823028249e-02
-1.235677580739371706e+03 -2.304283610165609844e+03 9.788444193881120725e+01 0.000000000000000000e+00 0.000000000000000000e+00 -1.377990105318360747e-02
-1.602749319817211472e+03 -2.611273536275952665e+03 1.282075417207573480e+02 0.000000000000000000e+00 0.000000000000000000e+00 5.147015929955500724e-02
-1.205301211718914146e+03 -2.615711953695426473e+03 1.141096332026566529e+02 0.000000000000000000e+00 0.000000000000000000e+00 -3.214663764342162722e-02
-1.409638495760876594e+03 -2.774875428665260188e+03 1.306336888114913961e+02 0.000000000000000000e+00 0.000000000000000000e+00 -7.515318463191533738e-03
-1.615969852049704514e+03 -3.001399271323070025e+03 1.535215984561953348e+02 0.000000000000000000e+00 0.000000000000000000e+00 5.350938287304529695e-02
-1.247808921916634745e+03 -3.030040325098980247e+03 1.418055253325269405e+02 0.000000000000000000e+00 0.000000000000000000e+00 4.358306825668023521e-02
-9.135585548257075743e+02 -3.003423655214595328e+03 1.306770798521735628e+02 0.000000000000000000e+00 0.000000000000000000e+00 -2.932295003620311036e-02
-5.530955627122036731e+02 -3.005361185654406199e+03 1.240207044860641190e+02 0.000000000000000000e+00 0.000000000000000000e+00 -2.247799633995839486e-02
-6.755158671122636633e+02 -2.812850803898590584e+03 1.133659670563175155e+02 0.000000000000000000e+00 0.000000000000000000e+00 -1.955798481066040040e-02
-5.287983298339065641e+02 -2.688021038934994976e+03 1.034182600906973022e+02 0.000000000000000000e+00 0.000000000000000000e+00 1.869325205582583749e-02
-8.594202359951406152e+02 -2.656949684855505893e+03 1.074115402683939919e+02 0.000000000000000000e+00 0.000000000000000000e+00 2.756182716841237834e-02
-8.682601918803615035e+02 -2.346619887191385715e+03 9.023560992285517557e+01 0.000000000000000000e+00 0.000000000000000000e+00 -5.840607393997743202e-02
-5.151589610538236457e+02 -2.298252751743996669e+03 8.152934735737537153e+01 0.000000000000000000e+00 0.000000000000000000e+00 1.360280241169675719e-02
-6.757278728725814290e+02 -2.114993302933860832e+03 7.493254561890864807e+01 0.000000000000000000e+00 0.000000000000000000e+00 1.340066929770955539e-03
-8.932367151708310757e+02 -1.961628513642872804e+03 7.228327209148915244e+01 0.000000000000000000e+00 0.000000000000000000e+00 -7.864721697747256712e-02
-5.556056984346153058e+02 -1.923423175916523633e+03 6.443930490103909392e+01 0.000000000000000000e+00 0.000000000000000000e+00 -4.790147433018887568e-02
-9.005916780889263009e+02 -1.656988834029205918e+03 6.015491199975240022e+01 0.000000000000000000e+00 0.000000000000000000e+00 2.015110537769260191e-03
-5.223863812118331680e+02 -1.654209762856935413e+03 5.325021289921450318e+01 0.000000000000000000e+00 0.000000000000000000e+00 1.499778448356181570e-02
-6.925083883241863987e+02 -1.415493886553225821e+03 4.767971322538641488e+01 0.000000000000000000e+00 0.000000000000000000e+00 -2.355509445086312326e-02
-8.928327850701035686e+02 -1.285230502152888675e+03 4.776568357244160268e+01 0.000000000000000000e+00 0.000000000000000000e+00 7.935741566132747948e-02
-5.589276639413438943e+02 -1.240904699740165597e+03 4.038164118330742269e+01 0.000000000000000000e+00 0.000000000000000000e+00 1.030661214311834328e-02
-8.970318126873223719e+02 -9.507987253922902937e+02 3.949094892592658823e+01 0.000000000000000000e+00 0.000000000000000000e+00 1.442479963783682706e-02
-5.449973176597337670e+02 -9.782548261594751011e+02 3.365146981989488495e+01 0.000000000000000000e+00 0.000000000000000000e+00 4.237819762259675826e-02
-7.136469029551224139e+02 -7.221938483522569641e+02 3.144527855011575213e+01 0.000000000000000000e+00 0.000000000000000000e+00 3.405817670050481638e-02
-8.944655468110647689e+02 -5.695032348961792650e+02 3.292795340003187476e+01 0.000000000000000000e+00 0.000000000000000000e+00 4.995871396708650991e-03
-5.633065167985753305e+02 -5.359825824038963447e+02 2.636246741595072507e+01 0.000000000000000000e+00 0.000000000000000000e+00 3.068395758531394790e-02
-5.259109559260274409e+02 -2.381521770541333751e+02 2.323308240616597686e+01 0.000000000000000000e+00 0.000000000000000000e+00 -2.871695711235133786e-02
-8.602301675457165402e+02 -2.150089939154323986e+02 2.904712171825255496e+01 0.000000000000000000e+00 0.000000000000000000e+00 2.558912626686549174e-02
-7.175200507149743316e+02 4.074469592685332486e+00 2.566028262879348532e+01 0.000000000000000000e+00 0.000000000000000000e+00 -4.308569328826195033e-02
-9.081654708749105112e+02 1.501646326307819947e+02 2.994304420194745120e+01 0.000000000000000000e+00 0.000000000000000000e+00 2.147632863982806839e-02
-5.544976778608203176e+02 2.040777025290280449e+02 2.349549836665656244e+01 0.000000000000000000e+00 0.000000000000000000e+00 5.814085919210043585e-02
-5.242782510488142407e+02 4.708596074667623270e+02 2.520091871156313701e+01 0.000000000000000000e+00 0.000000000000000000e+00 2.150732457420190258e-02
-8.837608206762596410e+02 4.725918108918232292e+02 3.179970028840293139e+01 0.000000000000000000e+00 0.000000000000000000e+00 -2.063169168494027872e-02
-6.989896320740464262e+02 7.171003886151914912e+02 3.146565973486717382e+01 0.000000000000000000e+00 0.000000000000000000e+00 -3.941588940801565855e-02
-8.993878244735033149e+02 8.648554140815605251e+02 3.847761463793842296e+01 0.000000000000000000e+00 0.000000000000000000e+00 1.657685087643301358e-03
-5.348715707222537503e+02 9.050027287410948702e+02 3.245974344640416120e+01 0.000000000000000000e+00 0.000000000000000000e+00 1.511782836373498640e-02
-8.994375996737858259e+02 1.184395300762210809e+03 4.642900677572451684e+01 0.000000000000000000e+00 0.000000000000000000e+00 -4.403912946204258105e-02
-5.551869645369278032e+02 1.230366525786636430e+03 4.113285335011039479e+01 0.000000000000000000e+00 0.000000000000000000e+00 -5.837570354975696318e-02
-7.106533247829107722e+02 1.410401861107473451e+03 4.955081565084073247e+01 0.000000000000000000e+00 0.000000000000000000e+00 1.464070711624998467e-02
-5.115966576778662898e+02 1.564988025575624761e+03 5.194040682047425861e+01 0.000000000000000000e+00 0.000000000000000000e+00 -3.981375358220873295e-02
-8.956788444911362603e+02 1.588922031564270128e+03 6.013107606736204502e+01 0.000000000000000000e+00 0.000000000000000000e+00 -1.795254586190964119e-02
-9.236388684697109284e+02 1.880039776614015864e+03 7.340238692930834929e+01 0.000000000000000000e+00 0.000000000000000000e+00 -4.262600218228840276e-02
-5.601398858109126877e+02 1.924663927861910906e+03 6.820069007017862361e+01 0.000000000000000000e+00 0.000000000000000000e+00 1.066236119946495364e-02
-7.189844537620728033e+02 2.123626213179325532e+03 8.108602857699710853e+01 0.000000000000000000e+00 0.000000000000000000e+00 -2.501532568692255154e-02
-9.332385149619848335e+02 2.285652540512614451e+03 9.501447327977929547e+01 0.000000000000000000e+00 0.000000000000000000e+00 -2.077254235912562308e-02
-5.487848135849728806e+02 2.313470130362499276e+03 8.879250422017693722e+01 0.000000000000000000e+00 0.000000000000000000e+00 -6.186019490768046580e-02
-5.293709082276632216e+02 2.618053018478772628e+03 1.077194134969628294e+02 0.000000000000000000e+00 0.000000000000000000e+00 -5.936728025912429985e-02
-9.139282863386133613e+02 2.610047503334110388e+03 1.149165772466273978e+02 0.000000000000000000e+00 0.000000000000000000e+00 -6.988706421324764051e-03
-7.378815320433801617e+02 2.844130224935625847e+03 1.274211949480064874e+02 0.000000000000000000e+00 0.000000000000000000e+00 -3.777652164998812623e-03
-9.225243809972510007e+02 2.987702034879571784e+03 1.427136394528116625e+02 0.000000000000000000e+00 0.000000000000000000e+00 6.544977323414968851e-04
-4.995396994798122705e+02 3.008068240575995787e+03 1.358052404075553738e+02 0.000000000000000000e+00 0.000000000000000000e+00 -3.865832345528019687e-02
-2.116914793499717575e+02 3.012774733575620303e+03 1.332827628297494016e+02 0.000000000000000000e+00 0.000000000000000000e+00 3.568301983079891215e-03
1.636902342803513761e+02 3.004172124590887051e+03 1.323507040995963280e+02 0.000000000000000000e+00 0.000000000000000000e+00 -6.398730365327764957e-02
3.584932116494312027e+01 2.894798628687827204e+03 1.235707132401191473e+02 0.000000000000000000e+00 0.000000000000000000e+00 -3.272849680115541560e-02
-1.812207999803091525e+02 2.686328528402933898e+03 1.089384428150486031e+02 0.000000000000000000e+00 0.000000000000000000e+00 -1.542161819642728915e-02
1.631856812651885207e+02 2.674685927166457986e+03 1.080472477579452288e+02 0.000000000000000000e+00 0.000000000000000000e+00 -7.815405232045691264e-02
-1.947553207843049563e+02 2.373634314011103470e+03 8.874984673733054308e+01 0.000000000000000000e+00 0.000000000000000000e+00 -4.121244157317960344e-05
1.614604041770369349e+02 2.354820932663682015e+03 8.745619444124676534e+01 0.000000000000000000e+00 0.000000000000000000e+00 1.402100989437826684e-03
-1.152984624654287060e+01 2.205223753652212963e+03 7.846699922607426458e+01 0.000000000000000000e+00 0.000000000000000000e+00 4.954858831074204772e-02
-2.343885930689965562e+02 1.979957866160498270e+03 6.738190664782808881e+01 0.000000000000000000e+00 0.000000000000000000e+00 3.777394392885469188e-02
1.453153265292327205e+02 1.949341951389763835e+03 6.542134801467484806e+01 0.000000000000000000e+00 0.000000000000000000e+00 -7.044989552076685868e-02
-2.116355020471253283e+02 1.660360228232804275e+03 5.281331250324353732e+01 0.000000000000000000e+00 0.000000000000000000e+00 -4.796462494631015261e-02
1.813259139210628064e+02 1.643661220054822479e+03 5.197417438798096612e+01 0.000000000000000000e+00 0.000000000000000000e+00 8.102631081392530632e-03
-5.034183987739835331e+00 1.486402824318015519e+03 4.549925868811773455e+01 0.000000000000000000e+00 0.000000000000000000e+00 3.917881355281593869e-02
-2.190152132879157421e+02 1.265948159673288501e+03 3.875688960635564229e+01 0.000000000000000000e+00 0.000000000000000000e+00 -1.721292714939437474e-02
1.549143523973651781e+02 1.265106631533886684e+03 3.841316494280908955e+01 0.000000000000000000e+00 0.000000000000000000e+00 -6.851990299747967583e-02
-1.865992517245082922e+02 9.537961734814431338e+02 3.024431251278603838e+01 0.000000000000000000e+00 0.000000000000000000e+00 3.986631432309906131e-02
1.703041697966717152e+02 9.299721093187956740e+02 2.963170921709992456e+01 0.000000000000000000e+00 0.000000000000000000e+00 -4.409957712696055410e-02
-2.840600830028392920e+01 7.746477578406279463e+02 2.611069199525767459e+01 0.000000000000000000e+00 0.000000000000000000e+00 -4.879346480789692464e-02
-2.227112539377597500e+02 5.546829929958564662e+02 2.328964914001145203e+01 0.000000000000000000e+00 0.000000000000000000e+00 4.786766187837088182e-02
1.255246274495095093e+02 5.024483060439821429e+02 2.220071283087206737e+01 0.000000000000000000e+00 0.000000000000000000e+00 -3.353138246015419099e-02
-2.135731785358638035e+02 2.325449832547552944e+02 2.026502677570656630e+01 0.000000000000000000e+00 0.000000000000000000e+00 2.348007886492808893e-02
1.467164196216542678e+02 2.162379521575214767e+02 1.986938980878965566e+01 0.000000000000000000e+00 0.000000000000000000e+00 -1.075896931817510449e-02
2.679702642436128102e+01 6.087184285392978467e+01 1.910202847820335847e+01 0.000000000000000000e+00 0.000000000000000000e+00 -5.338921099363602707e-02
-1.994748905918067408e+02 -1.678059829698840701e+02 1.988221380398440274e+01 0.000000000000000000e+00 0.000000000000000000e+00 -5.711707328629245239e-03
1.575918783805361159e+02 -1.733252755946032551e+02 1.971268363872853513e+01 0.000000000000000000e+00 0.000000000000000000e+00 -3.293838528801984467e-02
-1.785215769474783656e+02 -4.729214416373179688e+02 2.201152916310371666e+01 0.000000000000000000e+00 0.000000000000000000e+00 -2.660078841293511687e-02
2.260006200295872532e+02 -4.831045299199312808e+02 2.236635011567437203e+01 0.000000000000000000e+00 0.000000000000000000e+00 -1.450544138261022908e-02
-2.661047708426002600e+01 -6.437494164513806254e+02 2.378145984259216661e+01 0.000000000000000000e+00 0.000000000000000000e+00 -6.426880406706914073e-03
-2.234171210059372470e+02 -8.677591611902201976e+02 2.823045837467319075e+01 0.000000000000000000e+00 0.000000000000000000e+00 -2.234925814624943996e-02
1.708969300766459014e+02 -8.770905541585012770e+02 2.815210820862106544e+01 0.000000000000000000e+00 0.000000000000000000e+00 -5.455042908302232263e-03
-1.806514684834813806e+02 -1.198890980038900125e+03 3.570247135459639054e+01 0.000000000000000000e+00 0.000000000000000000e+00 3.536477797915438259e-03
2.060512860538283348e+02 -1.187301082798072457e+03 3.551633670998372594e+01 0.000000000000000000e+00 0.000000000000000000e+00 -1.805147735534262665e-02
-4.202754299121097858e+01 -1.347397512893115163e+03 3.954757453881634177e+01 0.000000000000000000e+00 0.000000000000000000e+00 1.241615682383923058e-02
-1.853744710409063146e+02 -1.576217700227837213e+03 4.743220027785355342e+01 0.000000000000000000e+00 0.000000000000000000e+00 5.188064066986441958e-02
1.671211081945585306e+02 -1.587076813700602543e+03 4.773448117476978325e+01 0.000000000000000000e+00 0.000000000000000000e+00 8.466052360745379701e-03
-1.706436103033150289e+02 -1.915698956219624961e+03 6.058089503436699630e+01 0.000000000000000000e+00 0.000000000000000000e+00 3.056486387003332084e-02
1.832734194718573804e+02 -1.895218139917339613e+03 5.976776125413751828e+01 0.000000000000000000e+00 0.000000000000000000e+00 -5.989294149574675430e-02
2.852294811471943703e+01 -2.059427111318686457e+03 6.658763682770874937e+01 0.000000000000000000e+00 0.000000000000000000e+00 -5.091638423238009636e-03
-1.846361558063196071e+02 -2.303190780576378984e+03 7.885525567274336822e+01 0.000000000000000000e+00 0.000000000000000000e+00 1.694441915796573994e-02
1.536203012124929046e+02 -2.291904580917090698e+03 7.814459454626432944e+01 0.000000000000000000e+00 0.000000000000000000e+00 1.586671481605606004e-02
-1.774504843553759770e+02 -2.601604396076661942e+03 9.515190479332946438e+01 0.000000000000000000e+00 0.000000000000000000e+00 -3.559968503421373498e-02
1.699869381744595671e+02 -2.631198321921437582e+03 9.684909258538638710e+01 0.000000000000000000e+00 0.000000000000000000e+00 3.920178562128739941e-02
1.435960489380951444e+01 -2.768495818441599113e+03 1.047744381308653772e+02 0.000000000000000000e+00 0.000000000000000000e+00 -3.085013117171797603e-02
-1.524174280593335311e+02 -3.021787753799444545e+03 1.215133110018173852e+02 0.000000000000000000e+00 0.000000000000000000e+00 -2.160378189263667537e-02
1.482685679833096515e+02 -2.995242743895667445e+03 1.197031600397414195e+02 0.000000000000000000e+00 0.000000000000000000e+00 -7.075272479553973426e-03
4.718192796754234450e+02 -3.070231491778748932e+03 1.273865986283529139e+02 0.000000000000000000e+00 0.000000000000000000e+00 4.229974172760364581e-02
8.581527676325631546e+02 -3.074441261577992464e+03 1.342805765889642942e+02 0.000000000000000000e+00 0.000000000000000000e+00 6.303227074985784384e-02
6.782898618359640750e+02 -2.847722297454894033e+03 1.156287837482309868e+02 0.000000000000000000e+00 0.000000000000000000e+00 -1.874206926605381796e-02
8.767351319182190537e+02 -2.688017303023497334e+03 1.096566528524484028e+02 0.000000000000000000e+00 0.000000000000000000e+00 3.940338505169904693e-02
4.898033990901649872e+02 -2.679856337818711381e+03 1.024220541420632742e+02 0.000000000000000000e+00 0.000000000000000000e+00 8.825689088979515873e-03
4.856422741493838657e+02 -2.384736469192908771e+03 8.567265802210194181e+01 0.000000000000000000e+00 0.000000000000000000e+00 6.339197499571014305e-02
8.684803493729762067e+02 -2.363065537781884359e+03 9.110575331456850279e+01 0.000000000000000000e+00 0.000000000000000000e+00 -7.898985406825431710e-03
6.922213238647498201e+02 -2.149891793815988876e+03 7.687778194329422377e+01 0.000000000000000000e+00 0.000000000000000000e+00 -1.620630758584695741e-02
5.050071999733226562e+02 -1.972749039212304524e+03 6.590308666121848091e+01 0.000000000000000000e+00 0.000000000000000000e+00 -1.630580072261977875e-02
8.735153189281658115e+02 -1.975056303287187802e+03 7.243127134201580475e+01 0.000000000000000000e+00 0.000000000000000000e+00 2.685181366246069956e-03
8.556568655355835062e+02 -1.657602239985606502e+03 5.917868922299843604e+01 0.000000000000000000e+00 0.000000000000000000e+00 -1.002192403555568490e-02
4.599972799344777172e+02 -1.655998115823206717e+03 5.254309131400270871e+01 0.000000000000000000e+00 0.000000000000000000e+00 2.783411039021643774e-02
6.415465262555642312e+02 -1.407842691964074675e+03 4.657946711200178669e+01 0.000000000000000000e+00 0.000000000000000000e+00 3.892319721548886946e-02
8.589089002884379624e+02 -1.272477767099528137e+03 4.664840463666929793e+01 0.000000000000000000e+00 0.000000000000000000e+00 2.997228587815214951e-02
4.970379772025827378e+02 -1.260465771168879655e+03 4.010412286849279440e+01 0.000000000000000000e+00 0.000000000000000000e+00 1.219808278925427203e-02
4.655084801251083491e+02 -9.473232913311051107e+02 3.196581541581222652e+01 0.000000000000000000e+00 0.000000000000000000e+00 5.712674903708858665e-03
8.580630297421315618e+02 -9.485546889317649857e+02 3.857506331993526771e+01 0.000000000000000000e+00 0.000000000000000000e+00 -2.648993667992982637e-02
6.886533415787570220e+02 -6.976570676232684036e+02 3.060775206005928695e+01 0.000000000000000000e+00 0.000000000000000000e+00 -5.359482669648940600e-02
4.952510369139251907e+02 -5.435246270478996848e+02 2.553843793015458630e+01 0.000000000000000000e+00 0.000000000000000000e+00 3.047896720266152215e-02
8.780371567283164040e+02 -5.554630648765421483e+02 3.237932113884382090e+01 0.000000000000000000e+00 0.000000000000000000e+00 1.079331086564394582e-02
8.766699824127395004e+02 -2.468963511336352497e+02 2.957621969829911990e+01 0.000000000000000000e+00 0.000000000000000000e+00 2.046581423645577047e-02
4.604409844177618538e+02 -2.372436174150303998e+02 2.240305897435595739e+01 0.000000000000000000e+00 0.000000000000000000e+00 2.327613255302907191e-02
6.454202048642408727e+02 1.346020875045602061e+01 2.440008534661480866e+01 0.000000000000000000e+00 0.000000000000000000e+00 3.155266196437267467e-02
5.178031558868644879e+02 1.524389056994127145e+02 2.277024307603089426e+01 0.000000000000000000e+00 0.000000000000000000e+00 -2.484818849108805239e-02
8.448089654688603787e+02 1.905826092983245132e+02 2.867675176066889975e+01 0.000000000000000000e+00 0.000000000000000000e+00 3.462740121349483502e-02
8.801946475434345984e+02 4.732235435642030552e+02 3.172499269938543165e+01 0.000000000000000000e+00 0.000000000000000000e+00 3.840241716783765469e-03
5.057825796045112838e+02 4.790267694561131862e+02 2.504531192379956650e+01 0.000000000000000000e+00 0.000000000000000000e+00 -6.361054300509039194e-03
6.835812128670247603e+02 7.975275103489512958e+02 3.264489345493787198e+01 0.000000000000000000e+00 0.000000000000000000e+00 2.020867533215664480e-02
8.726340795237991870e+02 8.680200369449719346e+02 3.792020452675409103e+01 0.000000000000000000e+00 0.000000000000000000e+00 3.253777341305408299e-02
4.759693163181385671e+02 8.691900112333477182e+02 3.091754333323588355e+01 0.000000000000000000e+00 0.000000000000000000e+00 -8.246997393239752228e-03
8.584926047047239308e+02 1.175431539055034591e+03 4.521550444326734919e+01 0.000000000000000000e+00 0.000000000000000000e+00 1.585630482189515078e-03
4.806064375624217178e+02 1.185904785478320719e+03 3.880693889587841738e+01 0.000000000000000000e+00 0.000000000000000000e+00 5.668125815883939822e-02
6.431848280070535111e+02 1.428182665248550620e+03 4.894912146825677013e+01 0.000000000000000000e+00 0.000000000000000000e+00 2.831010504024789043e-03
8.634712481042723766e+02 1.584082632397092766e+03 5.917897787382567998e+01 0.000000000000000000e+00 0.000000000000000000e+00 2.558705930115223737e-02
5.134307616669524350e+02 1.594585073708348318e+03 5.311606939322944498e+01 0.000000000000000000e+00 0.000000000000000000e+00 3.400715694684919299e-02
8.599958670620029579e+02 1.897952242607686458e+03 7.270784069631451985e+01 0.000000000000000000e+00 0.000000000000000000e+00 1.892422948996852483e-02
4.894980522623933439e+02 1.881370575020201613e+03 6.513925863899601154e+01 0.000000000000000000e+00 0.000000000000000000e+00 1.711947590152362864e-02
6.708670645405446749e+02 2.129867927963789498e+03 8.050587634688464789e+01 0.000000000000000000e+00 0.000000000000000000e+00 -2.049051161598924864e-02
8.678981672011894943e+02 2.284339452493262797e+03 9.331574452479692638e+01 0.000000000000000000e+00 0.000000000000000000e+00 -1.544126849753979513e-02
5.020625792476478182e+02 2.301123784326262466e+03 8.739319520025054544e+01 0.000000000000000000e+00 0.000000000000000000e+00 2.679891112337884351e-02
8.649601617034211358e+02 2.607934249256688872e+03 1.135587659325304202e+02 0.000000000000000000e+00 0.000000000000000000e+00 4.381474967843246304e-03
4.799755150381005819e+02 2.611629018085134703e+03 1.065927251496200370e+02 0.000000000000000000e+00 0.000000000000000000e+00 3.507222726962311299e-02
6.699815026927095687e+02 2.844348647729049844e+03 1.260931777529909965e+02 0.000000000000000000e+00 0.000000000000000000e+00 4.982715666155002054e-02
8.835226180718249225e+02 2.995133719669618131e+03 1.423008324023160753e+02 0.000000000000000000e+00 0.000000000000000000e+00 3.237880557833250350e-02
4.828675178273180677e+02 3.005334390713101129e+03 1.353581966286637055e+02 0.000000000000000000e+00 0.000000000000000000e+00 -6.521524764124819740e-02
1.167330761663547946e+03 3.009000825871508368e+03 1.516539153507912943e+02 0.000000000000000000e+00 0.000000000000000000e+00 -4.291288639910817437e-02
1.542343883366929504e+03 3.053771561713886058e+03 1.697344364289204464e+02 0.000000000000000000e+00 0.000000000000000000e+00 4.592088020859819153e-02
1.442832854662355885e+03 2.907899470044832924e+03 1.539552770718939882e+02 0.000000000000000000e+00 0.000000000000000000e+00 3.035109365004018400e-02
1.242785112700764103e+03 2.685779950465748698e+03 1.300521450888164736e+02 0.000000000000000000e+00 0.000000000000000000e+00 6.042865646065820329e-03
1.542984680276501422e+03 2.657024814620025154e+03 1.397953295276664676e+02 0.000000000000000000e+00 0.000000000000000000e+00 -2.404409425093945174e-02
1.232308280359559831e+03 2.373977666233472064e+03 1.092446096601049987e+02 0.000000000000000000e+00 0.000000000000000000e+00 8.706465969211762967e-03
1.571363909980952258e+03 2.369454331984445616e+03 1.221793738511894247e+02 0.000000000000000000e+00 0.000000000000000000e+00 -1.192804397527424953e-02
1.411389033262690191e+03 2.212068819150355012e+03 1.062542595944441359e+02 0.000000000000000000e+00 0.000000000000000000e+00 -2.093826078328220319e-02
1.224403942351263368e+03 1.965002081844254008e+03 8.632265421903026947e+01 0.000000000000000000e+00 0.000000000000000000e+00 -1.520182821670346129e-02
1.536894228135340427e+03 1.955054130733642523e+03 9.764198662238379711e+01 0.000000000000000000e+00 0.000000000000000000e+00 6.294586524656153870e-02
1.213221003644402799e+03 1.659910742229215884e+03 7.203485209203444128e+01 0.000000000000000000e+00 0.000000000000000000e+00 3.761551802465135097e-02
1.584243126015986263e+03 1.649746756990909489e+03 8.568150410320862420e+01 0.000000000000000000e+00 0.000000000000000000e+00 -1.534249507565732529e-02
1.408946298054133422e+03 1.493627777441835406e+03 7.240716013052644939e+01 0.000000000000000000e+00 0.000000000000000000e+00 -3.274769698819568475e-03
1.177410735048753168e+03 1.254930844492700544e+03 5.622498552162930707e+01 0.000000000000000000e+00 0.000000000000000000e+00 -3.920571779828208037e-02
1.568924574545549376e+03 1.262923037162455785e+03 7.086366393667526609e+01 0.000000000000000000e+00 0.000000000000000000e+00 -8.896261574449226828e-03
1.215549448614846824e+03 9.516686327472193625e+02 4.921825382809581129e+01 0.000000000000000000e+00 0.000000000000000000e+00 -5.973988019398746019e-03
1.586551762963137662e+03 9.565765798578946715e+02 6.312633088476951571e+01 0.000000000000000000e+00 0.000000000000000000e+00 4.232727017013360182e-02
1.395736712974910006e+03 7.851425489670414208e+02 5.188653812325749470e+01 0.000000000000000000e+00 0.000000000000000000e+00 7.194047547301352097e-03
1.221701804285875141e+03 5.579591896041904420e+02 4.215409038318215096e+01 0.000000000000000000e+00 0.000000000000000000e+00 -2.392906449858855922e-02
1.541205061088302500e+03 5.276782916564500283e+02 5.332777762898354723e+01 0.000000000000000000e+00 0.000000000000000000e+00 8.080854018594152421e-03
1.199164012689872607e+03 2.421786650554326741e+02 3.833731183599782355e+01 0.000000000000000000e+00 0.000000000000000000e+00 5.662020094786868185e-02
1.566681448203964692e+03 2.178259012293721071e+02 5.142979149137114092e+01 0.000000000000000000e+00 0.000000000000000000e+00 9.349208332096736740e-03
1.406498021152620140e+03 6.104180325278612429e+01 4.462596000274805874e+01 0.000000000000000000e+00 0.000000000000000000e+00 2.733960053640771548e-02
1.171908219326085828e+03 -1.499792957478085498e+02 3.693005973931245478e+01 0.000000000000000000e+00 0.000000000000000000e+00 -1.549199148584534669e-03
1.540043621374972645e+03 -1.970116570479351878e+02 4.998651307441847536e+01 0.000000000000000000e+00 0.000000000000000000e+00 3.705228153343398390e-03
1.169337393598577819e+03 -4.775110364238448710e+02 3.910189092202706718e+01 0.000000000000000000e+00 0.000000000000000000e+00 1.540470871606913761e-02
1.574753876945633010e+03 -4.806812645721523722e+02 5.343200825003560794e+01 0.000000000000000000e+00 0.000000000000000000e+00 8.197100713987737208e-02
1.391667711984728840e+03 -6.364303972670365965e+02 4.836292689691542535e+01 0.000000000000000000e+00 0.000000000000000000e+00 3.263509579726786569e-02
1.197444071589341092e+03 -8.854363791231182859e+02 4.615338945539387794e+01 0.000000000000000000e+00 0.000000000000000000e+00 4.831070420159733203e-02
1.575007097135018967e+03 -8.713620271982509848e+02 5.926896251123407922e+01 0.000000000000000000e+00 0.000000000000000000e+00 7.267381665826633252e-03
1.191101079239955425e+03 -1.191177310497821509e+03 5.305312959861957722e+01 0.000000000000000000e+00 0.000000000000000000e+00 3.047950742788430034e-02
1.563142810634567468e+03 -1.197597166336779992e+03 6.630079963281531263e+01 0.000000000000000000e+00 0.000000000000000000e+00 -7.417177213682180081e-04
1.409369635617156746e+03 -1.357819522118150417e+03 6.502499952957487039e+01 0.000000000000000000e+00 0.000000000000000000e+00 2.070325329343347676e-02
1.195690557769081806e+03 -1.596844610750441007e+03 6.581859731376161449e+01 0.000000000000000000e+00 0.000000000000000000e+00 -5.262367643361187675e-02
1.554746143600502137e+03 -1.580584428737980488e+03 7.783317244126574508e+01 0.000000000000000000e+00 0.000000000000000000e+00 3.614243457269594728e-02
1.236225153840438225e+03 -1.890095684234659529e+03 7.848540748176877457e+01 0.000000000000000000e+00 0.000000000000000000e+00 -9.944168981988354972e-03
1.561600303441865435e+03 -1.896686243440813541e+03 9.038579203493725345e+01 0.000000000000000000e+00 0.000000000000000000e+00 -3.754899568021130563e-02
1.404138965385843449e+03 -2.063540626962942042e+03 9.180170898138062796e+01 0.000000000000000000e+00 0.000000000000000000e+00 1.421436803353515188e-02
1.196850787230157266e+03 -2.297151975313753610e+03 9.631140024000931987e+01 0.000000000000000000e+00 0.000000000000000000e+00 -2.946441228412766122e-02
1.559010338195129179e+03 -2.300350111455190472e+03 1.092557839366470347e+02 0.000000000000000000e+00 0.000000000000000000e+00 6.787149863755814749e-02
1.210594436941022650e+03 -2.609550587077156706e+03 1.139121201212402923e+02 0.000000000000000000e+00 0.000000000000000000e+00 3.225999820315905708e-02
1.543357658003764755e+03 -2.644952808661920699e+03 1.277906994728213590e+02 0.000000000000000000e+00 0.000000000000000000e+00 -1.348374866972790187e-02
1.388159191988267139e+03 -2.771133506999299698e+03 1.296247365364996540e+02 0.000000000000000000e+00 0.000000000000000000e+00 7.431597365928155341e-02
1.212415776329190976e+03 -3.007245804146858063e+03 1.391247716604046332e+02 0.000000000000000000e+00 0.000000000000000000e+00 2.247595676305991219e-02
1.537059799819573755e+03 -3.020327247172895113e+03 1.515802276525740808e+02 0.000000000000000000e+00 0.000000000000000000e+00 1.679329598601952966e-02
1.870881494333584897e+03 -2.372057050946059007e+03 1.268160956876163397e+02 0.000000000000000000e+00 0.000000000000000000e+00 2.497420154739415921e-03
2.230360230621247410e+03 -2.338442933747827283e+03 1.441979573375925270e+02 0.000000000000000000e+00 0.000000000000000000e+00 -6.468113598771196848e-02
2.083656249674347691e+03 -2.116081975865966342e+03 1.247874419339776182e+02 0.000000000000000000e+00 0.000000000000000000e+00 -1.818712798254296104e-03
1.876881194427825903e+03 -1.955761500857331612e+03 1.068633898285413579e+02 0.000000000000000000e+00 0.000000000000000000e+00 1.529406839037505961e-02
2.254329639052840321e+03 -1.907430482058015059e+03 1.249714029270261904e+02 0.000000000000000000e+00 0.000000000000000000e+00 -8.739830111987600958e-02
2.264048613642268720e+03 -1.651691350228340980e+03 1.153373672522936317e+02 0.000000000000000000e+00 0.000000000000000000e+00 -4.820296962208203695e-03
1.928482633995009792e+03 -1.659140289403388124e+03 9.739341767304212283e+01 0.000000000000000000e+00 0.000000000000000000e+00 -3.016266385922961035e-02
2.077657739836940891e+03 -1.431613711986006820e+03 9.726217675744486257e+01 0.000000000000000000e+00 0.000000000000000000e+00 -7.295037915412194707e-02
1.899697205643115012e+03 -1.259084046164246502e+03 8.295258548994809189e+01 0.000000000000000000e+00 0.000000000000000000e+00 -5.239132277948499450e-02
2.266949744998726146e+03 -1.204404700238786972e+03 1.012728461074611914e+02 0.000000000000000000e+00 0.000000000000000000e+00 1.465954749495779197e-02
2.286647899185903498e+03 -9.354561403327364815e+02 9.609172850191998805e+01 0.000000000000000000e+00 0.000000000000000000e+00 4.562750154585160089e-02
1.968089966628510865e+03 -9.163903068965996681e+02 7.810337748167356153e+01 0.000000000000000000e+00 0.000000000000000000e+00 -4.320156725607660064e-02
2.089418729145461839e+03 -7.117856945117944178e+02 8.083517254014117270e+01 0.000000000000000000e+00 0.000000000000000000e+00 8.954230790436668030e-05
1.926049628487398422e+03 -5.386835757071384023e+02 6.997616580459840918e+01 0.000000000000000000e+00 0.000000000000000000e+00 8.213644315326007472e-02
2.265371158900392402e+03 -4.740902759280949113e+02 8.781705226303310496e+01 0.000000000000000000e+00 0.000000000000000000e+00 -3.068851108433534591e-02
2.272892875813926821e+03 -2.333262883700753605e+02 8.657019840020299739e+01 0.000000000000000000e+00 0.000000000000000000e+00 3.525856835078400309e-02
1.973605339307847771e+03 -1.947656563092760393e+02 6.977809781370066844e+01 0.000000000000000000e+00 0.000000000000000000e+00 4.806273462432386623e-02
2.088260618093948779e+03 3.766934675588667680e+00 7.563869853713487146e+01 0.000000000000000000e+00 0.000000000000000000e+00 -4.742031897544052299e-02
2.289224061900514243e+03 1.735714597887944421e+02 8.780352330190871157e+01 0.000000000000000000e+00 0.000000000000000000e+00 -5.920870037486736237e-02
1.959211641229571114e+03 2.154490328437876201e+02 6.954904304531051196e+01 0.000000000000000000e+00 0.000000000000000000e+00 -4.899330165150672656e-02
1.899458004416895847e+03 4.651483903818164549e+02 6.877783713546553201e+01 0.000000000000000000e+00 0.000000000000000000e+00 7.312269449926134257e-03
2.278552358876703693e+03 4.833298980809969976e+02 9.001378227854894476e+01 0.000000000000000000e+00 0.000000000000000000e+00 1.546337308326428683e-03
2.091390368940146800e+03 7.111412249167226491e+02 8.268184795008480137e+01 0.000000000000000000e+00 0.000000000000000000e+00 -2.514028143173163699e-02
1.934689502768162811e+03 8.935428149611286699e+02 7.800256887457049970e+01 0.000000000000000000e+00 0.000000000000000000e+00 3.983510106169774190e-02
2.294219075346040427e+03 9.545507719884103608e+02 9.985507238593487500e+01 0.000000000000000000e+00 0.000000000000000000e+00 -3.464143207553149750e-02
2.280866616733919727e+03 1.187259301122932811e+03 1.054826776045470922e+02 0.000000000000000000e+00 0.000000000000000000e+00 7.375029102490771038e-03
1.968956468624857735e+03 1.221723210768488116e+03 8.861529113081739695e+01 0.000000000000000000e+00 0.000000000000000000e+00 -2.422617231070489652e-02
2.111288628889937627e+03 1.427214775669717255e+03 1.034450494810951966e+02 0.000000000000000000e+00 0.000000000000000000e+00 9.706737185837255311e-03
1.908217470197263310e+03 1.598918607473448446e+03 9.898146834682590622e+01 0.000000000000000000e+00 0.000000000000000000e+00 -3.478033724040585639e-02
2.231855416706349388e+03 1.619947085971410161e+03 1.181824056244522012e+02 0.000000000000000000e+00 0.000000000000000000e+00 3.786809165853810555e-02
2.298090383620308330e+03 1.897223231541031055e+03 1.350243883909784017e+02 0.000000000000000000e+00 0.000000000000000000e+00 4.663794395895592970e-02
1.973879998814867122e+03 1.926593621343499308e+03 1.173274833660021841e+02 0.000000000000000000e+00 0.000000000000000000e+00 6.210317580429602913e-02
2.079701171354135568e+03 2.142031034595163419e+03 1.346677681903596806e+02 0.000000000000000000e+00 0.000000000000000000e+00 6.259150897753329446e-02
2.285826920152475850e+03 2.297113830678003524e+03 1.563104726159131701e+02 0.000000000000000000e+00 0.000000000000000000e+00 -6.705074546971445670e-03
1.957221362945004103e+03 2.331491087218370922e+03 1.388557125187021484e+02 0.000000000000000000e+00 0.000000000000000000e+00 -2.218273986443364265e-02
2.914741328868179608e+03 1.605282199065147324e+03 1.661758304317136208e+02 0.000000000000000000e+00 0.000000000000000000e+00 4.830450545728126599e-02
2.680551596573827283e+03 1.617160980600890980e+03 1.484701352218966406e+02 0.000000000000000000e+00 0.000000000000000000e+00 -4.538997845978087753e-02
2.795377193154089127e+03 1.494466045543326800e+03 1.521103114109239129e+02 0.000000000000000000e+00 0.000000000000000000e+00 -1.942511330608454045e-02
2.592626684901705630e+03 1.266392552237053224e+03 1.287232808948759271e+02 0.000000000000000000e+00 0.000000000000000000e+00 -5.988420843232233892e-02
2.937256549998352966e+03 1.237686709806669569e+03 1.539658051038362032e+02 0.000000000000000000e+00 0.000000000000000000e+00 -7.631654009503563429e-02
2.618050082834975001e+03 9.465703306431475994e+02 1.211820897463878737e+02 0.000000000000000000e+00 0.000000000000000000e+00 1.119109071659352139e-02
2.969740667502799170e+03 9.430403634155708232e+02 1.479101800410116709e+02 0.000000000000000000e+00 0.000000000000000000e+00 -9.615060332265557008e-03
2.807768891168480422e+03 7.966536426484896083e+02 1.316648191032198838e+02 0.000000000000000000e+00 0.000000000000000000e+00 5.205644485954508127e-03
2.588436817349278499e+03 5.460913068196640552e+02 1.110736702624241161e+02 0.000000000000000000e+00 0.000000000000000000e+00 4.035984919035229268e-02
2.990969859189371618e+03 5.491826317656393712e+02 1.414811907769349375e+02 0.000000000000000000e+00 0.000000000000000000e+00 3.783952600375073416e-02
2.650614318394069869e+03 2.159692110742673776e+02 1.118181151078036351e+02 0.000000000000000000e+00 0.000000000000000000e+00 6.046096831795466642e-04
2.980241889767728026e+03 2.298738850597127055e+02 1.368616885084874184e+02 0.000000000000000000e+00 0.000000000000000000e+00 3.696817384786754701e-02
2.811748199551410380e+03 6.355620095975422146e+01 1.228007147866343445e+02 0.000000000000000000e+00 0.000000000000000000e+00 5.977702929229167239e-02
2.580374836482131286e+03 -1.647555614078919177e+02 1.060409204524033271e+02 0.000000000000000000e+00 0.000000000000000000e+00 4.100285321302976627e-02
2.921421405261888594e+03 -2.050321583591811816e+02 1.311379265234687921e+02 0.000000000000000000e+00 0.000000000000000000e+00 4.157708609483279361e-03
2.612110855114992319e+03 -4.787234400536281669e+02 1.101026010532800399e+02 0.000000000000000000e+00 0.000000000000000000e+00 3.640408343621004406e-02
2.975086043578412500e+03 -4.850405719005150900e+02 1.371057060958173395e+02 0.000000000000000000e+00 0.000000000000000000e+00 3.013977126775557736e-02
2.828744267554545331e+03 -6.486691712949797193e+02 1.276828378666349835e+02 0.000000000000000000e+00 0.000000000000000000e+00 -8.822784681711937083e-03
2.573203564802231995e+03 -8.666779516891022013e+02 1.129717310781131943e+02 0.000000000000000000e+00 0.000000000000000000e+00 -6.675902938044941948e-02
2.984859826454255654e+03 -8.696645427705940392e+02 1.433039201997509338e+02 0.000000000000000000e+00 0.000000000000000000e+00 -5.924876488094810156e-02
2.644654477343086455e+03 -1.200634033156797614e+03 1.254407582833123058e+02 0.000000000000000000e+00 0.000000000000000000e+00 -8.526241579545512650e-03
2.982473024020074263e+03 -1.191151947595217734e+03 1.503307455405873725e+02 0.000000000000000000e+00 0.000000000000000000e+00 -3.273889473803137662e-02
2.819221106811682148e+03 -1.356963921741412832e+03 1.424485067760202242e+02 0.000000000000000000e+00 0.000000000000000000e+00 1.472557960920539699e-02
2.608670417723169976e+03 -1.596788592628259266e+03 1.352911550905793376e+02 0.000000000000000000e+00 0.000000000000000000e+00 -2.996052604541432629e-02
2.979231189456650554e+03 -1.586685687521709497e+03 1.622967122745368158e+02 0.000000000000000000e+00 0.000000000000000000e+00 -4.112859425137571634e-02
