# x y z x_res y_res z_res
-2.995741730565954640e+03 1.572957145985138368e+03 1.714717471155866804e+02 0.000000000000000000e+00 0.000000000000000000e+00 2.912624423819920594e-02
-2.610562335512287063e+03 1.586308119725172901e+03 1.420357107076904128e+02 0.000000000000000000e+00 0.000000000000000000e+00 2.513798579130366306e-02
-2.784981513178818204e+03 1.479998491803230763e+03 1.507337730564730407e+02 0.000000000000000000e+00 0.000000000000000000e+00 -5.991072896563309769e-03
-2.600199767240038000e+03 1.241458881581849255e+03 1.284378571582844302e+02 0.000000000000000000e+00 0.000000000000000000e+00 2.940135806855437295e-02
-3.002308119257309500e+03 1.258688745209140507e+03 1.600126969616319457e+02 0.000000000000000000e+00 0.000000000000000000e+00 -2.061551900411018323e-02
-2.990818611845173564e+03 9.380993099603208520e+02 1.495062290170818358e+02 0.000000000000000000e+00 0.000000000000000000e+00 5.066547105673180340e-02
-2.625338432926769201e+03 9.239968388342094840e+02 1.211401002030266909e+02 0.000000000000000000e+00 0.000000000000000000e+00 -1.971340704731971982e-02
-2.787659547525350717e+03 7.729604882305372939e+02 1.296297539398187837e+02 0.000000000000000000e+00 0.000000000000000000e+00 2.083326784716632574e-02
-2.975877154589332349e+03 5.387398427482386296e+02 1.400945007271452312e+02 0.000000000000000000e+00 0.000000000000000000e+00 8.399318999363458715e-02
-2.581476096116462486e+03 5.187425341630762432e+02 1.101894271597276997e+02 0.000000000000000000e+00 0.000000000000000000e+00 -3.106856136821534164e-02
-2.596746662397407363e+03 2.179138075402796630e+02 1.080547090558957279e+02 0.000000000000000000e+00 0.000000000000000000e+00 -1.007952077006279978e-02
-2.968580071928339748e+03 2.139196401723748124e+02 1.358043060382046008e+02 0.000000000000000000e+00 0.000000000000000000e+00 6.597730944378099593e-03
-2.797236960762284070e+03 6.749347841243817925e+01 1.217244756579690517e+02 0.000000000000000000e+00 0.000000000000000000e+00 4.964403455909405238e-02
-2.623714288251642756e+03 -1.686632465042730757e+02 1.090417249933686890e+02 0.000000000000000000e+00 0.000000000000000000e+00 -9.364982617839245904e-03
-2.965208244604851188e+03 -1.872852223356552486e+02 1.345434623237796643e+02 0.000000000000000000e+00 0.000000000000000000e+00 3.252900625074062191e-02
-2.603300217671443079e+03 -4.751188684399176054e+02 1.094607880641292184e+02 0.000000000000000000e+00 0.000000000000000000e+00 -5.596674037917637179e-03
-2.981287463767752342e+03 -4.854167291259169588e+02 1.376027634676940750e+02 0.000000000000000000e+00 0.000000000000000000e+00 4.978877073494913930e-02
-2.797594574540149551e+03 -6.382300144893919196e+02 1.252174351899613072e+02 0.000000000000000000e+00 0.000000000000000000e+00 -4.282064352261727436e-02
-2.598698230006478752e+03 -8.733238818758085245e+02 1.148312452075034287e+02 0.000000000000000000e+00 0.000000000000000000e+00 -6.902750560641379707e-03
-2.976638146015333405e+03 -8.793805262056789616e+02 1.428336383205733284e+02 0.000000000000000000e+00 0.000000000000000000e+00 9.445894376966634809e-03
-2.990743475814848807e+03 -1.178277847200867200e+03 1.506519057632462761e+02 0.000000000000000000e+00 0.000000000000000000e+00 -2.436898281249000320e-02
-2.577040872745994420e+03 -1.225987518893644392e+03 1.214822878939129112e+02 0.000000000000000000e+00 0.000000000000000000e+00 1.526104480961976151e-02
-2.780102826398750949e+03 -1.361488210747078938e+03 1.396909805069236370e+02 0.000000000000000000e+00 0.000000000000000000e+00 -1.305412730147281763e-03
-2.592057316613379953e+03 -1.572592161481165704e+03 1.332985385471222344e+02 0.000000000000000000e+00 0.000000000000000000e+00 -5.523219371517029685e-02
-2.960591217164119826e+03 -1.608935299353127903e+03 1.616222846724487283e+02 0.000000000000000000e+00 0.000000000000000000e+00 1.655447903286244582e-02
-2.301209769218011388e+03 -2.299618261242401331e+03 1.463572950556833803e+02 0.000000000000000000e+00 0.000000000000000000e+00 1.650393381410708571e-02
-1.907619192177187415e+03 -2.291974903332238227e+03 1.244069914189277029e+02 0.000000000000000000e+00 0.000000000000000000e+00 -5.593118573197841670e-02
-2.097880386776931573e+03 -2.134583413385280437e+03 1.264444881582653295e+02 0.000000000000000000e+00 0.000000000000000000e+00 -3.720749402782530524e-02
-2.296345733347692203e+03 -1.982884236781541631e+03 1.307624607305881739e+02 0.000000000000000000e+00 0.000000000000000000e+00 -1.770378288497909125e-02
-1.946869032097728223e+03 -1.969860559235896517e+03 1.109380803663456021e+02 0.000000000000000000e+00 0.000000000000000000e+00 -3.036602773183005866e-02
-2.332753505056846734e+03 -1.640339930572302819e+03 1.190307274753555475e+02 0.000000000000000000e+00 0.000000000000000000e+00 -4.483165806794886521e-02
-1.945260734227522562e+03 -1.640978411648746260e+03 9.756180895579028345e+01 0.000000000000000000e+00 0.000000000000000000e+00 5.734555828054510584e-02
-2.132749795126174831e+03 -1.410373070832697977e+03 9.959316119089132258e+01 0.000000000000000000e+00 0.000000000000000000e+00 -1.092105941295073990e-02
-2.337654468304839611e+03 -1.250771548767723516e+03 1.067745309632668551e+02 0.000000000000000000e+00 0.000000000000000000e+00 -7.952148292791605400e-02
-1.952854790335231883e+03 -1.212221331727587994e+03 8.430642795422197366e+01 0.000000000000000000e+00 0.000000000000000000e+00 -1.867231552520820514e-02
-2.303926303606126112e+03 -9.498289940271646401e+02 9.742306246454435836e+01 0.000000000000000000e+00 0.000000000000000000e+00 5.514199244069573069e-02
-1.949132655258679279e+03 -9.332139593743771684e+02 7.748638833043324325e+01 0.000000000000000000e+00 0.000000000000000000e+00 -2.105679313342534442e-02
-2.117468081429456106e+03 -7.177885481827810281e+02 8.246242624594259496e+01 0.000000000000000000e+00 0.000000000000000000e+00 8.098813032759721864e-03
-2.309313945294634777e+03 -5.674599613255003305e+02 9.146815529266432065e+01 0.000000000000000000e+00 0.000000000000000000e+00 1.423322769885260186e-02
-1.938361014304968876e+03 -5.041392734109388698e+02 7.020725344232255338e+01 0.000000000000000000e+00 0.000000000000000000e+00 1.740629240795499300e-02
-1.912161079097704715e+03 -2.495389058070282147e+02 6.689738775151330685e+01 0.000000000000000000e+00 0.000000000000000000e+00 2.327707381908794559e-02
-2.264998839438903815e+03 -2.232678111234588130e+02 8.605842546580673513e+01 0.000000000000000000e+00 0.000000000000000000e+00 1.618465658357592929e-02
-2.117135451105621087e+03 -4.918707943650771242e+00 7.722397731572360158e+01 0.000000000000000000e+00 0.000000000000000000e+00 -1.349207960652165639e-02
-2.295623582628033091e+03 1.355666867511814075e+02 8.800064248335593220e+01 0.000000000000000000e+00 0.000000000000000000e+00 3.820076209116507471e-02
-1.911197885654542233e+03 2.291215092911484703e+02 6.719163181045516353e+01 0.000000000000000000e+00 0.000000000000000000e+00 -4.994455123822660880e-02
-1.913509575602840414e+03 4.569403300940710437e+02 6.938721535822006103e+01 0.000000000000000000e+00 0.000000000000000000e+00 5.797260433664064294e-02
-2.252741029755303316e+03 4.925666230184874621e+02 8.857700452612974118e+01 0.000000000000000000e+00 0.000000000000000000e+00 6.059193353715386365e-02
-2.119015202639715426e+03 6.958867483410745081e+02 8.395602912211586499e+01 0.000000000000000000e+00 0.000000000000000000e+00 -4.934850014748803915e-03
-2.290433705126155473e+03 8.477469471014150031e+02 9.712045449483784409e+01 0.000000000000000000e+00 0.000000000000000000e+00 1.454155117028221866e-02
-1.928469848864108144e+03 9.349633490302500149e+02 7.864243895408375806e+01 0.000000000000000000e+00 0.000000000000000000e+00 4.977243847648082919e-03
-1.919901050742098732e+03 1.171627515779787018e+03 8.452140950878752790e+01 0.000000000000000000e+00 0.000000000000000000e+00 3.615191842676779288e-02
-2.260458502974594921e+03 1.207035522540371176e+03 1.048375489915044625e+02 0.000000000000000000e+00 0.000000000000000000e+00 -1.507010214538695436e-02
-2.113616907316759807e+03 1.401624990403706079e+03 1.026490932790212867e+02 0.000000000000000000e+00 0.000000000000000000e+00 5.249946493191259833e-02
-2.329937025770373111e+03 1.608399901960672651e+03 1.238447753939960165e+02 0.000000000000000000e+00 0.000000000000000000e+00 2.944708753753388919e-02
-1.939025587684840502e+03 1.622298477085675131e+03 1.015617116721948889e+02 0.000000000000000000e+00 0.000000000000000000e+00 1.553387837333275456e-02
-2.331638604778045192e+03 1.922807429624627957e+03 1.384602070970745729e+02 0.000000000000000000e+00 0.000000000000000000e+00 4.920343081352029913e-03
-1.948915369877100375e+03 1.933210426554178412e+03 1.163066260539940799e+02 0.000000000000000000e+00 0.000000000000000000e+00 3.907828886694630910e-02
-2.142444506526574514e+03 2.148298810693126597e+03 1.387109035854600165e+02 0.000000000000000000e+00 0.000000000000000000e+00 6.830909045100952426e-02
-2.321407964059872938e+03 2.294820635565591147e+03 1.584757448306027925e+02 0.000000000000000000e+00 0.000000000000000000e+00 -1.310932609169412899e-02
-1.955504238260539751e+03 2.327631742905150531e+03 1.385262338652432277e+02 0.000000000000000000e+00 0.000000000000000000e+00 4.896432092061786534e-02
-1.627108813787992631e+03 3.034953744603132236e+03 1.720452416006729095e+02 0.000000000000000000e+00 0.000000000000000000e+00 -1.539795121979636860e-02
-1.246838198012767407e+03 3.039576743006928155e+03 1.568303473263781882e+02 0.000000000000000000e+00 0.000000000000000000e+00 1.120218933607475265e-02
-1.430999248947108299e+03 2.884915239540183848e+03 1.517133657359235031e+02 0.000000000000000000e+00 0.000000000000000000e+00 -3.600960266783204133e-02
-1.607562092814715015e+03 2.667520642895789024e+03 1.433933639282859360e+02 0.000000000000000000e+00 0.000000000000000000e+00 -4.040456666038494404e-02
-1.202371188213475534e+03 2.675112965607051592e+03 1.279201008646693367e+02 0.000000000000000000e+00 0.000000000000000000e+00 3.252113969040237862e-03
-1.614049293096813017e+03 2.369241528975123856e+03 1.240603148899523518e+02 0.000000000000000000e+00 0.000000000000000000e+00 6.389356720370642506e-02
-1.219666022572324209e+03 2.355835522322078759e+03 1.077108639606213529e+02 0.000000000000000000e+00 0.000000000000000000e+00 -4.541844374473669177e-02
-1.417879280058571112e+03 2.198572234513899730e+03 1.057438156412969477e+02 0.000000000000000000e+00 0.000000000000000000e+00 2.518382749229886031e-02
-1.609877594790744070e+03 1.956618635242447453e+03 1.008719310277152772e+02 0.000000000000000000e+00 0.000000000000000000e+00 -6.787635101208877586e-02
-1.219843173384340389e+03 1.970008106494703270e+03 8.641962152450525991e+01 0.000000000000000000e+00 0.000000000000000000e+00 -3.269746274000340236e-03
-1.620034845518994871e+03 1.644127258410031118e+03 8.700568961855299221e+01 0.000000000000000000e+00 0.000000000000000000e+00 1.320571090857924901e-03
-1.246713820850964794e+03 1.628652555355903587e+03 7.186322545434239828e+01 0.000000000000000000e+00 0.000000000000000000e+00 -5.405351523791068757e-02
-1.446585553913729655e+03 1.475841831725103248e+03 7.319553416425969772e+01 0.000000000000000000e+00 0.000000000000000000e+00 5.669269548036481865e-03
-1.620559696804098849e+03 1.245075054689342778e+03 7.251363799375593544e+01 0.000000000000000000e+00 0.000000000000000000e+00 -7.028023856626930410e-02
-1.254128678169038494e+03 1.220918349898217230e+03 5.767576288518121430e+01 0.000000000000000000e+00 0.000000000000000000e+00 -3.248865158356295524e-02
-1.596964773777706569e+03 9.441451055768606011e+02 6.327302653458526294e+01 0.000000000000000000e+00 0.000000000000000000e+00 -3.548761422707968904e-02
-1.213311856033245249e+03 9.397397926458171469e+02 4.887014909254263273e+01 0.000000000000000000e+00 0.000000000000000000e+00 4.664915574851136171e-02
-1.422154397709287423e+03 7.724911983708682328e+02 5.262642131807072587e+01 0.000000000000000000e+00 0.000000000000000000e+00 -2.750367655073659989e-02
-1.235297875258858767e+03 5.316809108796205692e+02 4.224129109188798736e+01 0.000000000000000000e+00 0.000000000000000000e+00 -3.538094696995841559e-02
-1.628203562233541561e+03 5.296882835295192535e+02 5.698103935759198890e+01 0.000000000000000000e+00 0.000000000000000000e+00 -3.088280707883228615e-02
-1.603049023469459144e+03 2.338828213972875574e+02 5.303145086652622808e+01 0.000000000000000000e+00 0.000000000000000000e+00 5.970156934493786594e-02
-1.223741291412529790e+03 2.212751846707936352e+02 3.898902180459933220e+01 0.000000000000000000e+00 0.000000000000000000e+00 1.528939254067296361e-02
-1.406222412406203603e+03 6.256180947920610436e+01 4.461889006269875324e+01 0.000000000000000000e+00 0.000000000000000000e+00 -5.022964763089987628e-02
-1.611206075210049221e+03 -1.801814135955924314e+02 5.282799446569279667e+01 0.000000000000000000e+00 0.000000000000000000e+00 -4.487443343619190728e-02
-1.218804827775765034e+03 -1.686154396599852987e+02 3.843611043520202486e+01 0.000000000000000000e+00 0.000000000000000000e+00 3.672312100469099505e-02
-1.635268027813349363e+03 -4.928420227014167949e+02 5.606628350276432116e+01 0.000000000000000000e+00 0.000000000000000000e+00 -2.357898111392842111e-02
-1.236694559753050271e+03 -4.950421894697396965e+02 4.136772059785991473e+01 0.000000000000000000e+00 0.000000000000000000e+00 1.249458270339687260e-02
-1.403940686771853734e+03 -6.455609369142459855e+02 4.893268135376314376e+01 0.000000000000000000e+00 0.000000000000000000e+00 2.071115504129750207e-03
-1.631680360537260640e+03 -8.863463127969930611e+02 6.189451873549591454e+01 0.000000000000000000e+00 0.000000000000000000e+00 1.683206434343276214e-03
-1.236150892154127860e+03 -8.846119162724597800e+02 4.733858586563282245e+01 0.000000000000000000e+00 0.000000000000000000e+00 -4.839187874811301526e-02
-1.628685559369200746e+03 -1.195419445285010170e+03 6.892254701039443887e+01 0.000000000000000000e+00 0.000000000000000000e+00 6.183795647321232991e-02
-1.243569382879209115e+03 -1.202252188637101426e+03 5.497480948490564856e+01 0.000000000000000000e+00 0.000000000000000000e+00 -6.068096828406766008e-02
-1.433941597483153828e+03 -1.365414792611543817e+03 6.614728229321143260e+01 0.000000000000000000e+00 0.000000000000000000e+00 -1.123638084749245536e-02
-1.620036109471467398e+03 -1.591848979051150764e+03 8.088482898442302371e+01 0.000000000000000000e+00 0.000000000000000000e+00 -4.403035348929051906e-02
-1.252659198900721094e+03 -1.606480351362675492e+03 6.793667677037352348e+01 0.000000000000000000e+00 0.000000000000000000e+00 1.596331609925982775e-02
-1.630050678626576882e+03 -1.907913961674777966e+03 9.366269233754037771e+01 0.000000000000000000e+00 0.000000000000000000e+00 5.566734634058434494e-03
-1.218391900412169889e+03 -1.901846116095082607e+03 7.842574267714211089e+01 0.000000000000000000e+00 0.000000000000000000e+00 -3.322828511271325169e-02
-1.415192440965977312e+03 -2.054313910132686942e+03 9.177507566298901054e+01 0.000000000000000000e+00 0.000000000000000000e+00 -2.373911387434191056e-02
-1.611785712294931045e+03 -2.308832201355794950e+03 1.118454279386596397e+02 0.000000000000000000e+00 0.000000000000000000e+00 -2.673381643776906458e-02
-1.235086454122378655e+03 -2.304607771746496383e+03 9.788250875036806065e+01 0.000000000000000000e+00 0.000000000000000000e+00 -3.472674202140524358e-02
-1.602143692192125627e+03 -2.611405107083806342e+03 1.281902248959339943e+02 0.000000000000000000e+00 0.000000000000000000e+00 4.039027037799769460e-02
-1.204911492351297056e+03 -2.615924458028611753e+03 1.141100733088912307e+02 0.000000000000000000e+00 0.000000000000000000e+00 -4.235017978456312449e-02
-1.409671038690157047e+03 -2.775213185148664707e+03 1.306560090531242224e+02 0.000000000000000000e+00 0.000000000000000000e+00 -7.809131946004299607e-03
-1.615356252400933272e+03 -3.001828016066220698e+03 1.535250197373302967e+02 0.000000000000000000e+00 0.000000000000000000e+00 5.648926852478552973e-02
-1.247033180233825078e+03 -3.030364145570041728e+03 1.418026961907456780e+02 0.000000000000000000e+00 0.000000000000000000e+00 4.266062334596654182e-02
-9.114850976593367022e+02 -3.004197544558784102e+03 1.306808074883949757e+02 0.000000000000000000e+00 0.000000000000000000e+00 1.405381932133309419e-02
-5.526239305287516572e+02 -3.005250109779491595e+03 1.240065128717771756e+02 0.000000000000000000e+00 0.000000000000000000e+00 -1.957812001406011859e-02
-6.745508060620646802e+02 -2.812931989010285179e+03 1.133544397995001134e+02 0.000000000000000000e+00 0.000000000000000000e+00 -4.016079487931278891e-02
-5.278935997823283515e+02 -2.687955771143770562e+03 1.034021572202415911e+02 0.000000000000000000e+00 0.000000000000000000e+00 1.751849370531033401e-02
-8.587530075438453423e+02 -2.657190793883672086e+03 1.074112594049476996e+02 0.000000000000000000e+00 0.000000000000000000e+00 2.386147007740646586e-02
-8.678155272638140332e+02 -2.346695917712521805e+03 9.022978150715081824e+01 0.000000000000000000e+00 0.000000000000000000e+00 -1.393493168417592187e-02
-5.145350444964439021e+02 -2.298299723709154478e+03 8.152361816637878178e+01 0.000000000000000000e+00 0.000000000000000000e+00 2.468066097245014134e-02
-6.751559897965756818e+02 -2.115161624431452765e+03 7.493070415134614848e+01 0.000000000000000000e+00 0.000000000000000000e+00 -5.570390499684663155e-03
-8.929116972610034964e+02 -1.961661821480284971e+03 7.227737201617873097e+01 0.000000000000000000e+00 0.000000000000000000e+00 -6.934386295446870463e-02
-5.547957264326313407e+02 -1.923297288368825775e+03 6.442254820496079049e+01 0.000000000000000000e+00 0.000000000000000000e+00 -5.371730075478353683e-02
-9.000021561590992860e+02 -1.657445452257267789e+03 6.015835726570860231e+01 0.000000000000000000e+00 0.000000000000000000e+00 -6.757538118620232126e-04
-5.218933860000357754e+02 -1.654313176438726714e+03 5.324753367301835283e+01 0.000000000000000000e+00 0.000000000000000000e+00 2.159383694657179831e-02
-6.921101100603269742e+02 -1.415455381695845972e+03 4.767152716005698210e+01 0.000000000000000000e+00 0.000000000000000000e+00 -7.173872288539939746e-03
-8.925934317364797153e+02 -1.285193490664999672e+03 4.775920699049621021e+01 0.000000000000000000e+00 0.000000000000000000e+00 3.539508816517411560e-02
-5.587532907843727799e+02 -1.240848636306555136e+03 4.037762191601008510e+01 0.000000000000000000e+00 0.000000000000000000e+00 1.282201713013364497e-02
-8.968781020678684399e+02 -9.508218907758572414e+02 3.948794208025863384e+01 0.000000000000000000e+00 0.000000000000000000e+00 2.345798183037572926e-02
-5.448858818730448093e+02 -9.782921966318343721e+02 3.365075458700789568e+01 0.000000000000000000e+00 0.000000000000000000e+00 6.181405507733472859e-02
-7.135190439279062957e+02 -7.221412277274372400e+02 3.144210501569701677e+01 0.000000000000000000e+00 0.000000000000000000e+00 3.023271201269750463e-02
-8.947559267795687674e+02 -5.695939661316140246e+02 3.293573820250750828e+01 0.000000000000000000e+00 0.000000000000000000e+00 -6.458123838145013451e-02
-5.633151639994989637e+02 -5.359122517640522574e+02 2.636173895861498195e+01 0.000000000000000000e+00 0.000000000000000000e+00 2.435810945961591756e-02
-5.255554212441687696e+02 -2.387776762425877735e+02 2.323168162880822152e+01 0.000000000000000000e+00 0.000000000000000000e+00 -2.201689445022481095e-02
-8.601346468585401226e+02 -2.154231239062907832e+02 2.904698608562682693e+01 0.000000000000000000e+00 0.000000000000000000e+00 1.921902548965093160e-02
-7.176104783047526325e+02 3.926722352619878897e+00 2.566191715218628033e+01 0.000000000000000000e+00 0.000000000000000000e+00 -1.319992870608643898e-02
-9.079272216482353315e+02 1.496479315085690018e+02 2.993553492730183763e+01 0.000000000000000000e+00 0.000000000000000000e+00 3.805490924679943987e-02
-5.544581420558769196e+02 2.036507106312560040e+02 2.349287140251168893e+01 0.000000000000000000e+00 0.000000000000000000e+00 6.402239634329376372e-02
-5.242234361958117006e+02 4.705683719244934764e+02 2.519693085878863315e+01 0.000000000000000000e+00 0.000000000000000000e+00 2.097043896444361621e-02
-8.839290547807204348e+02 4.723905402381494127e+02 3.180128856348342481e+01 0.000000000000000000e+00 0.000000000000000000e+00 -8.385741798822010651e-03
-6.990698930794213766e+02 7.167270500803399500e+02 3.146072578069492920e+01 0.000000000000000000e+00 0.000000000000000000e+00 -4.410539251984246789e-02
-8.994510418138052046e+02 8.644276292448030290e+02 3.847017385899350472e+01 0.000000000000000000e+00 0.000000000000000000e+00 4.866885170798695981e-03
-5.349659482757285787e+02 9.047033889399460804e+02 3.245457770515418616e+01 0.000000000000000000e+00 0.000000000000000000e+00 2.576995435060069894e-02
-8.996580912724268728e+02 1.184095054988870061e+03 4.642559883702325862e+01 0.000000000000000000e+00 0.000000000000000000e+00 -4.234440974340714092e-02
-5.554356745276534184e+02 1.230025563063265508e+03 4.112633735963606796e+01 0.000000000000000000e+00 0.000000000000000000e+00 -6.054901840355597642e-02
-7.106048155168231233e+02 1.410401271381044126e+03 4.954987447068558026e+01 0.000000000000000000e+00 0.000000000000000000e+00 -3.205763849031484369e-03
-5.112818319903620363e+02 1.565424356301309217e+03 5.195288216606421372e+01 0.000000000000000000e+00 0.000000000000000000e+00 -4.404971231667076381e-02
-8.962170936600798541e+02 1.588799302275338960e+03 6.013922148752051555e+01 0.000000000000000000e+00 0.000000000000000000e+00 -2.127448446023549877e-02
-9.240459196891629290e+02 1.879746710102381712e+03 7.339879530277276842e+01 0.000000000000000000e+00 0.000000000000000000e+00 -3.816021110226586188e-02
-5.606243651532429340e+02 1.924359544867692193e+03 6.819342783511456219e+01 0.000000000000000000e+00 0.000000000000000000e+00 5.188125572929891405e-02
-7.191525105848206749e+02 2.123048871375846829e+03 8.105838521270621300e+01 0.000000000000000000e+00 0.000000000000000000e+00 1.058469777193238315e-02
-9.337271601513917858e+02 2.285436019863881484e+03 9.501443003709361790e+01 0.000000000000000000e+00 0.000000000000000000e+00 -2.183081751051929587e-02
-5.493659898352526625e+02 2.313118090390713860e+03 8.878059747571263927e+01 0.000000000000000000e+00 0.000000000000000000e+00 -6.207388740598673849e-02
-5.296920896323210854e+02 2.617543130201788244e+03 1.076897693779923202e+02 0.000000000000000000e+00 0.000000000000000000e+00 -6.376353760408903781e-02
-9.144809182672524912e+02 2.609895263349928427e+03 1.149204011997739201e+02 0.000000000000000000e+00 0.000000000000000000e+00 -1.168138981948629862e-02
-7.380969025920695685e+02 2.843961068749928017e+03 1.274131203659598697e+02 0.000000000000000000e+00 0.000000000000000000e+00 -2.088798094473531819e-02
-9.231330333594939930e+02 2.987639433509970331e+03 1.427246288305179860e+02 0.000000000000000000e+00 0.000000000000000000e+00 -1.244273913502524920e-02
-4.996347775139740861e+02 3.007580704031709047e+03 1.357681374378555859e+02 0.000000000000000000e+00 0.000000000000000000e+00 -1.768422943490577381e-02
-2.123925147685529282e+02 3.012712044479548240e+03 1.332820181599470573e+02 0.000000000000000000e+00 0.000000000000000000e+00 3.527780634271948657e-03
1.635497631820601612e+02 3.004286367324946241e+03 1.323590370955125479e+02 0.000000000000000000e+00 0.000000000000000000e+00 -5.059333758870820930e-02
3.530461039822922942e+01 2.894771541162955145e+03 1.235681269525382078e+02 0.000000000000000000e+00 0.000000000000000000e+00 -5.149933582094945450e-02
-1.817474019921272941e+02 2.686175151368830939e+03 1.089304838027638880e+02 0.000000000000000000e+00 0.000000000000000000e+00 -1.669207306292719295e-02
1.629225019481978336e+02 2.674351671905896637e+03 1.080230106375792047e+02 0.000000000000000000e+00 0.000000000000000000e+00 -4.108879646689445053e-02
-1.953570731851316680e+02 2.373492791210926043e+03 8.874454271330100141e+01 0.000000000000000000e+00 0.000000000000000000e+00 4.093283004650061230e-03
1.616836919971055693e+02 2.354632583958121359e+03 8.744592390297076179e+01 0.000000000000000000e+00 0.000000000000000000e+00 -1.681068672056085234e-02
-1.203991316054166738e+01 2.205166062817823331e+03 7.846395531637961085e+01 0.000000000000000000e+00 0.000000000000000000e+00 4.169245690937373183e-02
-2.347512637992014675e+02 1.979985407946547411e+03 6.738558083711789948e+01 0.000000000000000000e+00 0.000000000000000000e+00 2.465772459130732841e-02
1.451432365802978666e+02 1.949117937092006059e+03 6.540978055369841115e+01 0.000000000000000000e+00 0.000000000000000000e+00 -7.527204338849458054e-02
-2.121094863447604553e+02 1.660338625305242658e+03 5.281512807805989951e+01 0.000000000000000000e+00 0.000000000000000000e+00 -6.770738862352487786e-02
1.809625424787018915e+02 1.643505402729014804e+03 5.196610455115217064e+01 0.000000000000000000e+00 0.000000000000000000e+00 1.063632739599995602e-02
-5.182153186606458739e+00 1.486377289022287641e+03 4.549835157675762076e+01 0.000000000000000000e+00 0.000000000000000000e+00 2.541739317754831973e-02
-2.192165453899974068e+02 1.266010741047947931e+03 3.875997883377287678e+01 0.000000000000000000e+00 0.000000000000000000e+00 -3.995597732411937386e-02
1.564079572806084855e+02 1.264626783691386436e+03 3.840463793131325332e+01 0.000000000000000000e+00 0.000000000000000000e+00 -4.918735756636749556e-02
-1.869116372208966652e+02 9.537225129472311664e+02 3.024416579660125137e+01 0.000000000000000000e+00 0.000000000000000000e+00 3.228890128864847497e-02
1.700980731119504981e+02 9.298734815711625288e+02 2.962859763546571656e+01 0.000000000000000000e+00 0.000000000000000000e+00 -4.060885027659111302e-02
-2.856815212653388869e+01 7.745882389082122472e+02 2.610971885452622843e+01 0.000000000000000000e+00 0.000000000000000000e+00 -5.863025616535821882e-02
-2.228487518362543938e+02 5.544907034795897971e+02 2.328793296439042848e+01 0.000000000000000000e+00 0.000000000000000000e+00 3.226399328676876621e-02
1.256113828967550319e+02 5.024017147916690078e+02 2.220044557629040227e+01 0.000000000000000000e+00 0.000000000000000000e+00 -2.788645055610672330e-02
-2.137578660116555511e+02 2.324381856166069156e+02 2.026546512909883901e+01 0.000000000000000000e+00 0.000000000000000000e+00 3.528399177253405128e-02
1.466583755426171081e+02 2.161016184856490554e+02 1.986848454938099806e+01 0.000000000000000000e+00 0.000000000000000000e+00 -1.045753949243533043e-02
2.749061326276742534e+01 6.087235975382732533e+01 1.910251253791121684e+01 0.000000000000000000e+00 0.000000000000000000e+00 -1.275039957066219642e-01
-1.995619718328323700e+02 -1.679372506009819404e+02 1.988316247535575343e+01 0.000000000000000000e+00 0.000000000000000000e+00 1.666211656390359508e-02
1.585325365042634189e+02 -1.732023349985245204e+02 1.971599485356361470e+01 0.000000000000000000e+00 0.000000000000000000e+00 -8.756797527027515571e-04
-1.785499340550839236e+02 -4.730417741788538137e+02 2.201295255939110973e+01 0.000000000000000000e+00 0.000000000000000000e+00 -8.552451118642778738e-03
2.275321472501729545e+02 -4.828636641747995100e+02 2.237253399701034340e+01 0.000000000000000000e+00 0.000000000000000000e+00 -1.452772198637219958e-02
-2.648040918053828463e+01 -6.436288148773942339e+02 2.377961288365686698e+01 0.000000000000000000e+00 0.000000000000000000e+00 -9.073866729934820796e-03
-2.232208374050630368e+02 -8.677498102804826203e+02 2.822916671225403462e+01 0.000000000000000000e+00 0.000000000000000000e+00 -1.780760320314200840e-02
1.711980933357666572e+02 -8.770666226351301020e+02 2.815293769695560400e+01 0.000000000000000000e+00 0.000000000000000000e+00 1.240519793689998096e-03
-1.802786533065317371e+02 -1.198967776352441660e+03 3.570283844872946588e+01 0.000000000000000000e+00 0.000000000000000000e+00 2.073222696962773171e-02
2.059087829233405103e+02 -1.187251023589394663e+03 3.551426366441206994e+01 0.000000000000000000e+00 0.000000000000000000e+00 -8.514812532624205232e-03
-4.169901629008037958e+01 -1.347379082898011120e+03 3.954667235653867152e+01 0.000000000000000000e+00 0.000000000000000000e+00 -1.518123332331811071e-03
-1.851005317130479000e+02 -1.576083485074367218e+03 4.742620018911058111e+01 0.000000000000000000e+00 0.000000000000000000e+00 -3.588863185816393298e-02
1.676126966699849277e+02 -1.587078847013262020e+03 4.773662600520231791e+01 0.000000000000000000e+00 0.000000000000000000e+00 1.659467124819968831e-02
-1.703107423875852930e+02 -1.915742110780287021e+03 6.058130609012109602e+01 0.000000000000000000e+00 0.000000000000000000e+00 1.847212487843563622e-02
1.837215058814926465e+02 -1.895381737674502347e+03 5.977674279646058864e+01 0.000000000000000000e+00 0.000000000000000000e+00 1.674125002011805918e-03
2.900358199858369090e+01 -2.059462093390187420e+03 6.658959042761803460e+01 0.000000000000000000e+00 0.000000000000000000e+00 5.080177024751719728e-03
-1.855159612052954969e+02 -2.303314363824919383e+03 7.886571928886976934e+01 0.000000000000000000e+00 0.000000000000000000e+00 1.927978388766860007e-02
1.543657162966594569e+02 -2.291749192853253589e+03 7.813955987045572726e+01 0.000000000000000000e+00 0.000000000000000000e+00 6.937168177955754800e-03
-1.767908985062782676e+02 -2.601631439939167649e+03 9.515050987199134624e+01 0.000000000000000000e+00 0.000000000000000000e+00 2.281426313231804670e-03
1.730593681321080624e+02 -2.631013513203335151e+03 9.685161491706064396e+01 0.000000000000000000e+00 0.000000000000000000e+00 2.896997179892935037e-02
1.498397085714820598e+01 -2.768042856257736275e+03 1.047466057517902414e+02 0.000000000000000000e+00 0.000000000000000000e+00 -5.198826772401332619e-02
-1.516376013240713405e+02 -3.021805621955022161e+03 1.215114900034885608e+02 0.000000000000000000e+00 0.000000000000000000e+00 -2.510314268931779225e-03
1.489552546705449174e+02 -2.995250274885434919e+03 1.197062770769179849e+02 0.000000000000000000e+00 0.000000000000000000e+00 -1.023247346002165159e-02
4.705527991726075925e+02 -3.070291500937249111e+03 1.273754361154873749e+02 0.000000000000000000e+00 0.000000000000000000e+00 1.128006052310581708e-02
8.588957721954068347e+02 -3.074023383069473311e+03 1.342680174266857875e+02 0.000000000000000000e+00 0.000000000000000000e+00 -5.947069958835982106e-03
6.740310127607308459e+02 -2.847509578781210166e+03 1.155415356672969409e+02 0.000000000000000000e+00 0.000000000000000000e+00 -9.301850285348223224e-02
8.790873500833764638e+02 -2.688460901657148497e+03 1.097361640358961807e+02 0.000000000000000000e+00 0.000000000000000000e+00 5.068441371915355376e-02
4.881132026659245184e+02 -2.679670405673006826e+03 1.023898618912787271e+02 0.000000000000000000e+00 0.000000000000000000e+00 3.246398366798075585e-02
4.863940421646635741e+02 -2.384637304362709529e+03 8.567664426714617321e+01 0.000000000000000000e+00 0.000000000000000000e+00 1.030846346268674552e-01
8.684950802165362802e+02 -2.363754403487422678e+03 9.114245736293773348e+01 0.000000000000000000e+00 0.000000000000000000e+00 -4.576596656548304054e-03
6.926823549371113131e+02 -2.149413700833300936e+03 7.686294796867983337e+01 0.000000000000000000e+00 0.000000000000000000e+00 -8.065562972745965453e-03
5.055680671551398859e+02 -1.972364301869479505e+03 6.589333220938851809e+01 0.000000000000000000e+00 0.000000000000000000e+00 -2.135122270721012683e-02
8.745489209107756778e+02 -1.974807686921412824e+03 7.244321521855573565e+01 0.000000000000000000e+00 0.000000000000000000e+00 1.434534797347453150e-02
8.560567263069161754e+02 -1.657363969471497740e+03 5.917853881603961952e+01 0.000000000000000000e+00 0.000000000000000000e+00 2.127747891977094241e-02
4.603865198261971727e+02 -1.655917902098347440e+03 5.254464648033467711e+01 0.000000000000000000e+00 0.000000000000000000e+00 2.440176156748208314e-02
6.419069226343202672e+02 -1.407914339096397725e+03 4.658756369593830016e+01 0.000000000000000000e+00 0.000000000000000000e+00 4.493273759969440562e-03
8.592714176066548362e+02 -1.272037965371630207e+03 4.664377906030097165e+01 0.000000000000000000e+00 0.000000000000000000e+00 2.547306132306204063e-02
4.959292051911555177e+02 -1.260710698082119734e+03 4.009713609170518112e+01 0.000000000000000000e+00 0.000000000000000000e+00 3.677491453501602336e-03
4.664118526327749237e+02 -9.473661910543402200e+02 3.197737906896051285e+01 0.000000000000000000e+00 0.000000000000000000e+00 -2.265899935715864899e-02
8.586957930679978972e+02 -9.482210391239891578e+02 3.858175245223051775e+01 0.000000000000000000e+00 0.000000000000000000e+00 -3.996906873705796670e-02
6.889940423816879047e+02 -6.975250769552353631e+02 3.061164084123020146e+01 0.000000000000000000e+00 0.000000000000000000e+00 -4.586821122035189546e-02
4.952498208018982382e+02 -5.427533393104152992e+02 2.552894000484212000e+01 0.000000000000000000e+00 0.000000000000000000e+00 1.402394019376629331e-02
8.782831913113051314e+02 -5.556124275804313584e+02 3.238669458994975514e+01 0.000000000000000000e+00 0.000000000000000000e+00 4.321718004868557728e-02
8.768249431526667195e+02 -2.468224046277236994e+02 2.957929655801123658e+01 0.000000000000000000e+00 0.000000000000000000e+00 -1.136625445079886276e-02
4.603370768057887403e+02 -2.369459991855473220e+02 2.240023483803681614e+01 0.000000000000000000e+00 0.000000000000000000e+00 5.660219395861432190e-02
6.454294767513094939e+02 1.490489230639587959e+01 2.440087503855171391e+01 0.000000000000000000e+00 0.000000000000000000e+00 5.001834020756135146e-02
5.178731066167161998e+02 1.523169308881614086e+02 2.277073572547021740e+01 0.000000000000000000e+00 0.000000000000000000e+00 -5.846255320193449734e-03
8.446979364258735359e+02 1.906838391794855454e+02 2.867479681110764744e+01 0.000000000000000000e+00 0.000000000000000000e+00 4.136867815097033940e-02
8.800414287380409633e+02 4.733654031839653840e+02 3.172309349512552501e+01 0.000000000000000000e+00 0.000000000000000000e+00 1.319317396207964066e-02
5.041985143031795360e+02 4.795163617567397409e+02 2.503008883085277603e+01 0.000000000000000000e+00 0.000000000000000000e+00 -2.096218739352551097e-02
6.862784015072339798e+02 8.010587056389455256e+02 3.276096819415369055e+01 0.000000000000000000e+00 0.000000000000000000e+00 2.934250258491033492e-02
8.725068960801985440e+02 8.679872079594397292e+02 3.791659708266840312e+01 0.000000000000000000e+00 0.000000000000000000e+00 1.412433792589951054e-02
4.757730621725302740e+02 8.691207303228612773e+02 3.091365308313132232e+01 0.000000000000000000e+00 0.000000000000000000e+00 -2.037117985366876383e-03
8.582713883248794673e+02 1.175506979426977523e+03 4.521262496833480782e+01 0.000000000000000000e+00 0.000000000000000000e+00 -1.537679553690196599e-02
4.791857781773917964e+02 1.185457256624682714e+03 3.877603827514864321e+01 0.000000000000000000e+00 0.000000000000000000e+00 4.992601965788878715e-02
6.410540989933987248e+02 1.428150463554902672e+03 4.891144387734534860e+01 0.000000000000000000e+00 0.000000000000000000e+00 5.108575575285101422e-03
8.630836471262879286e+02 1.584171718385687427e+03 5.917347118758967639e+01 0.000000000000000000e+00 0.000000000000000000e+00 3.832560262516437888e-03
5.097489471938387169e+02 1.594069860406761109e+03 5.304528613433185313e+01 0.000000000000000000e+00 0.000000000000000000e+00 2.477118248274479129e-02
8.605176744495644243e+02 1.898123140121812867e+03 7.272817105343729338e+01 0.000000000000000000e+00 0.000000000000000000e+00 4.541147187090643911e-02
4.893167134576682997e+02 1.881626698008767789e+03 6.514886079122139506e+01 0.000000000000000000e+00 0.000000000000000000e+00 5.447376728554331748e-03
6.706533139367926424e+02 2.129600424208390450e+03 8.048757294226848558e+01 0.000000000000000000e+00 0.000000000000000000e+00 -1.036667998238272048e-02
8.673298386295132332e+02 2.284970623712139513e+03 9.333889460442956931e+01 0.000000000000000000e+00 0.000000000000000000e+00 -1.600839640053663970e-02
5.015255056352068550e+02 2.301415643044156695e+03 8.740282955981264479e+01 0.000000000000000000e+00 0.000000000000000000e+00 5.264781622003056327e-03
8.672308801952181057e+02 2.608390319442455620e+03 1.136443690807941351e+02 0.000000000000000000e+00 0.000000000000000000e+00 1.693313793154516134e-03
4.796258515692145465e+02 2.611555150640150259e+03 1.065830889381472559e+02 0.000000000000000000e+00 0.000000000000000000e+00 4.494550218063864122e-02
6.696192431576019999e+02 2.844942073107804845e+03 1.261303452210755722e+02 0.000000000000000000e+00 0.000000000000000000e+00 2.852361304459805069e-02
8.828037566422527789e+02 2.995421332213966707e+03 1.423055086394427917e+02 0.000000000000000000e+00 0.000000000000000000e+00 4.011736068025584245e-02
4.806791296870161432e+02 3.005290845524135420e+03 1.353249579261642452e+02 0.000000000000000000e+00 0.000000000000000000e+00 -4.525484760847575672e-02
1.166538646675801601e+03 3.009305740050831901e+03 1.516519052471786608e+02 0.000000000000000000e+00 0.000000000000000000e+00 -4.963097889137202401e-02
1.541679683235053972e+03 3.054035542055375117e+03 1.697266683176186461e+02 0.000000000000000000e+00 0.000000000000000000e+00 5.702461874457753765e-02
1.443651714026159425e+03 2.908310530111197750e+03 1.540204331067189116e+02 0.000000000000000000e+00 0.000000000000000000e+00 2.904383095696516648e-02
1.242138779434877279e+03 2.686072659355170344e+03 1.300501139886861779e+02 0.000000000000000000e+00 0.000000000000000000e+00 1.993836187756414802e-02
1.542352473014992484e+03 2.657415882243971737e+03 1.397951384115882547e+02 0.000000000000000000e+00 0.000000000000000000e+00 -1.496748265341807382e-02
1.231732394218424588e+03 2.374328631245965425e+03 1.092463759217905732e+02 0.000000000000000000e+00 0.000000000000000000e+00 1.745057265074478892e-02
1.571097078315933459e+03 2.369911506120344256e+03 1.221958018548435803e+02 0.000000000000000000e+00 0.000000000000000000e+00 -2.049286397090099854e-02
1.411052941829124165e+03 2.212121737930564450e+03 1.062441574827671218e+02 0.000000000000000000e+00 0.000000000000000000e+00 -2.139435641129239229e-02
1.222930883314872062e+03 1.965543814103065642e+03 8.630032959031211703e+01 0.000000000000000000e+00 0.000000000000000000e+00 -1.161292718104789401e-02
1.536949526274971277e+03 1.955208241386251984e+03 9.765200569996480340e+01 0.000000000000000000e+00 0.000000000000000000e+00 6.686056338791956932e-02
1.212638899709282441e+03 1.660194722023015856e+03 7.202754576908613160e+01 0.000000000000000000e+00 0.000000000000000000e+00 3.891987476748681729e-02
1.584404966074131153e+03 1.650024031749296228e+03 8.570003970376482982e+01 0.000000000000000000e+00 0.000000000000000000e+00 -2.170274011642447931e-02
1.410115463493881634e+03 1.493710998796648482e+03 7.245471501684269811e+01 0.000000000000000000e+00 0.000000000000000000e+00 -1.412999544227488968e-02
1.177217906777686721e+03 1.254885226024108761e+03 5.621751469324370021e+01 0.000000000000000000e+00 0.000000000000000000e+00 4.168213998376302243e-03
1.568595301094192564e+03 1.263081955268005231e+03 7.085482041289000676e+01 0.000000000000000000e+00 0.000000000000000000e+00 -2.563405235127902415e-02
1.215167793138843763e+03 9.518824241756781248e+02 4.921096108547779124e+01 0.000000000000000000e+00 0.000000000000000000e+00 -1.406496213473218404e-02
1.586439612620053595e+03 9.571504455519791463e+02 6.313526969757465679e+01 0.000000000000000000e+00 0.000000000000000000e+00 4.695132747231411940e-02
1.395547479456645760e+03 7.855824911819366889e+02 5.188807719562637288e+01 0.000000000000000000e+00 0.000000000000000000e+00 2.078037768310991851e-02
1.221239498277202301e+03 5.582576186503620193e+02 4.214337323921296985e+01 0.000000000000000000e+00 0.000000000000000000e+00 -3.343182732813687608e-02
1.539861600651912568e+03 5.277445979817580337e+02 5.327425062120317278e+01 0.000000000000000000e+00 0.000000000000000000e+00 8.821371883190920471e-02
1.199034159263006131e+03 2.423737842345821321e+02 3.833445007950169270e+01 0.000000000000000000e+00 0.000000000000000000e+00 6.484402579646086906e-02
1.566595140939810108e+03 2.180454170035079926e+02 5.142753069708169988e+01 0.000000000000000000e+00 0.000000000000000000e+00 3.635532316916112450e-02
1.406375435610213572e+03 6.150139758877622853e+01 4.462238366794510824e+01 0.000000000000000000e+00 0.000000000000000000e+00 2.664095693221213423e-02
1.171768753189643348e+03 -1.496850111139366106e+02 3.692493520691991193e+01 0.000000000000000000e+00 0.000000000000000000e+00 -1.022856296371799090e-02
1.540027584161254026e+03 -1.968710275045465039e+02 4.998531641112001012e+01 0.000000000000000000e+00 0.000000000000000000e+00 1.899844474071699096e-02
1.169316363270612555e+03 -4.771344002619916864e+02 3.909726903028628442e+01 0.000000000000000000e+00 0.000000000000000000e+00 -6.811637941929404860e-03
1.574744707129012340e+03 -4.800870160805783939e+02 5.342541881791540703e+01 0.000000000000000000e+00 0.000000000000000000e+00 3.277601861409351613e-02
1.391593899294593939e+03 -6.360230235491744679e+02 4.835454778230020167e+01 0.000000000000000000e+00 0.000000000000000000e+00 4.023656171892753264e-02
1.197659665618506324e+03 -8.848406689619658891e+02 4.614819362255701662e+01 0.000000000000000000e+00 0.000000000000000000e+00 -9.346364623461056453e-03
1.575312719351265969e+03 -8.710608362824016240e+02 5.927549452385493822e+01 0.000000000000000000e+00 0.000000000000000000e+00 6.629527877666419045e-02
1.191190319874754778e+03 -1.191015834792931173e+03 5.305153779407135062e+01 0.000000000000000000e+00 0.000000000000000000e+00 -8.631262930421712554e-03
1.563303674531796105e+03 -1.197363257748534579e+03 6.630099626197126383e+01 0.000000000000000000e+00 0.000000000000000000e+00 -8.625901730326290817e-03
1.409669303873697345e+03 -1.357511020397216498e+03 6.502643097102762226e+01 0.000000000000000000e+00 0.000000000000000000e+00 2.991971846904561971e-02
1.193147092821239539e+03 -1.596280298421147336e+03 6.572126278375741038e+01 0.000000000000000000e+00 0.000000000000000000e+00 -1.871273749551960464e-02
1.554994609978852850e+03 -1.580270546048817778e+03 7.783197965369720350e+01 0.000000000000000000e+00 0.000000000000000000e+00 2.864549190121579159e-02
1.236492678393090273e+03 -1.889700113114360875e+03 7.847713440039160560e+01 0.000000000000000000e+00 0.000000000000000000e+00 -3.918745181010763190e-02
1.562077818969943110e+03 -1.896349994363558835e+03 9.039062923427285057e+01 0.000000000000000000e+00 0.000000000000000000e+00 -3.997925624395293198e-02
1.404938359739699536e+03 -2.063195001155430873e+03 9.181445483461922663e+01 0.000000000000000000e+00 0.000000000000000000e+00 -7.992072422183582603e-03
1.195856549553556306e+03 -2.296630223007629866e+03 9.625422336429167558e+01 0.000000000000000000e+00 0.000000000000000000e+00 -2.117232043845262979e-02
1.559408071235280431e+03 -2.299823199639669838e+03 1.092445220133118511e+02 0.000000000000000000e+00 0.000000000000000000e+00 4.647728186431265840e-02
1.208735611940228409e+03 -2.608932341370702034e+03 1.138182498563590457e+02 0.000000000000000000e+00 0.000000000000000000e+00 3.510860815363514575e-02
1.539902185473192731e+03 -2.644474352303956493e+03 1.276247167516059875e+02 0.000000000000000000e+00 0.000000000000000000e+00 -5.899259977850590531e-02
1.388548884718263253e+03 -2.771063665208917428e+03 1.296343245896736391e+02 0.000000000000000000e+00 0.000000000000000000e+00 1.517397271853155871e-01
1.212285095761750881e+03 -3.006956162483190383e+03 1.391009965801784176e+02 0.000000000000000000e+00 0.000000000000000000e+00 4.744709056032547778e-02
1.538284743670594935e+03 -3.020065507385840647e+03 1.516112406669216170e+02 0.000000000000000000e+00 0.000000000000000000e+00 1.674428345759793046e-02
1.871247280362561469e+03 -2.371518080026697589e+03 1.268050149673165521e+02 0.000000000000000000e+00 0.000000000000000000e+00 1.014754071908612332e-01
2.231396668038834378e+03 -2.337478859167119026e+03 1.442073698756336171e+02 0.000000000000000000e+00 0.000000000000000000e+00 -6.700852935543366584e-02
2.084108106641305312e+03 -2.115165637355195940e+03 1.247682620298812424e+02 0.000000000000000000e+00 0.000000000000000000e+00 -1.301330862159488788e-02
1.875786765426831153e+03 -1.955320283905479300e+03 1.067910866128638361e+02 0.000000000000000000e+00 0.000000000000000000e+00 1.053507759903027363e-02
2.254668781560914795e+03 -1.906894514291120686e+03 1.249683424200729149e+02 0.000000000000000000e+00 0.000000000000000000e+00 -5.503273909661743346e-02
2.265800096469885375e+03 -1.650955860077657007e+03 1.154133812398840320e+02 0.000000000000000000e+00 0.000000000000000000e+00 -6.553799037973817576e-03
1.928753139011228996e+03 -1.658301433139833534e+03 9.737576894765201985e+01 0.000000000000000000e+00 0.000000000000000000e+00 -1.580200552078281362e-02
2.077900155249108593e+03 -1.431163604046987530e+03 9.726084980089481746e+01 0.000000000000000000e+00 0.000000000000000000e+00 -9.221295995602929452e-02
1.899939048727423369e+03 -1.258681743492452370e+03 8.295316192788750698e+01 0.000000000000000000e+00 0.000000000000000000e+00 -1.812887775321314621e-02
2.267264352232105921e+03 -1.203889026430272907e+03 1.012776416876943131e+02 0.000000000000000000e+00 0.000000000000000000e+00 1.901079366821534222e-02
2.287240032410864842e+03 -9.347943788397225262e+02 9.611346469994236941e+01 0.000000000000000000e+00 0.000000000000000000e+00 7.676017215189290255e-03
1.968217150318943141e+03 -9.156911494608427802e+02 7.809572944563993246e+01 0.000000000000000000e+00 0.000000000000000000e+00 -7.869537750285360289e-02
2.089744999478361478e+03 -7.113606075331192642e+02 8.084632028484625721e+01 0.000000000000000000e+00 0.000000000000000000e+00 1.031449101398607127e-02
1.926167290616956734e+03 -5.382555063623120759e+02 6.997708865281913404e+01 0.000000000000000000e+00 0.000000000000000000e+00 5.328748922221393514e-02
2.266361947812794824e+03 -4.733805359470287613e+02 8.786883507775891644e+01 0.000000000000000000e+00 0.000000000000000000e+00 -3.395062171222207326e-02
2.272848133346464692e+03 -2.328352054153541530e+02 8.656546102694487388e+01 0.000000000000000000e+00 0.000000000000000000e+00 1.598262279456719170e-02
1.972065035243836746e+03 -1.941251671390126035e+02 6.969648490709741395e+01 0.000000000000000000e+00 0.000000000000000000e+00 5.775478191736738154e-02
2.088242168106698045e+03 4.397626848700466162e+00 7.563845171750051577e+01 0.000000000000000000e+00 0.000000000000000000e+00 -6.794490092012495097e-02
2.289246816128459614e+03 1.741066609307287933e+02 8.780783983461137154e+01 0.000000000000000000e+00 0.000000000000000000e+00 -4.986476947452445074e-02
1.959065866294992475e+03 2.160911520031143596e+02 6.954546040871065316e+01 0.000000000000000000e+00 0.000000000000000000e+00 -3.779638441284305372e-02
1.899418906185929018e+03 4.657996744646706020e+02 6.878373713780497667e+01 0.000000000000000000e+00 0.000000000000000000e+00 5.725206819064965202e-03
2.278544235125238629e+03 4.836060400563658277e+02 9.001687760443803654e+01 0.000000000000000000e+00 0.000000000000000000e+00 7.371710796732600102e-03
2.092023575992546739e+03 7.118721314693343629e+02 8.273060132051050175e+01 0.000000000000000000e+00 0.000000000000000000e+00 -1.557403273169200020e-02
1.934447022825747581e+03 8.940377954029586363e+02 7.800126692945246987e+01 0.000000000000000000e+00 0.000000000000000000e+00 3.870428365269162896e-02
2.295314422817803916e+03 9.551324895916297919e+02 9.993726188491666562e+01 0.000000000000000000e+00 0.000000000000000000e+00 -2.725010501386293527e-02
2.281579843369778700e+03 1.188032945011475249e+03 1.055505842019057212e+02 0.000000000000000000e+00 0.000000000000000000e+00 8.011234576983383704e-03
1.969020739503379446e+03 1.222292367398064243e+03 8.863640219397710496e+01 0.000000000000000000e+00 0.000000000000000000e+00 -5.446006806684522417e-02
2.111039615110606519e+03 1.427817058290085697e+03 1.034528271120505565e+02 0.000000000000000000e+00 0.000000000000000000e+00 -7.526087138401749144e-03
1.907130763165419694e+03 1.599110867433655812e+03 9.893279793715242931e+01 0.000000000000000000e+00 0.000000000000000000e+00 -2.817604971691878291e-02
2.231646714041037740e+03 1.620513295027325512e+03 1.181934055118344560e+02 0.000000000000000000e+00 0.000000000000000000e+00 3.631752825204159763e-02
2.297684884313183375e+03 1.897899807983109895e+03 1.350321440277378144e+02 0.000000000000000000e+00 0.000000000000000000e+00 6.684020348876629214e-02
1.973156585517159556e+03 1.926791945288993020e+03 1.172979709530966943e+02 0.000000000000000000e+00 0.000000000000000000e+00 7.250989140359820340e-03
2.079076992451695332e+03 2.142468717891253164e+03 1.346561286749486896e+02 0.000000000000000000e+00 0.000000000000000000e+00 2.585684728816772804e-02
2.285295288331953998e+03 2.297417944365100084e+03 1.562948078481861387e+02 0.000000000000000000e+00 0.000000000000000000e+00 8.478718791025130486e-04
1.956791955365223657e+03 2.332023941770536112e+03 1.388647527929271916e+02 0.000000000000000000e+00 0.000000000000000000e+00 -3.023743709459836282e-02
2.914248753013724581e+03 1.605732025652401944e+03 1.661551919106615287e+02 0.000000000000000000e+00 0.000000000000000000e+00 9.344271791511005176e-02
2.676861782694486010e+03 1.618228874281012850e+03 1.482418873828839594e+02 0.000000000000000000e+00 0.000000000000000000e+00 -4.450260685257489968e-02
2.794250657769744066e+03 1.495289700273144035e+03 1.520559003265808542e+02 0.000000000000000000e+00 0.000000000000000000e+00 -1.539103987110479466e-02
2.591097112089842085e+03 1.266990624984351371e+03 1.286346724726448940e+02 0.000000000000000000e+00 0.000000000000000000e+00 -3.130476532641068843e-02
2.936928373298670977e+03 1.238156489222589244e+03 1.539548546330417196e+02 0.000000000000000000e+00 0.000000000000000000e+00 -7.251637284673506656e-02
2.617726629098600824e+03 9.474795148990558573e+02 1.211819467153286638e+02 0.000000000000000000e+00 0.000000000000000000e+00 4.451198157852331860e-03
2.969724029024439915e+03 9.436226073355326207e+02 1.479238046552441403e+02 0.000000000000000000e+00 0.000000000000000000e+00 5.884198635840220959e-03
2.807556418244560064e+03 7.973967137249992447e+02 1.316646956682164387e+02 0.000000000000000000e+00 0.000000000000000000e+00 -4.571286887625092277e-03
2.588358508046128918e+03 5.470655173551879216e+02 1.110828426280693009e+02 0.000000000000000000e+00 0.000000000000000000e+00 2.714339207975058343e-02
2.993286390113528341e+03 5.495800500792960293e+02 1.416759075409192974e+02 0.000000000000000000e+00 0.000000000000000000e+00 2.256285402637558946e-02
2.646420845169352106e+03 2.167379425278755889e+02 1.115264735559546239e+02 0.000000000000000000e+00 0.000000000000000000e+00 7.569127200625302976e-03
2.980029902151698479e+03 2.305221817720121464e+02 1.368496786021715934e+02 0.000000000000000000e+00 0.000000000000000000e+00 3.769847418732297228e-02
2.811830858300133514e+03 6.427873309704324356e+01 1.228094637417369484e+02 0.000000000000000000e+00 0.000000000000000000e+00 3.694661240167818050e-02
2.580318160023075052e+03 -1.638152187941333295e+02 1.060349073251105523e+02 0.000000000000000000e+00 0.000000000000000000e+00 -8.974606902043547052e-03
2.921566047286567482e+03 -2.043648404598968398e+02 1.311473243933311892e+02 0.000000000000000000e+00 0.000000000000000000e+00 4.357572982769397640e-03
2.611340194298230927e+03 -4.780734475130624332e+02 1.100431254019164555e+02 0.000000000000000000e+00 0.000000000000000000e+00 2.267811210447234771e-02
2.979656343684953754e+03 -4.836227399333834001e+02 1.374557975725313099e+02 0.000000000000000000e+00 0.000000000000000000e+00 1.298669456525658461e-02
2.830625727492557871e+03 -6.479037397215506644e+02 1.278138364678105319e+02 0.000000000000000000e+00 0.000000000000000000e+00 -2.924510367283517098e-02
2.571068610409187841e+03 -8.662693950991530301e+02 1.128196657282747282e+02 0.000000000000000000e+00 0.000000000000000000e+00 -4.696661133590396275e-02
2.985021002327020142e+03 -8.690669167898172418e+02 1.433055924985932847e+02 0.000000000000000000e+00 0.000000000000000000e+00 -4.492766781109480689e-02
2.644829536081600963e+03 -1.200477607775870183e+03 1.254487876688341004e+02 0.000000000000000000e+00 0.000000000000000000e+00 -1.187674936680593873e-02
2.981902753662203850e+03 -1.190490229872945065e+03 1.502681607031420867e+02 0.000000000000000000e+00 0.000000000000000000e+00 2.168663345659638253e-02
2.819463845834585300e+03 -1.355994878465769489e+03 1.424373936860879439e+02 0.000000000000000000e+00 0.000000000000000000e+00 -1.924968887169598020e-02
2.608846867000329439e+03 -1.596019491424131274e+03 1.352757661880192472e+02 0.000000000000000000e+00 0.000000000000000000e+00 4.497700678314231482e-04
2.979616482977321994e+03 -1.585981474733835967e+03 1.623021953561586770e+02 0.000000000000000000e+00 0.000000000000000000e+00 -1.788890060964831719e-03
