# x y z x_res y_res z_res
-2.995421926170595270e+03 1.573767734528065148e+03 1.714793957824149970e+02 0.000000000000000000e+00 0.000000000000000000e+00 -2.217336807345304805e-02
-2.610394009832902611e+03 1.586838896416267971e+03 1.420457918718002190e+02 0.000000000000000000e+00 0.000000000000000000e+00 4.842180209010393810e-02
-2.784679242619676188e+03 1.480615547436711950e+03 1.507347964091411257e+02 0.000000000000000000e+00 0.000000000000000000e+00 -8.405432613983521151e-03
-2.599924116890164896e+03 1.242043579577404671e+03 1.284373756030923630e+02 0.000000000000000000e+00 0.000000000000000000e+00 2.053744142111213478e-02
-3.002054471056735110e+03 1.259480954821107844e+03 1.600185886806926874e+02 0.000000000000000000e+00 0.000000000000000000e+00 -5.657538876360490576e-02
-2.990153835103232723e+03 9.393181789473198933e+02 1.494829544889884119e+02 0.000000000000000000e+00 0.000000000000000000e+00 3.520033188854654327e-02
-2.625109386647578958e+03 9.245995259833789532e+02 1.211385838656310057e+02 0.000000000000000000e+00 0.000000000000000000e+00 -2.991042220500617077e-02
-2.787647007007042248e+03 7.736014672050952186e+02 1.296422848304338231e+02 0.000000000000000000e+00 0.000000000000000000e+00 1.762397186121233972e-02
-2.975981618531543063e+03 5.394073501157452029e+02 1.401132676368319210e+02 0.000000000000000000e+00 0.000000000000000000e+00 7.179575572106955406e-02
-2.581423142528070912e+03 5.193526780232783722e+02 1.101944894202524665e+02 0.000000000000000000e+00 0.000000000000000000e+00 -3.290357018708789383e-02
-2.596817126188414477e+03 2.184875975546807751e+02 1.080635853521586824e+02 0.000000000000000000e+00 0.000000000000000000e+00 1.028034176613346062e-03
-2.968940906453327898e+03 2.146443337616186966e+02 1.358385682282417406e+02 0.000000000000000000e+00 0.000000000000000000e+00 2.406226100424646575e-02
-2.797295914299118067e+03 6.804104682715350805e+01 1.217308443859804470e+02 0.000000000000000000e+00 0.000000000000000000e+00 5.516564657926892323e-02
-2.623757103390698830e+03 -1.679119077571636183e+02 1.090429638523977758e+02 0.000000000000000000e+00 0.000000000000000000e+00 -8.978593050669303466e-02
-2.965455909276875900e+03 -1.867239776045661870e+02 1.345618095918040353e+02 0.000000000000000000e+00 0.000000000000000000e+00 4.660186854894732278e-02
-2.603493476772259783e+03 -4.746241980009729104e+02 1.094693295401785207e+02 0.000000000000000000e+00 0.000000000000000000e+00 -6.656362669815507616e-03
-2.981503848016667689e+03 -4.847781669539580776e+02 1.376139214874554284e+02 0.000000000000000000e+00 0.000000000000000000e+00 2.506803026793136269e-02
-2.797666184226134646e+03 -6.377761737014850496e+02 1.252167145830943014e+02 0.000000000000000000e+00 0.000000000000000000e+00 -3.840000492310480240e-02
-2.598896808925896494e+03 -8.728688565118778797e+02 1.148362124629179561e+02 0.000000000000000000e+00 0.000000000000000000e+00 -6.572647078684212829e-03
-2.976909503650403622e+03 -8.787237383565621940e+02 1.428427482160562647e+02 0.000000000000000000e+00 0.000000000000000000e+00 -1.987583444676488398e-02
-2.991036526853341456e+03 -1.177675346707255130e+03 1.506596019227125964e+02 0.000000000000000000e+00 0.000000000000000000e+00 -3.712661132871630798e-02
-2.577380105266135615e+03 -1.225519720313329799e+03 1.214925475456654169e+02 0.000000000000000000e+00 0.000000000000000000e+00 1.192502415797491722e-02
-2.780572267287627255e+03 -1.360974968353655640e+03 1.397099221998026053e+02 0.000000000000000000e+00 0.000000000000000000e+00 2.489060876428084157e-03
-2.592560823375249583e+03 -1.572206831833196702e+03 1.333192579854570567e+02 0.000000000000000000e+00 0.000000000000000000e+00 -2.081629530633222203e-02
-2.961029024236434452e+03 -1.608453140492252714e+03 1.616393352045613483e+02 0.000000000000000000e+00 0.000000000000000000e+00 1.368739297120669107e-02
-2.301701613401436134e+03 -2.299343092152451391e+03 1.463725903476124870e+02 0.000000000000000000e+00 0.000000000000000000e+00 1.676000803996657851e-02
-1.908226975504547227e+03 -2.291825996776028660e+03 1.244293274095518740e+02 0.000000000000000000e+00 0.000000000000000000e+00 -4.639290079749969209e-02
-2.098453526081770633e+03 -2.134284969189442108e+03 1.264613787089061532e+02 0.000000000000000000e+00 0.000000000000000000e+00 -3.171875380677136036e-02
-2.296886588675008625e+03 -1.982571173120426920e+03 1.307808844155084671e+02 0.000000000000000000e+00 0.000000000000000000e+00 1.588190021416835407e-02
-1.947350255831372351e+03 -1.969626957674682217e+03 1.109519681063200380e+02 0.000000000000000000e+00 0.000000000000000000e+00 -3.663424237423384966e-02
-2.333099883010794201e+03 -1.640109015081187863e+03 1.190433107812217486e+02 0.000000000000000000e+00 0.000000000000000000e+00 -1.081942265707880324e-02
-1.945497563235069038e+03 -1.640585397294905079e+03 9.755928258922841678e+01 0.000000000000000000e+00 0.000000000000000000e+00 -3.861258660236899232e-02
-2.133070444913175379e+03 -1.410089155940614773e+03 9.960196459468430419e+01 0.000000000000000000e+00 0.000000000000000000e+00 -7.498297107446205700e-03
-2.337811419809969721e+03 -1.250649296529180901e+03 1.067807032181661100e+02 0.000000000000000000e+00 0.000000000000000000e+00 9.852932867048025400e-03
-1.953267822830878004e+03 -1.211906525716775377e+03 8.431877255003584537e+01 0.000000000000000000e+00 0.000000000000000000e+00 -8.150842057105478489e-03
-2.304169766875346795e+03 -9.494720898483458313e+02 9.743025741213564572e+01 0.000000000000000000e+00 0.000000000000000000e+00 8.452626257054873804e-02
-1.949883876732789759e+03 -9.331386343229091835e+02 7.752270190329613797e+01 0.000000000000000000e+00 0.000000000000000000e+00 -2.377366566280159077e-02
-2.117736362578141780e+03 -7.174164416150765646e+02 8.247140239972637232e+01 0.000000000000000000e+00 0.000000000000000000e+00 1.744705614875385891e-02
-2.309501379926213303e+03 -5.670089574619813675e+02 9.147407980442844178e+01 0.000000000000000000e+00 0.000000000000000000e+00 9.684442761951572720e-03
-1.938565722335981263e+03 -5.037416160523269468e+02 7.021327111516548314e+01 0.000000000000000000e+00 0.000000000000000000e+00 1.192204002397545537e-02
-1.912278216737304774e+03 -2.492027605067144407e+02 6.690157492046725451e+01 0.000000000000000000e+00 0.000000000000000000e+00 3.280584817986209600e-02
-2.265048670132040570e+03 -2.229172381162858869e+02 8.605999591525031178e+01 0.000000000000000000e+00 0.000000000000000000e+00 3.591940283078542961e-02
-2.117037696147580846e+03 -4.579678224386459995e+00 7.721888948858209289e+01 0.000000000000000000e+00 0.000000000000000000e+00 -1.518854821021875523e-02
-2.295687903973182529e+03 1.360186820040268003e+02 8.800662023130135481e+01 0.000000000000000000e+00 0.000000000000000000e+00 3.196141609727476407e-02
-1.911237253849522631e+03 2.295357977862239807e+02 6.719625700401662982e+01 0.000000000000000000e+00 0.000000000000000000e+00 -3.607396385874039879e-02
-1.913526927962981745e+03 4.573563545758567557e+02 6.939303707358790518e+01 0.000000000000000000e+00 0.000000000000000000e+00 6.485588177210388494e-02
-2.252612728294008321e+03 4.928883152741171898e+02 8.857354960424774504e+01 0.000000000000000000e+00 0.000000000000000000e+00 8.532375449395601663e-02
-2.118772626528680576e+03 6.962470516121705941e+02 8.394880629084606483e+01 0.000000000000000000e+00 0.000000000000000000e+00 6.703460425967477931e-04
-2.290361113989038131e+03 8.482351834170002576e+02 9.712676040509838060e+01 0.000000000000000000e+00 0.000000000000000000e+00 3.148793942568772763e-02
-1.928249816392491539e+03 9.352430364930332871e+02 7.863772514551155268e+01 0.000000000000000000e+00 0.000000000000000000e+00 7.507901314681930671e-03
-1.919842560053644775e+03 1.172086239067047472e+03 8.453202289682836579e+01 0.000000000000000000e+00 0.000000000000000000e+00 2.741933168056220893e-02
-2.260304103031443447e+03 1.207493793915586593e+03 1.048423748373492401e+02 0.000000000000000000e+00 0.000000000000000000e+00 6.385761612079932092e-04
-2.113377816589950271e+03 1.402121735330682895e+03 1.026532328048569696e+02 0.000000000000000000e+00 0.000000000000000000e+00 5.574734921650303932e-02
-2.329766670449214871e+03 1.608995143962363500e+03 1.238587977332692702e+02 0.000000000000000000e+00 0.000000000000000000e+00 3.256861525892418285e-02
-1.938979418902767065e+03 1.622833270487112259e+03 1.015814851760409567e+02 0.000000000000000000e+00 0.000000000000000000e+00 2.982623746645174379e-02
-2.331390554565273760e+03 1.923415013121034690e+03 1.384747853607518380e+02 0.000000000000000000e+00 0.000000000000000000e+00 1.004023871840331594e-02
-1.948631338204648728e+03 1.933761000021077962e+03 1.163188648639778080e+02 0.000000000000000000e+00 0.000000000000000000e+00 3.784447206636798455e-02
-2.141926604603951546e+03 2.148780586346362725e+03 1.387070855224202433e+02 0.000000000000000000e+00 0.000000000000000000e+00 6.142615567884490702e-02
-2.321089125617253103e+03 2.295435589657339733e+03 1.584923301378711926e+02 0.000000000000000000e+00 0.000000000000000000e+00 -1.093871734829576781e-02
-1.955096862054485882e+03 2.328133758989644321e+03 1.385345628216762748e+02 0.000000000000000000e+00 0.000000000000000000e+00 6.395695649086974299e-02
-1.626581146708149845e+03 3.035309398961784154e+03 1.720495224821883085e+02 0.000000000000000000e+00 0.000000000000000000e+00 -4.834980823915202564e-03
-1.246335794463758475e+03 3.039930146586846149e+03 1.568409885806925104e+02 0.000000000000000000e+00 0.000000000000000000e+00 2.482299996191272839e-02
-1.430465920271105460e+03 2.885117748140700769e+03 1.517071664692813329e+02 0.000000000000000000e+00 0.000000000000000000e+00 -1.470722342008912165e-02
-1.607110767908132630e+03 2.668187720755754071e+03 1.434196930283034987e+02 0.000000000000000000e+00 0.000000000000000000e+00 -5.111341816495951207e-02
-1.201926080717690866e+03 2.675615246514605133e+03 1.279401101059624466e+02 0.000000000000000000e+00 0.000000000000000000e+00 1.065924252657168836e-03
-1.613532745347284390e+03 2.369833993681003903e+03 1.240735447319206912e+02 0.000000000000000000e+00 0.000000000000000000e+00 2.174154115886040017e-02
-1.219347673453065227e+03 2.356364153997840276e+03 1.077321324274398648e+02 0.000000000000000000e+00 0.000000000000000000e+00 -4.193427141699146432e-02
-1.417397067186987897e+03 2.199151428257451244e+03 1.057576208474855548e+02 0.000000000000000000e+00 0.000000000000000000e+00 9.643541710417480317e-03
-1.609700573737643481e+03 1.957070366680836969e+03 1.008867092929379226e+02 0.000000000000000000e+00 0.000000000000000000e+00 -6.068788721793794139e-02
-1.219482808585322346e+03 1.970384313509983485e+03 8.642636998871250853e+01 0.000000000000000000e+00 0.000000000000000000e+00 -1.143385696806831220e-02
-1.619818926488771694e+03 1.644500387850834841e+03 8.701171417235512706e+01 0.000000000000000000e+00 0.000000000000000000e+00 1.618752623477348607e-02
-1.246772892627660212e+03 1.629006188044237661e+03 7.187962316323304890e+01 0.000000000000000000e+00 0.000000000000000000e+00 -3.342407943142688964e-02
-1.446250682552219814e+03 1.476143297379222759e+03 7.319361207342865328e+01 0.000000000000000000e+00 0.000000000000000000e+00 -1.318191064473239749e-02
-1.620558755753003197e+03 1.245391026735208470e+03 7.252345246368723508e+01 0.000000000000000000e+00 0.000000000000000000e+00 -2.431857740077703056e-02
-1.253848561980506020e+03 1.221296848357929093e+03 5.767779833826963198e+01 0.000000000000000000e+00 0.000000000000000000e+00 -3.230105052558229772e-02
-1.596922205634909460e+03 9.444086345328670404e+02 6.327741703610357149e+01 0.000000000000000000e+00 0.000000000000000000e+00 -3.643126546627684093e-03
-1.213188805120383449e+03 9.400965706832270143e+02 4.887440864901104476e+01 0.000000000000000000e+00 0.000000000000000000e+00 5.237727077783205232e-02
-1.422033348569133295e+03 7.729152596068435059e+02 5.262995984835443153e+01 0.000000000000000000e+00 0.000000000000000000e+00 -2.560143838424977503e-02
-1.235588694289061095e+03 5.318802202826586836e+02 4.225328811260477124e+01 0.000000000000000000e+00 0.000000000000000000e+00 1.218787996612746838e-02
-1.628050664890356302e+03 5.299657453263039315e+02 5.697818527337959438e+01 0.000000000000000000e+00 0.000000000000000000e+00 -3.664065297640917152e-02
-1.603093303860582182e+03 2.342735292202559378e+02 5.303572789408468680e+01 0.000000000000000000e+00 0.000000000000000000e+00 4.430340901149065758e-02
-1.223859678642604422e+03 2.217472891594395890e+02 3.899542532956550644e+01 0.000000000000000000e+00 0.000000000000000000e+00 1.265369094794266402e-02
-1.406512529208225487e+03 6.287601790159816062e+01 4.463010503809614704e+01 0.000000000000000000e+00 0.000000000000000000e+00 -2.958943500435395890e-02
-1.611317003794996936e+03 -1.799235868339338538e+02 5.283172020988732243e+01 0.000000000000000000e+00 0.000000000000000000e+00 -5.548132665747118608e-02
-1.218858948856609231e+03 -1.683830713636641008e+02 3.843699444151307887e+01 0.000000000000000000e+00 0.000000000000000000e+00 4.648393379493853672e-02
-1.635264207540561983e+03 -4.926511507721280623e+02 5.606407805120311139e+01 0.000000000000000000e+00 0.000000000000000000e+00 -5.398973237232951305e-02
-1.236854420898295530e+03 -4.946628607143273371e+02 4.136862962700648438e+01 0.000000000000000000e+00 0.000000000000000000e+00 -2.699632763217607589e-02
-1.404271359272922155e+03 -6.451632429384922034e+02 4.893890361265832212e+01 0.000000000000000000e+00 0.000000000000000000e+00 -8.243506751881568562e-04
-1.631938189506040089e+03 -8.860577034100947458e+02 6.189965523574136341e+01 0.000000000000000000e+00 0.000000000000000000e+00 1.135528740865510144e-02
-1.236364201484446085e+03 -8.843577683090411483e+02 4.734029578807776772e+01 0.000000000000000000e+00 0.000000000000000000e+00 -4.712943112514267341e-02
-1.629077129953912163e+03 -1.195081430517838498e+03 6.892989978091041792e+01 0.000000000000000000e+00 0.000000000000000000e+00 2.916357894277155083e-02
-1.243827736866571286e+03 -1.202201020082467267e+03 5.498161697727361030e+01 0.000000000000000000e+00 0.000000000000000000e+00 -4.627402854755757744e-02
-1.434206115117558966e+03 -1.365220212136792497e+03 6.615103768073937829e+01 0.000000000000000000e+00 0.000000000000000000e+00 -6.115918586991142547e-02
-1.620260333232782159e+03 -1.591575368335144503e+03 8.088440939789913386e+01 0.000000000000000000e+00 0.000000000000000000e+00 -2.419812528496834148e-02
-1.252835263368321876e+03 -1.606062817357572158e+03 6.792731847000936796e+01 0.000000000000000000e+00 0.000000000000000000e+00 -8.417614905427228678e-02
-1.630443223056020770e+03 -1.907688965897103344e+03 9.366949986946212903e+01 0.000000000000000000e+00 0.000000000000000000e+00 3.447414619643041078e-03
-1.218869026536819774e+03 -1.901579240649948133e+03 7.842920915823926009e+01 0.000000000000000000e+00 0.000000000000000000e+00 -3.578797731972827023e-02
-1.415595340763605464e+03 -2.054361372263162593e+03 9.179183346952444822e+01 0.000000000000000000e+00 0.000000000000000000e+00 -2.767737444244744438e-02
-1.612449620383994898e+03 -2.308508137529059695e+03 1.118561607073014272e+02 0.000000000000000000e+00 0.000000000000000000e+00 -4.774798038977223769e-02
-1.235618178926598603e+03 -2.304443615770054748e+03 9.789081992388895515e+01 0.000000000000000000e+00 0.000000000000000000e+00 -3.649626280564177705e-02
-1.602671093720419094e+03 -2.611290108998520736e+03 1.282052796016994307e+02 0.000000000000000000e+00 0.000000000000000000e+00 1.974059055118004835e-02
-1.205397275584112094e+03 -2.615958068587891830e+03 1.141270580475199949e+02 0.000000000000000000e+00 0.000000000000000000e+00 8.204706079000345653e-02
-1.409589880390595908e+03 -2.774913655804953578e+03 1.306343130083846802e+02 0.000000000000000000e+00 0.000000000000000000e+00 -2.779368020884476209e-02
-1.616055802486491302e+03 -3.001684288615791957e+03 1.535446320252184478e+02 0.000000000000000000e+00 0.000000000000000000e+00 7.002573102610654132e-02
-1.247774245635260741e+03 -3.030106766962773236e+03 1.418089597559531398e+02 0.000000000000000000e+00 0.000000000000000000e+00 2.840819342551981208e-02
-9.128112542174392274e+02 -3.003764644936421973e+03 1.306826111692502081e+02 0.000000000000000000e+00 0.000000000000000000e+00 -3.809495112599847744e-02
-5.533441511495284431e+02 -3.005412241865161377e+03 1.240276807781244486e+02 0.000000000000000000e+00 0.000000000000000000e+00 -3.485459114718025830e-02
-6.752979948363661151e+02 -2.812985557299633001e+03 1.133707097943437105e+02 0.000000000000000000e+00 0.000000000000000000e+00 -1.562089412638556496e-02
-5.287751157872984322e+02 -2.688127632172469021e+03 1.034243606266045816e+02 0.000000000000000000e+00 0.000000000000000000e+00 1.721832503717735108e-02
-8.593533466037373501e+02 -2.657103097351130600e+03 1.074192072095507768e+02 0.000000000000000000e+00 0.000000000000000000e+00 9.499741785802484628e-03
-8.683275428941590235e+02 -2.346841734290451768e+03 9.024872840444749045e+01 0.000000000000000000e+00 0.000000000000000000e+00 -1.397897153148619509e-02
-5.150452783309730194e+02 -2.298211811006760399e+03 8.152576534535631936e+01 0.000000000000000000e+00 0.000000000000000000e+00 -4.160250874056714565e-02
-6.756691172803699601e+02 -2.115269938807648032e+03 7.494458767890378681e+01 0.000000000000000000e+00 0.000000000000000000e+00 7.824444838846034145e-02
-8.932993766529148161e+02 -1.961571356412559908e+03 7.228218989264436800e+01 0.000000000000000000e+00 0.000000000000000000e+00 -4.672451775813613040e-02
-5.555306762736402106e+02 -1.923458902735249467e+03 6.443978363340062288e+01 0.000000000000000000e+00 0.000000000000000000e+00 -3.921221488330672855e-02
-9.004884426731473468e+02 -1.657257049501056372e+03 6.016247530296100621e+01 0.000000000000000000e+00 0.000000000000000000e+00 6.407160246766352429e-04
-5.223146935434098168e+02 -1.654096183599124743e+03 5.324507672312836348e+01 0.000000000000000000e+00 0.000000000000000000e+00 2.092306829604240193e-02
-6.924559957507404988e+02 -1.415572781755027336e+03 4.768129179791995398e+01 0.000000000000000000e+00 0.000000000000000000e+00 -1.075317205081915972e-02
-8.928747493132402724e+02 -1.285319189219471355e+03 4.776918127172763917e+01 0.000000000000000000e+00 0.000000000000000000e+00 6.717368078958685373e-02
-5.590416007409039594e+02 -1.240827999852076118e+03 4.038111913555582078e+01 0.000000000000000000e+00 0.000000000000000000e+00 4.211233726110208408e-04
-8.970948687484143420e+02 -9.507745340512587973e+02 3.949186952179075405e+01 0.000000000000000000e+00 0.000000000000000000e+00 2.330338557482036776e-02
-5.450910951651276264e+02 -9.781678177838346073e+02 3.365085080024229569e+01 0.000000000000000000e+00 0.000000000000000000e+00 2.852105410968164279e-02
-7.136808234528417643e+02 -7.220641122889422832e+02 3.144378440195384883e+01 0.000000000000000000e+00 0.000000000000000000e+00 3.070257918612639969e-02
-8.947901538979125462e+02 -5.696106281745467186e+02 3.293673226918836860e+01 0.000000000000000000e+00 0.000000000000000000e+00 -1.101591835161741528e-02
-5.634953806149814000e+02 -5.357720771782267093e+02 2.636262354585656809e+01 0.000000000000000000e+00 0.000000000000000000e+00 3.402066431018013759e-02
-5.256710385646300665e+02 -2.385473811178835888e+02 2.323199059791164345e+01 0.000000000000000000e+00 0.000000000000000000e+00 -4.508577877036401560e-02
-8.601636665782547198e+02 -2.153276220764306288e+02 2.904717118178715651e+01 0.000000000000000000e+00 0.000000000000000000e+00 2.094573484650652517e-02
-7.175780155657366777e+02 4.122652956363613619e+00 2.566136342612835008e+01 0.000000000000000000e+00 0.000000000000000000e+00 -2.466413949809265205e-02
-9.079208495603662641e+02 1.498693143945998258e+02 2.993620685940122428e+01 0.000000000000000000e+00 0.000000000000000000e+00 3.678365766158719907e-02
-5.544955115107433130e+02 2.037837949607204280e+02 2.349404799958824341e+01 0.000000000000000000e+00 0.000000000000000000e+00 5.953557835871592374e-02
-5.241962134872998149e+02 4.707828043144098160e+02 2.519894707794601274e+01 0.000000000000000000e+00 0.000000000000000000e+00 1.923879101001091385e-02
-8.837262551507836861e+02 4.724768101959545561e+02 3.179760082402696852e+01 0.000000000000000000e+00 0.000000000000000000e+00 -1.881717456321752024e-02
-6.989715845260363949e+02 7.169478813240478985e+02 3.146271426747798117e+01 0.000000000000000000e+00 0.000000000000000000e+00 -3.559571549270401647e-02
-8.994112343364457729e+02 8.648622221819990727e+02 3.847831087629624847e+01 0.000000000000000000e+00 0.000000000000000000e+00 -2.755836873774342166e-03
-5.349077469013574273e+02 9.049811227065983985e+02 3.245978315743333553e+01 0.000000000000000000e+00 0.000000000000000000e+00 4.688770664500907515e-03
-8.994851775419651858e+02 1.184242982900655079e+03 4.642574170302415126e+01 0.000000000000000000e+00 0.000000000000000000e+00 -6.305212785644442874e-02
-5.550715031121453649e+02 1.230222851171363800e+03 4.112686235584256167e+01 0.000000000000000000e+00 0.000000000000000000e+00 -4.962159503313756659e-02
-7.104892545734130636e+02 1.410321733774125732e+03 4.954493209296079925e+01 0.000000000000000000e+00 0.000000000000000000e+00 1.444532452703839454e-02
-5.108459907657486383e+02 1.565410398644750785e+03 5.194637165160177972e+01 0.000000000000000000e+00 0.000000000000000000e+00 -3.787526514675221279e-02
-8.957943769462797263e+02 1.589036557261881626e+03 6.013836726934420085e+01 0.000000000000000000e+00 0.000000000000000000e+00 -3.315963047935355235e-02
-9.237236213515432155e+02 1.879976072041054067e+03 7.340151203041241956e+01 0.000000000000000000e+00 0.000000000000000000e+00 -3.505925016087019230e-02
-5.601581847745459299e+02 1.924713546711607933e+03 6.820335430387889630e+01 0.000000000000000000e+00 0.000000000000000000e+00 2.032393841808755042e-02
-7.188722089134053022e+02 2.123461590385705676e+03 8.107499342259482944e+01 0.000000000000000000e+00 0.000000000000000000e+00 1.829321056477795082e-02
-9.333324809982049146e+02 2.285781110309700125e+03 9.502438718346417090e+01 0.000000000000000000e+00 0.000000000000000000e+00 -1.761998697699596050e-02
-5.489034417883219703e+02 2.313406997226438762e+03 8.879058569681856738e+01 0.000000000000000000e+00 0.000000000000000000e+00 -5.431068214763001833e-02
-5.293926147961271909e+02 2.617971128882521043e+03 1.077142113456077652e+02 0.000000000000000000e+00 0.000000000000000000e+00 -5.773200903298914000e-02
-9.139499059877897480e+02 2.610173637233945556e+03 1.149256430919419216e+02 0.000000000000000000e+00 0.000000000000000000e+00 -5.361012795731312508e-03
-7.377694365634073392e+02 2.844173811463092079e+03 1.274221012068970822e+02 0.000000000000000000e+00 0.000000000000000000e+00 -1.104066056322494660e-02
-9.226519081087940322e+02 2.987808696750640593e+03 1.427253555701670962e+02 0.000000000000000000e+00 0.000000000000000000e+00 1.086328105924394549e-02
-4.994289953214869229e+02 3.007884009992641040e+03 1.357891478858175844e+02 0.000000000000000000e+00 0.000000000000000000e+00 -2.246423802654362589e-02
-2.116716751324167376e+02 3.012895849063322657e+03 1.332921993371835185e+02 0.000000000000000000e+00 0.000000000000000000e+00 1.598486218091466071e-02
1.638057334096268107e+02 3.004216830907696021e+03 1.323547533021903178e+02 0.000000000000000000e+00 0.000000000000000000e+00 -5.490141432042605629e-02
3.580184278784740570e+01 2.894729824140023993e+03 1.235654803607258998e+02 0.000000000000000000e+00 0.000000000000000000e+00 -3.443975625508244320e-02
-1.811954208371661252e+02 2.686309477885759861e+03 1.089369947706729249e+02 0.000000000000000000e+00 0.000000000000000000e+00 -1.433747012625019579e-02
1.632129780086213202e+02 2.674511943936361149e+03 1.080353787133333583e+02 0.000000000000000000e+00 0.000000000000000000e+00 -6.974749345481257023e-02
-1.948256545478321300e+02 2.373690908941132875e+03 8.875363963471016859e+01 0.000000000000000000e+00 0.000000000000000000e+00 -1.506416558555656593e-03
1.620103875095809087e+02 2.354780475488173124e+03 8.745622512488638733e+01 0.000000000000000000e+00 0.000000000000000000e+00 9.259513425234899842e-04
-1.155165672592718096e+01 2.205287098943215824e+03 7.847052927354077667e+01 0.000000000000000000e+00 0.000000000000000000e+00 4.874893765961019199e-02
-2.344165429365265823e+02 1.980011166654791396e+03 6.738472093376323357e+01 0.000000000000000000e+00 0.000000000000000000e+00 4.077819412724181802e-02
1.453159687370281006e+02 1.949201024616140330e+03 6.541450009459167347e+01 0.000000000000000000e+00 0.000000000000000000e+00 -6.460148815763488983e-02
-2.117067464830697361e+02 1.660311465280195307e+03 5.281172379695166796e+01 0.000000000000000000e+00 0.000000000000000000e+00 -4.036550804728022968e-02
1.812593610582619306e+02 1.643582855378225304e+03 5.197068083813262263e+01 0.000000000000000000e+00 0.000000000000000000e+00 5.421929673140368777e-03
-4.879148083716581041e+00 1.486487586866129504e+03 4.550231639624475832e+01 0.000000000000000000e+00 0.000000000000000000e+00 3.133333473907384814e-02
-2.189584067425609817e+02 1.266124377008843567e+03 3.876196287248646399e+01 0.000000000000000000e+00 0.000000000000000000e+00 -3.788068772066566225e-02
1.565870589479589228e+02 1.264666229284524888e+03 3.840658916612839846e+01 0.000000000000000000e+00 0.000000000000000000e+00 -4.238795279523088766e-02
-1.867164595580066759e+02 9.538303846260658929e+02 3.024566755879437707e+01 0.000000000000000000e+00 0.000000000000000000e+00 3.461607269793276487e-02
1.703078197627047814e+02 9.298866180917177644e+02 2.962982676433381357e+01 0.000000000000000000e+00 0.000000000000000000e+00 -4.318423352552613892e-02
-2.850112840709639883e+01 7.746943388099393815e+02 2.611161888182073199e+01 0.000000000000000000e+00 0.000000000000000000e+00 -6.012420599504864072e-02
-2.226756960429179060e+02 5.546006022068831953e+02 2.328836684483381347e+01 0.000000000000000000e+00 0.000000000000000000e+00 4.459526547612924219e-02
1.256049407382396055e+02 5.024799696808969429e+02 2.220134824605369062e+01 0.000000000000000000e+00 0.000000000000000000e+00 -3.973271340576545185e-02
-2.136502171418520390e+02 2.326144149646610799e+02 2.026582750809400935e+01 0.000000000000000000e+00 0.000000000000000000e+00 1.564716869016891110e-02
1.466700578059484030e+02 2.161252066429010199e+02 1.986864733403188410e+01 0.000000000000000000e+00 0.000000000000000000e+00 4.804090427015239584e-04
2.716464310930441783e+01 6.085859941909365034e+01 1.910226447580025777e+01 0.000000000000000000e+00 0.000000000000000000e+00 -7.367315729916512623e-02
-1.995149435044993709e+02 -1.679887966923230351e+02 1.988312089170488406e+01 0.000000000000000000e+00 0.000000000000000000e+00 1.615198939961359770e-02
1.583701983158433109e+02 -1.732594996359487141e+02 1.971556449146967438e+01 0.000000000000000000e+00 0.000000000000000000e+00 5.202023447836268133e-03
-1.786657757545947618e+02 -4.730512439504764188e+02 2.201358044650227086e+01 0.000000000000000000e+00 0.000000000000000000e+00 -1.752944578044335344e-02
2.260074983463596823e+02 -4.831766083848823428e+02 2.236718133365282313e+01 0.000000000000000000e+00 0.000000000000000000e+00 -1.981369682262013043e-02
-2.658935014149302134e+01 -6.437398078152502876e+02 2.378130540491808631e+01 0.000000000000000000e+00 0.000000000000000000e+00 -8.969271493917574389e-03
-2.234258015946822411e+02 -8.678381181826172224e+02 2.823205216929247285e+01 0.000000000000000000e+00 0.000000000000000000e+00 -2.568443746434212471e-02
1.709631833281710271e+02 -8.771781142630306931e+02 2.815412599218890932e+01 0.000000000000000000e+00 0.000000000000000000e+00 -2.048319311391111341e-02
-1.805669819993780436e+02 -1.198965104266361095e+03 3.570407875151934718e+01 0.000000000000000000e+00 0.000000000000000000e+00 -3.632417403125032251e-03
2.057288384471725635e+02 -1.187306734148789019e+03 3.551481241577806003e+01 0.000000000000000000e+00 0.000000000000000000e+00 -1.438187064090357126e-02
-4.191088106632967936e+01 -1.347384997395640539e+03 3.954707385548771015e+01 0.000000000000000000e+00 0.000000000000000000e+00 -1.807385322100429903e-02
-1.852780130518704595e+02 -1.576046323564634804e+03 4.742572102099816789e+01 0.000000000000000000e+00 0.000000000000000000e+00 -1.079167502908262577e-02
1.672390199394400554e+02 -1.587127055095502328e+03 4.773675738748444530e+01 0.000000000000000000e+00 0.000000000000000000e+00 7.723639112910518634e-03
-1.708258234881354269e+02 -1.915664718057101936e+03 6.058021816599239173e+01 0.000000000000000000e+00 0.000000000000000000e+00 9.505872004915261186e-03
1.832895405310737544e+02 -1.895504238930505153e+03 5.977991767068942153e+01 0.000000000000000000e+00 0.000000000000000000e+00 7.916325633907206338e-03
2.857109147445721220e+01 -2.059491152357529700e+03 6.659060936097014860e+01 0.000000000000000000e+00 0.000000000000000000e+00 6.433739864377230333e-03
-1.860193734228504354e+02 -2.303511691904262989e+03 7.887821656902927714e+01 0.000000000000000000e+00 0.000000000000000000e+00 1.118839931976367552e-02
1.537233676602709807e+02 -2.291891449596421808e+03 7.814432428778243889e+01 0.000000000000000000e+00 0.000000000000000000e+00 1.339631381334527305e-02
-1.775079913158064358e+02 -2.601719522159523422e+03 9.515885556790806277e+01 0.000000000000000000e+00 0.000000000000000000e+00 -1.817740923357291649e-03
1.702923355265014607e+02 -2.631243973160557744e+03 9.685309709876221973e+01 0.000000000000000000e+00 0.000000000000000000e+00 4.479261816427992926e-03
1.444466181717957198e+01 -2.768190887937073967e+03 1.047555752492607724e+02 0.000000000000000000e+00 0.000000000000000000e+00 -4.461118539107644665e-02
-1.522712929689101031e+02 -3.021911285575672991e+03 1.215211297434570383e+02 0.000000000000000000e+00 0.000000000000000000e+00 -1.203477944864062010e-02
1.483028941599933717e+02 -2.995346703124285796e+03 1.197102844100284926e+02 0.000000000000000000e+00 0.000000000000000000e+00 -4.073600253154552320e-02
4.710871498259838290e+02 -3.070435593226101446e+03 1.273918492406795906e+02 0.000000000000000000e+00 0.000000000000000000e+00 2.283908148737623378e-02
8.583604990582957726e+02 -3.074389783393088237e+03 1.342815961137643228e+02 0.000000000000000000e+00 0.000000000000000000e+00 2.887267557784412020e-02
6.756714100655996162e+02 -2.847990079952106953e+03 1.156005633595679143e+02 0.000000000000000000e+00 0.000000000000000000e+00 -4.342025370050350830e-03
8.777113454925541873e+02 -2.688260895611459091e+03 1.096932192807443300e+02 0.000000000000000000e+00 0.000000000000000000e+00 1.218996392258873129e-01
4.900320239321044937e+02 -2.679924324954285112e+03 1.024289831582835859e+02 0.000000000000000000e+00 0.000000000000000000e+00 -3.385038539946094716e-03
4.857417657840920810e+02 -2.384816957624263068e+03 8.567816625186426904e+01 0.000000000000000000e+00 0.000000000000000000e+00 7.076467798803776077e-02
8.686188907972627931e+02 -2.363361389144651639e+03 9.112443606229868465e+01 0.000000000000000000e+00 0.000000000000000000e+00 -2.723104156841316126e-02
6.923362672589555586e+02 -2.149593370447613779e+03 7.686549013543327646e+01 0.000000000000000000e+00 0.000000000000000000e+00 -1.827978817665609768e-02
5.050543312527900071e+02 -1.972541957163101642e+03 6.589458418188930011e+01 0.000000000000000000e+00 0.000000000000000000e+00 -3.645435931437646104e-02
8.736991707908701983e+02 -1.975019233707709418e+03 7.243370888166428756e+01 0.000000000000000000e+00 0.000000000000000000e+00 -3.034823369247874325e-03
8.557820257404368931e+02 -1.657554051119345331e+03 5.917961764139772640e+01 0.000000000000000000e+00 0.000000000000000000e+00 -6.310537355730616582e-03
4.600485087925823109e+02 -1.655993166351583568e+03 5.254350292073932849e+01 0.000000000000000000e+00 0.000000000000000000e+00 2.215411888550988806e-02
6.416311098051496629e+02 -1.407945557787968937e+03 4.658407450413357509e+01 0.000000000000000000e+00 0.000000000000000000e+00 2.113205063376000226e-02
8.591243327058982686e+02 -1.272406120122794391e+03 4.665105262824734211e+01 0.000000000000000000e+00 0.000000000000000000e+00 4.751344088029441082e-02
4.968828236827962428e+02 -1.260671982094414261e+03 4.010799561581584527e+01 0.000000000000000000e+00 0.000000000000000000e+00 -4.117054897130856261e-02
4.660662260799817886e+02 -9.473434890257649386e+02 3.197281842809734087e+01 0.000000000000000000e+00 0.000000000000000000e+00 3.768018532213091021e-05
8.580847791848581210e+02 -9.485362492375846841e+02 3.857514473045252856e+01 0.000000000000000000e+00 0.000000000000000000e+00 -3.767651213219380679e-02
6.887620335545362877e+02 -6.976318995283938875e+02 3.060925853114471806e+01 0.000000000000000000e+00 0.000000000000000000e+00 -5.830147036923349901e-02
4.951365989092788595e+02 -5.428657115099899784e+02 2.552889511896369612e+01 0.000000000000000000e+00 0.000000000000000000e+00 3.172048747953581938e-02
8.782074613627803501e+02 -5.555217596342675961e+02 3.238386715348382694e+01 0.000000000000000000e+00 0.000000000000000000e+00 4.292749293817621492e-03
8.766818810035963452e+02 -2.469281828753210277e+02 2.957666138632750830e+01 0.000000000000000000e+00 0.000000000000000000e+00 1.301127135254631639e-02
4.603701827033870586e+02 -2.370546347866107624e+02 2.240120870881724358e+01 0.000000000000000000e+00 0.000000000000000000e+00 3.099110894200052257e-02
6.453287785474698239e+02 1.457969965982677074e+01 2.439905703812890181e+01 0.000000000000000000e+00 0.000000000000000000e+00 2.691736679442158220e-02
5.178968811613802927e+02 1.523275983225456685e+02 2.277109144507783611e+01 0.000000000000000000e+00 0.000000000000000000e+00 -2.042607083470926455e-02
8.447956257398360549e+02 1.905876389826297839e+02 2.867648378567773904e+01 0.000000000000000000e+00 0.000000000000000000e+00 3.597845074813221800e-02
8.802112148974495085e+02 4.734226805544997205e+02 3.172763415034108547e+01 0.000000000000000000e+00 0.000000000000000000e+00 1.359350882369625424e-02
5.057435389538430854e+02 4.793855432040300002e+02 2.504886339609923951e+01 0.000000000000000000e+00 0.000000000000000000e+00 -3.123387126811394410e-02
6.865661591299917745e+02 8.009329824455606968e+02 3.276373341789934557e+01 0.000000000000000000e+00 0.000000000000000000e+00 4.241486082110412781e-02
8.725721801194149521e+02 8.680044857706672019e+02 3.791845768585450571e+01 0.000000000000000000e+00 0.000000000000000000e+00 1.425225697251164547e-02
4.760222690520537299e+02 8.691091577335805596e+02 3.091652423110303261e+01 0.000000000000000000e+00 0.000000000000000000e+00 9.300132194937305030e-03
8.586316583706689016e+02 1.175419356177211739e+03 4.521832448571533547e+01 0.000000000000000000e+00 0.000000000000000000e+00 1.716362097843671108e-02
4.795298287998306250e+02 1.185454477808590582e+03 3.878032688812160700e+01 0.000000000000000000e+00 0.000000000000000000e+00 6.757916868522784171e-02
6.414529094971743461e+02 1.428218327332606577e+03 4.892065005819304702e+01 0.000000000000000000e+00 0.000000000000000000e+00 -1.028913261232133891e-02
8.633810328445262030e+02 1.584193927787577877e+03 5.918124578420381710e+01 0.000000000000000000e+00 0.000000000000000000e+00 4.992060701852096827e-03
5.116397422620186717e+02 1.594031933605185486e+03 5.306971723998441348e+01 0.000000000000000000e+00 0.000000000000000000e+00 2.566120359895052161e-02
8.608858082833703520e+02 1.898213788002233969e+03 7.274109577715842079e+01 0.000000000000000000e+00 0.000000000000000000e+00 3.329543871303997093e-02
4.896832553719767702e+02 1.881718820875041956e+03 6.515804345609919324e+01 0.000000000000000000e+00 0.000000000000000000e+00 7.278451854176637426e-03
6.709168702461404337e+02 2.129758476020669150e+03 8.050090729327121153e+01 0.000000000000000000e+00 0.000000000000000000e+00 -1.390966913344016120e-02
8.677131678455579049e+02 2.284737651095128058e+03 9.333449754657424080e+01 0.000000000000000000e+00 0.000000000000000000e+00 -2.681316384362730787e-02
5.019849509115948649e+02 2.301277493837905240e+03 8.740110235208902623e+01 0.000000000000000000e+00 0.000000000000000000e+00 2.410860640016210255e-02
8.675346856454709723e+02 2.608940109261615817e+03 1.136887856931092813e+02 0.000000000000000000e+00 0.000000000000000000e+00 -2.539063058577539778e-03
4.799754914857707035e+02 2.611840717874306392e+03 1.066069568285721516e+02 0.000000000000000000e+00 0.000000000000000000e+00 2.614291832203718968e-02
6.700342600296072533e+02 2.844682075559736404e+03 1.261188871650274024e+02 0.000000000000000000e+00 0.000000000000000000e+00 4.008422537263811591e-02
8.834028904401403679e+02 2.995561362511842162e+03 1.423315285790958740e+02 0.000000000000000000e+00 0.000000000000000000e+00 1.879064199488311715e-02
4.825508256592706857e+02 3.005400291999466390e+03 1.353590658775722488e+02 0.000000000000000000e+00 0.000000000000000000e+00 -4.853338436731746697e-02
1.167288905264417281e+03 3.009210362323969548e+03 1.516691912974497711e+02 0.000000000000000000e+00 0.000000000000000000e+00 -5.788758542098548787e-02
1.542339742896171856e+03 3.053764753738279524e+03 1.697336994102341805e+02 0.000000000000000000e+00 0.000000000000000000e+00 4.519120116219710326e-02
1.442816658584097695e+03 2.908047201086680161e+03 1.539659759949916804e+02 0.000000000000000000e+00 0.000000000000000000e+00 3.213230189146543125e-02
1.242769486464138026e+03 2.685760494611070044e+03 1.300502365460666852e+02 0.000000000000000000e+00 0.000000000000000000e+00 1.937608220347897259e-02
1.542991201278416611e+03 2.657119993787340263e+03 1.398022454819812879e+02 0.000000000000000000e+00 0.000000000000000000e+00 -1.463312455805976242e-02
1.232316060942106787e+03 2.374194586807576798e+03 1.092581329716585969e+02 0.000000000000000000e+00 0.000000000000000000e+00 1.532224659676728606e-02
1.571519314663553132e+03 2.369514558079727976e+03 1.221898775329937195e+02 0.000000000000000000e+00 0.000000000000000000e+00 -7.698480441860056089e-04
1.411466748623602598e+03 2.211992995055824849e+03 1.062529842565791824e+02 0.000000000000000000e+00 0.000000000000000000e+00 -1.082669934210400697e-02
1.223401701375290713e+03 1.965393582540330044e+03 8.630859794339804125e+01 0.000000000000000000e+00 0.000000000000000000e+00 -2.941099927666357416e-02
1.536889828217484364e+03 1.955102980791084519e+03 9.764423786922746729e+01 0.000000000000000000e+00 0.000000000000000000e+00 4.816826589633649291e-02
1.213137276147218699e+03 1.660002870510806133e+03 7.203593010885460046e+01 0.000000000000000000e+00 0.000000000000000000e+00 4.336603048633946855e-02
1.584429700858838487e+03 1.649768173319954940e+03 8.569042930968561222e+01 0.000000000000000000e+00 0.000000000000000000e+00 -5.422132847428429159e-03
1.408910532690862055e+03 1.493620112327689867e+03 7.240551470097075537e+01 0.000000000000000000e+00 0.000000000000000000e+00 -9.223128078318154621e-03
1.177555021243064402e+03 1.254915307682232879e+03 5.622903978072591258e+01 0.000000000000000000e+00 0.000000000000000000e+00 -1.517503128746255925e-02
1.569086269936965664e+03 1.262998003966624537e+03 7.087283979379709820e+01 0.000000000000000000e+00 0.000000000000000000e+00 -2.115471319903861058e-02
1.215295781218133015e+03 9.517242338061857936e+02 4.921139026286425633e+01 0.000000000000000000e+00 0.000000000000000000e+00 -4.319001757167484357e-02
1.586597133887783002e+03 9.566250899075973848e+02 6.312940144044479496e+01 0.000000000000000000e+00 0.000000000000000000e+00 5.250053065559967536e-02
1.395778472851039396e+03 7.853762716528960937e+02 5.189259886218666651e+01 0.000000000000000000e+00 0.000000000000000000e+00 2.642768771440984210e-02
1.221469238794846433e+03 5.579695883868089368e+02 4.214679287794540130e+01 0.000000000000000000e+00 0.000000000000000000e+00 -3.944076370432725298e-02
1.540244346385886274e+03 5.275140131415556652e+02 5.328670343280570876e+01 0.000000000000000000e+00 0.000000000000000000e+00 6.313379558957876725e-02
1.199200453932754272e+03 2.421500962928372189e+02 3.833827393510886594e+01 0.000000000000000000e+00 0.000000000000000000e+00 5.800943142752856829e-02
1.566833346619579970e+03 2.178822775040668489e+02 5.143633075359262818e+01 0.000000000000000000e+00 0.000000000000000000e+00 6.543676225916783551e-03
1.406503455105493686e+03 6.122296433028105866e+01 4.462651194386573650e+01 0.000000000000000000e+00 0.000000000000000000e+00 2.687795001327231148e-02
1.171581573442694435e+03 -1.500892371419464837e+02 3.692054190867310126e+01 0.000000000000000000e+00 0.000000000000000000e+00 1.082840381734229140e-02
1.540113518971423446e+03 -1.970906411576644928e+02 4.998961268331999008e+01 0.000000000000000000e+00 0.000000000000000000e+00 2.282479541965898306e-02
1.169388280470633845e+03 -4.774341357694229941e+02 3.910260012275929142e+01 0.000000000000000000e+00 0.000000000000000000e+00 -3.402931222773020181e-03
1.574821582177955861e+03 -4.806016982745883297e+02 5.343392448708340225e+01 0.000000000000000000e+00 0.000000000000000000e+00 7.309218563214869846e-02
1.391643909990028760e+03 -6.362497140540303917e+02 4.835952899590729004e+01 0.000000000000000000e+00 0.000000000000000000e+00 2.270879163895500596e-02
1.197523144864548158e+03 -8.852433776408804533e+02 4.615198677225954782e+01 0.000000000000000000e+00 0.000000000000000000e+00 3.860706843241246133e-02
1.575102707507948026e+03 -8.714701103743225303e+02 5.927491826538940245e+01 0.000000000000000000e+00 0.000000000000000000e+00 3.298915862401941013e-02
1.190858380280345727e+03 -1.191522904811948820e+03 5.305497247848565223e+01 0.000000000000000000e+00 0.000000000000000000e+00 2.208460416701285567e-02
1.563035871519247394e+03 -1.197721765330413291e+03 6.629984529873087240e+01 0.000000000000000000e+00 0.000000000000000000e+00 2.332103984754496651e-02
1.409421763330357862e+03 -1.357959428355186446e+03 6.503111331662741179e+01 0.000000000000000000e+00 0.000000000000000000e+00 3.208916984334564404e-02
1.192879385734989228e+03 -1.596767707954183834e+03 6.573051317583939124e+01 0.000000000000000000e+00 0.000000000000000000e+00 -3.792156732704654587e-02
1.554765362510092700e+03 -1.580724109242951727e+03 7.783886581387362469e+01 0.000000000000000000e+00 0.000000000000000000e+00 2.960535752528414832e-02
1.236223290991529439e+03 -1.890077928915863595e+03 7.848459949529011226e+01 0.000000000000000000e+00 0.000000000000000000e+00 1.602226383927529696e-02
1.561676260976451431e+03 -1.896732948386446196e+03 9.039081044031095757e+01 0.000000000000000000e+00 0.000000000000000000e+00 -3.442044522580545163e-02
1.404331991545994015e+03 -2.063690483528243931e+03 9.181555355071122904e+01 0.000000000000000000e+00 0.000000000000000000e+00 3.164682265303042641e-02
1.196173292060705762e+03 -2.297121282827884897e+03 9.628913068334615843e+01 0.000000000000000000e+00 0.000000000000000000e+00 -1.772335801648239340e-02
1.559012178923624106e+03 -2.300304018788922804e+03 1.092534785042802241e+02 0.000000000000000000e+00 0.000000000000000000e+00 5.005741214728232080e-02
1.208607742390818657e+03 -2.609153816076682233e+03 1.138272615908028627e+02 0.000000000000000000e+00 0.000000000000000000e+00 3.556920474728997306e-02
1.539780639733683984e+03 -2.644920082223370628e+03 1.276464527752623610e+02 0.000000000000000000e+00 0.000000000000000000e+00 -4.593108547268798247e-03
1.388221900232146027e+03 -2.771276994089734217e+03 1.296359456849175444e+02 0.000000000000000000e+00 0.000000000000000000e+00 7.541900267420942328e-02
1.211956417722858305e+03 -3.007307373344053303e+03 1.391145730727049283e+02 0.000000000000000000e+00 0.000000000000000000e+00 4.089181114977691323e-02
1.537598369129739694e+03 -3.020542574338285704e+03 1.516164978714985523e+02 0.000000000000000000e+00 0.000000000000000000e+00 -3.162287075753056342e-03
1.870743020167018585e+03 -2.372003022453102403e+03 1.268065015543334795e+02 0.000000000000000000e+00 0.000000000000000000e+00 1.358080596121169492e-02
2.230609767640164137e+03 -2.338145414503802385e+03 1.441967602070524777e+02 0.000000000000000000e+00 0.000000000000000000e+00 -9.090696804727826930e-02
2.083719055312003547e+03 -2.115912022691885795e+03 1.247827469996672818e+02 0.000000000000000000e+00 0.000000000000000000e+00 -7.942187044477577729e-03
1.876872745157974123e+03 -1.955859320029824858e+03 1.068672694186237777e+02 0.000000000000000000e+00 0.000000000000000000e+00 1.616218478046960172e-02
2.254396106357952704e+03 -1.907504662926981382e+03 1.249784829908267341e+02 0.000000000000000000e+00 0.000000000000000000e+00 -9.308488834695083369e-02
2.265618424348653662e+03 -1.651538931274030801e+03 1.154242186246064108e+02 0.000000000000000000e+00 0.000000000000000000e+00 4.077327875648961708e-04
1.928640052992076562e+03 -1.658923167789214631e+03 9.739319521474016028e+01 0.000000000000000000e+00 0.000000000000000000e+00 1.797673880568595450e-02
2.077727010571241863e+03 -1.431621851050464329e+03 9.726616122235861894e+01 0.000000000000000000e+00 0.000000000000000000e+00 -9.188899551142526434e-02
1.899761641593599052e+03 -1.259144025367117138e+03 8.295742127211946126e+01 0.000000000000000000e+00 0.000000000000000000e+00 -5.078994170838768696e-02
2.267101590373948966e+03 -1.204384090017804510e+03 1.012812532026439669e+02 0.000000000000000000e+00 0.000000000000000000e+00 1.125978487891643454e-02
2.286951218931482344e+03 -9.353424686633043166e+02 9.610748118508698212e+01 0.000000000000000000e+00 0.000000000000000000e+00 7.386420637118362720e-03
1.968133736748862930e+03 -9.162501821878822739e+02 7.810277445756855741e+01 0.000000000000000000e+00 0.000000000000000000e+00 -8.077021723239852236e-02
2.089587075214511970e+03 -7.118147964162193375e+02 8.084476580553933900e+01 0.000000000000000000e+00 0.000000000000000000e+00 2.814513565661513894e-02
1.926097892432519757e+03 -5.387944725129971175e+02 6.997986275661914135e+01 0.000000000000000000e+00 0.000000000000000000e+00 7.223320601477212222e-02
2.265423978974591591e+03 -4.738950924268131075e+02 8.781826186276343549e+01 0.000000000000000000e+00 0.000000000000000000e+00 -4.863627330794884074e-02
2.272906764542032306e+03 -2.333456292340800076e+02 8.657110922859207847e+01 0.000000000000000000e+00 0.000000000000000000e+00 2.614337267759481165e-02
1.973616919597752712e+03 -1.947522595360967728e+02 6.977864655832391350e+01 0.000000000000000000e+00 0.000000000000000000e+00 5.459106627901633146e-02
2.088366743669117113e+03 3.912584142251369190e+00 7.564469501329654122e+01 0.000000000000000000e+00 0.000000000000000000e+00 -4.941336321016365218e-02
2.289337214732148823e+03 1.736142967906255592e+02 8.781061570067703315e+01 0.000000000000000000e+00 0.000000000000000000e+00 -6.231041992889174708e-02
1.959278816139649052e+03 2.155453744874265567e+02 6.955309323571904656e+01 0.000000000000000000e+00 0.000000000000000000e+00 -3.843943016271111901e-02
1.899576373982957875e+03 4.652878202844514703e+02 6.878545845899850519e+01 0.000000000000000000e+00 0.000000000000000000e+00 4.738306480675191779e-03
2.278694138105554430e+03 4.832616537861917436e+02 9.002150248583693326e+01 0.000000000000000000e+00 0.000000000000000000e+00 2.272026459276332844e-02
2.091534122648453376e+03 7.113316771238094134e+02 8.269336398858385451e+01 0.000000000000000000e+00 0.000000000000000000e+00 -1.488873313209637672e-02
1.934691589933206615e+03 8.936524508557089348e+02 7.800516409232599813e+01 0.000000000000000000e+00 0.000000000000000000e+00 3.928801999509801135e-02
2.295021631538754718e+03 9.546953049832319493e+02 9.990830747776760745e+01 0.000000000000000000e+00 0.000000000000000000e+00 -1.828874199459562533e-02
2.280956489005812728e+03 1.187503683385174554e+03 1.054957446830526635e+02 0.000000000000000000e+00 0.000000000000000000e+00 -2.681518419933581754e-05
1.969227163038831350e+03 1.221838072674780733e+03 8.863324514164611401e+01 0.000000000000000000e+00 0.000000000000000000e+00 -3.306282297501184075e-02
2.111625530616388914e+03 1.427440364479296704e+03 1.034726887093633962e+02 0.000000000000000000e+00 0.000000000000000000e+00 2.550750302836490846e-02
1.907641781500580464e+03 1.598773395919117092e+03 9.894558536080799627e+01 0.000000000000000000e+00 0.000000000000000000e+00 -2.572305318848577826e-02
2.231849540565174266e+03 1.620016247023891310e+03 1.181849506319627210e+02 0.000000000000000000e+00 0.000000000000000000e+00 3.796544439403248816e-02
2.298150920344241058e+03 1.897522485127219170e+03 1.350431069972144371e+02 0.000000000000000000e+00 0.000000000000000000e+00 2.942877901048746025e-02
1.973864881118996436e+03 1.926554416868746102e+03 1.173247068082084184e+02 0.000000000000000000e+00 0.000000000000000000e+00 3.460419300809292054e-02
2.079625755641923206e+03 2.142189997004292309e+03 1.346723001998171299e+02 0.000000000000000000e+00 0.000000000000000000e+00 3.051052349516680806e-02
2.285873215497296769e+03 2.297161900820455230e+03 1.563163698333781895e+02 0.000000000000000000e+00 0.000000000000000000e+00 2.957656533311592284e-03
1.957293991591907343e+03 2.331636363816124685e+03 1.388685630298461433e+02 0.000000000000000000e+00 0.000000000000000000e+00 -4.456951729795832762e-02
2.914651408192328290e+03 1.605418139343551047e+03 1.661743815910512012e+02 0.000000000000000000e+00 0.000000000000000000e+00 3.960624030705162113e-02
2.678169443974722526e+03 1.617560708114846420e+03 1.483103088756053864e+02 0.000000000000000000e+00 0.000000000000000000e+00 -1.364894757631418543e-02
2.795021067775533083e+03 1.494808555698741657e+03 1.520963769591850507e+02 0.000000000000000000e+00 0.000000000000000000e+00 -2.326039310898408985e-02
2.592228851206231866e+03 1.266463459242651879e+03 1.286974035350469876e+02 0.000000000000000000e+00 0.000000000000000000e+00 -6.260032096432155413e-02
2.937334621358733330e+03 1.237646642631616714e+03 1.539708005110080364e+02 0.000000000000000000e+00 0.000000000000000000e+00 -6.221409226753848998e-02
2.617991923707296337e+03 9.467620605368953193e+02 1.211827724993113264e+02 0.000000000000000000e+00 0.000000000000000000e+00 5.381477709391901953e-04
2.970056712492247243e+03 9.430737684293293341e+02 1.479367769178764149e+02 0.000000000000000000e+00 0.000000000000000000e+00 -3.135652760477114498e-03
2.807894206589541682e+03 7.967555948198971691e+02 1.316765982737521483e+02 0.000000000000000000e+00 0.000000000000000000e+00 1.697069722138166981e-02
2.588568118746881737e+03 5.464658377897934542e+02 1.110884258419596051e+02 0.000000000000000000e+00 0.000000000000000000e+00 2.848157423569830371e-02
2.991249406485555483e+03 5.492169094640580624e+02 1.415044640413699710e+02 0.000000000000000000e+00 0.000000000000000000e+00 1.336113633237800968e-02
2.648743613814267064e+03 2.160660758691138881e+02 1.116862347599196994e+02 0.000000000000000000e+00 0.000000000000000000e+00 -2.369386213878499348e-02
2.980221625297635455e+03 2.299651140504456919e+02 1.368607677502681099e+02 0.000000000000000000e+00 0.000000000000000000e+00 2.984219662462805900e-02
2.811847354645613905e+03 6.366668961969514839e+01 1.228085690488555173e+02 0.000000000000000000e+00 0.000000000000000000e+00 4.954567540454490882e-02
2.580458539928088157e+03 -1.645379682906415724e+02 1.060461513261735007e+02 0.000000000000000000e+00 0.000000000000000000e+00 2.967610878151560883e-02
2.921588410822411788e+03 -2.049669566969594143e+02 1.311507983956847454e+02 0.000000000000000000e+00 0.000000000000000000e+00 1.466627936940767540e-02
2.612144625256574727e+03 -4.785600886827195382e+02 1.101033499368024309e+02 0.000000000000000000e+00 0.000000000000000000e+00 1.592441547244050071e-02
2.977015464927666926e+03 -4.845622863143148038e+02 1.372545647753610183e+02 0.000000000000000000e+00 0.000000000000000000e+00 2.560011879540979862e-02
2.830767205724173891e+03 -6.483462216498537600e+02 1.278304479317622508e+02 0.000000000000000000e+00 0.000000000000000000e+00 -1.261973736629329323e-02
2.571269502931478200e+03 -8.669026017849126902e+02 1.128451441713758783e+02 0.000000000000000000e+00 0.000000000000000000e+00 -2.211574631368762311e-02
2.984934646492410593e+03 -8.698127894659742196e+02 1.433126337437716415e+02 0.000000000000000000e+00 0.000000000000000000e+00 -4.337096429006237486e-02
2.644803349908008840e+03 -1.200904028492566340e+03 1.254582792690082442e+02 0.000000000000000000e+00 0.000000000000000000e+00 3.195049536049054950e-02
2.981956744485656145e+03 -1.191099495928559008e+03 1.502884236066381902e+02 0.000000000000000000e+00 0.000000000000000000e+00 -4.049833837183314245e-02
2.819361660969028890e+03 -1.356679868067609732e+03 1.424504207893884598e+02 0.000000000000000000e+00 0.000000000000000000e+00 -5.426417887355228231e-02
2.608580952322886787e+03 -1.596713383326278745e+03 1.352823356584352439e+02 0.000000000000000000e+00 0.000000000000000000e+00 -3.119402271801163806e-02
2.979413764354064824e+03 -1.586738277526858155e+03 1.623130472493436685e+02 0.000000000000000000e+00 0.000000000000000000e+00 -3.703039599429303053e-03
