0.001831 25.261394
nan 33.230227
0.002774 41.199060
0.001512 49.167894
nan 57.136727
0.004987 65.105560
nan 73.074394
0.006447 81.043227
0.003255 89.012060
0.007252 96.980894
0.005882 104.949727
0.002784 112.918560
0.007046 120.887394
0.006838 128.856227
0.006838 136.825060
0.007576 144.793894
0.005684 152.762727
0.008725 160.731560
0.006120 168.700393
0.002545 176.669227
0.004319 184.638060
0.007141 192.606893
0.004221 200.575727
0.006614 208.544560
0.005981 216.513393
0.009322 224.482227
0.003163 232.451060
0.007475 240.419893
0.007144 248.388727
0.005744 256.357560
0.007332 264.326393
0.005809 272.295226
0.004772 280.264060
0.008174 288.232893
0.003874 296.201726
0.005550 304.170560
0.007708 312.139393
0.007973 320.108226
0.006479 328.077060
0.006598 336.045893
0.008733 344.014726
0.008918 351.983560
0.007013 359.952393
0.004604 367.921226
0.005994 375.890060
0.007485 383.858893
0.006259 391.827726
0.006922 399.796559
0.010532 407.765393
0.008396 415.734226
0.004639 423.703059
0.003745 431.671893
0.011951 439.640726
0.004856 447.609559
0.006635 455.578393
0.005196 463.547226
0.006296 471.516059
0.006332 479.484893
0.005254 487.453726
0.007087 495.422559
0.010476 503.391392
0.005976 511.360226
0.006689 519.329059
0.006060 527.297892
0.006153 535.266726
0.006980 543.235559
0.005816 551.204392
0.000724 559.173226
0.000455 567.142059
0.007574 575.110892
0.001969 583.079726
0.003993 591.048559
0.011946 599.017392
0.004875 606.986226
0.002067 614.955059
0.007983 622.923892
nan 630.892725
0.011544 638.861559
nan 646.830392
0.006117 654.799225
nan 662.768059
0.008287 670.736892
0.013892 678.705725
0.003718 686.674559
nan 694.643392
0.000333 702.612225
0.001769 710.581059
nan 718.549892
nan 726.518725
nan 734.487558
nan 742.456392
nan 750.425225
nan 758.394058
nan 766.362892
0.010292 774.331725
0.008461 782.300558
nan 790.269392
nan 798.238225
nan 806.207058
0.006541 814.175892
