0.013427 48.684089
0.001824 55.641828
0.006461 62.599566
0.012743 69.557305
0.010920 76.515044
nan 83.472782
nan 90.430521
nan 97.388260
0.013400 104.345998
0.000251 111.303737
nan 118.261476
nan 125.219214
0.013176 132.176953
nan 139.134692
nan 146.092430
nan 153.050169
nan 160.007908
0.003623 166.965646
nan 173.923385
0.010725 180.881124
0.003624 187.838862
0.013149 194.796601
0.001989 201.754339
nan 208.712078
nan 215.669817
0.004315 222.627555
nan 229.585294
0.009272 236.543033
nan 243.500771
0.010442 250.458510
nan 257.416249
nan 264.373987
nan 271.331726
0.004578 278.289465
0.009553 285.247203
nan 292.204942
0.004822 299.162681
0.005725 306.120419
0.005866 313.078158
nan 320.035897
nan 326.993635
nan 333.951374
0.006003 340.909113
0.011201 347.866851
0.004405 354.824590
0.002832 361.782328
nan 368.740067
0.005612 375.697806
0.000032 382.655544
0.003992 389.613283
nan 396.571022
0.014571 403.528760
0.005614 410.486499
0.011756 417.444238
0.001676 424.401976
0.006742 431.359715
0.006307 438.317454
nan 445.275192
0.013072 452.232931
0.000954 459.190670
nan 466.148408
0.011783 473.106147
0.014321 480.063886
nan 487.021624
0.006171 493.979363
nan 500.937101
0.007516 507.894840
0.006310 514.852579
0.000180 521.810317
nan 528.768056
0.002198 535.725795
nan 542.683533
nan 549.641272
nan 556.599011
0.012313 563.556749
0.008100 570.514488
0.006433 577.472227
0.004955 584.429965
nan 591.387704
0.008127 598.345443
0.001393 605.303181
nan 612.260920
nan 619.218659
nan 626.176397
0.000431 633.134136
nan 640.091875
nan 647.049613
nan 654.007352
nan 660.965090
nan 667.922829
0.008690 674.880568
0.005049 681.838306
nan 688.796045
nan 695.753784
nan 702.711522
nan 709.669261
nan 716.627000
0.001828 723.584738
nan 730.542477
0.004053 737.500216
