0.004280 4.433673
nan 12.565468
0.007161 20.697263
0.007039 28.829058
0.005059 36.960853
0.007344 45.092648
0.007028 53.224443
0.006611 61.356238
0.006133 69.488032
0.008053 77.619827
0.006397 85.751622
0.006998 93.883417
0.007289 102.015212
0.005458 110.147007
0.008386 118.278802
0.007700 126.410597
0.006504 134.542392
0.007573 142.674187
0.008721 150.805981
0.006500 158.937776
0.008270 167.069571
0.009072 175.201366
0.008869 183.333161
0.009050 191.464956
0.010084 199.596751
0.009056 207.728546
0.008248 215.860341
0.008847 223.992136
0.008659 232.123930
0.008466 240.255725
0.007336 248.387520
0.009057 256.519315
0.007930 264.651110
0.008678 272.782905
0.007212 280.914700
0.009794 289.046495
0.007005 297.178290
0.007942 305.310085
0.007644 313.441879
0.008458 321.573674
0.008187 329.705469
0.008066 337.837264
0.009440 345.969059
0.008055 354.100854
0.008485 362.232649
0.007802 370.364444
0.008297 378.496239
0.008766 386.628034
0.008128 394.759829
0.006965 402.891623
0.007559 411.023418
0.007902 419.155213
0.008236 427.287008
0.006849 435.418803
0.006046 443.550598
0.007903 451.682393
0.006266 459.814188
0.006732 467.945983
0.006516 476.077778
0.007406 484.209572
0.007325 492.341367
0.005531 500.473162
0.006453 508.604957
0.007559 516.736752
0.006253 524.868547
0.004538 533.000342
0.006029 541.132137
0.005960 549.263932
0.006353 557.395727
0.009328 565.527521
0.006843 573.659316
0.007070 581.791111
0.007436 589.922906
0.007856 598.054701
0.007831 606.186496
0.007875 614.318291
0.005967 622.450086
0.008073 630.581881
0.006440 638.713676
0.007678 646.845470
0.006264 654.977265
0.005787 663.109060
0.007447 671.240855
0.006844 679.372650
0.006152 687.504445
0.003675 695.636240
0.005047 703.768035
0.002581 711.899830
0.005200 720.031625
0.005461 728.163419
0.003446 736.295214
0.004535 744.427009
0.005662 752.558804
0.007227 760.690599
0.006969 768.822394
0.004965 776.954189
0.002863 785.085984
0.006087 793.217779
nan 801.349574
0.002848 809.481369
