# x y z x_res y_res z_res
-1.874975501561870033e+03 3.242538807368194284e+03 -1.097456787425341815e+02 0.000000000000000000e+00 0.000000000000000000e+00 1.759379867465327152e-02
-1.888359549697669991e+03 2.807570783550018405e+03 -9.467261521234347299e+01 0.000000000000000000e+00 0.000000000000000000e+00 2.175471485927005233e-03
-1.852470361936676454e+03 3.189924329928714542e+03 -1.071466316307782449e+02 0.000000000000000000e+00 0.000000000000000000e+00 1.119487736266933098e-02
-2.262818174102967532e+03 3.223231283761777831e+03 -1.208547919495795213e+02 0.000000000000000000e+00 0.000000000000000000e+00 2.905439955399913288e-02
-2.240142056723053884e+03 2.858902100753581180e+03 -1.072109481243451796e+02 0.000000000000000000e+00 0.000000000000000000e+00 6.571266979024414923e-02
-2.068842618986250272e+03 3.066734054216694858e+03 -1.089317053193117601e+02 0.000000000000000000e+00 0.000000000000000000e+00 5.096081346538028356e-02
-1.588238215761321726e+03 3.226121390987077120e+03 -1.017544591559075400e+02 0.000000000000000000e+00 0.000000000000000000e+00 5.102317883896034800e-03
-1.588717262313606398e+03 2.829269443961686193e+03 -8.757713920432938437e+01 0.000000000000000000e+00 0.000000000000000000e+00 3.046680021579106779e-02
-1.407031817437398786e+03 3.091859694943682825e+03 -9.270435410802161869e+01 0.000000000000000000e+00 0.000000000000000000e+00 -1.160710004660359118e-02
-1.204212353611463186e+03 3.227081364911423407e+03 -9.379146540029907442e+01 0.000000000000000000e+00 0.000000000000000000e+00 -4.728333683161167755e-03
-1.209807028144799233e+03 2.842783595943676119e+03 -8.003835244278569405e+01 0.000000000000000000e+00 0.000000000000000000e+00 -3.074938559056761278e-02
-9.112487429421436218e+02 2.810409209039736197e+03 -7.414775755621013786e+01 0.000000000000000000e+00 0.000000000000000000e+00 -3.584317340651921313e-02
-9.190581322856456836e+02 3.249010608808096549e+03 -9.009868826739784708e+01 0.000000000000000000e+00 0.000000000000000000e+00 -1.544040040251104529e-02
-7.332794788932146730e+02 3.079411894207731621e+03 -8.141097338125888427e+01 0.000000000000000000e+00 0.000000000000000000e+00 -1.655059695529814690e-02
-5.485296743866709903e+02 2.843996002389239493e+03 -7.126807087497441273e+01 0.000000000000000000e+00 0.000000000000000000e+00 -3.785498608365855944e-02
-5.438179893900082789e+02 3.235204421564993027e+03 -8.544698788388964772e+01 0.000000000000000000e+00 0.000000000000000000e+00 -7.711678572519531372e-03
-2.507104451319655141e+02 3.251802353051198224e+03 -8.433616862784100476e+01 0.000000000000000000e+00 0.000000000000000000e+00 4.267047206715801622e-02
-2.581616018180193350e+02 2.846513096132739065e+03 -6.957340533951970940e+01 0.000000000000000000e+00 0.000000000000000000e+00 -1.816733280783466853e-02
-4.179639029831190555e+01 3.121809965258481952e+03 -7.893567996791482244e+01 0.000000000000000000e+00 0.000000000000000000e+00 2.228977529662756751e-02
1.696909807935589924e+02 3.284911535074022140e+03 -8.536725770104396815e+01 0.000000000000000000e+00 0.000000000000000000e+00 -3.848333503253797971e-02
1.372561227924361162e+02 2.880053652767064705e+03 -7.036584224102369944e+01 0.000000000000000000e+00 0.000000000000000000e+00 -2.681882510388788887e-02
5.037947969055280169e+02 3.240929304897966176e+03 -8.535221040095659362e+01 0.000000000000000000e+00 0.000000000000000000e+00 -3.748240258644841560e-02
5.017765027071760073e+02 2.844134036415284299e+03 -7.089960859244115454e+01 0.000000000000000000e+00 0.000000000000000000e+00 -1.454271984490986824e-01
6.315550440853147620e+02 3.053851145350308798e+03 -7.942744516007789457e+01 0.000000000000000000e+00 0.000000000000000000e+00 -5.003366130731023986e-02
8.349534467651944851e+02 3.229199153369025680e+03 -8.823141233877203149e+01 0.000000000000000000e+00 0.000000000000000000e+00 -1.710397031997956674e-02
8.431024369385741011e+02 2.870187297591165589e+03 -7.527747492291337039e+01 0.000000000000000000e+00 0.000000000000000000e+00 -3.367089515027998914e-02
8.557493353580172197e+02 2.796290806279320805e+03 -7.292830943053505166e+01 0.000000000000000000e+00 0.000000000000000000e+00 2.835674098548679467e-03
6.272236533558690326e+02 3.043486540190900087e+03 -7.900871237205207365e+01 0.000000000000000000e+00 0.000000000000000000e+00 -8.054046913628098991e-03
4.635525161914522982e+02 3.205870088279254105e+03 -8.371475614160337386e+01 0.000000000000000000e+00 0.000000000000000000e+00 -1.385460985567021908e-02
1.117863833222422045e+03 2.873617611308477080e+03 -7.947354932129967153e+01 0.000000000000000000e+00 0.000000000000000000e+00 -2.552480534158974024e-02
1.109490392752258458e+03 3.240064909500969407e+03 -9.264823738752650684e+01 0.000000000000000000e+00 0.000000000000000000e+00 -5.151359823683776540e-02
1.300237031203157585e+03 3.107970901101006802e+03 -9.112932337965744978e+01 0.000000000000000000e+00 0.000000000000000000e+00 -4.039597855212662125e-02
1.498405109102664483e+03 2.873934761136899397e+03 -8.699239533086588949e+01 0.000000000000000000e+00 0.000000000000000000e+00 -4.906256963849386921e-02
1.493049524106129411e+03 3.231308460324117732e+03 -9.976758066105186629e+01 0.000000000000000000e+00 0.000000000000000000e+00 7.720540749630799837e-03
1.779283304219770343e+03 3.255067781136076064e+03 -1.076313506679497323e+02 0.000000000000000000e+00 0.000000000000000000e+00 1.299843086964358463e-02
1.777230530834736555e+03 2.880805717711354191e+03 -9.408209078472114584e+01 0.000000000000000000e+00 0.000000000000000000e+00 -3.406025720650518451e-03
1.959583726082989415e+03 3.082231528516749222e+03 -1.062243202464918852e+02 0.000000000000000000e+00 0.000000000000000000e+00 3.274548762962581350e-02
2.158410674461014878e+03 3.245249326197047594e+03 -1.182855453127432099e+02 0.000000000000000000e+00 0.000000000000000000e+00 -5.087342953075335572e-03
2.160792725481102480e+03 2.873294166289041641e+03 -1.050990124072903598e+02 0.000000000000000000e+00 0.000000000000000000e+00 -3.017345177541130852e-02
2.880354697817821034e+03 2.538575148779764731e+03 -1.214006308232713991e+02 0.000000000000000000e+00 0.000000000000000000e+00 9.882738897715626081e-03
2.509296187160965474e+03 2.507567670386360987e+03 -1.056889373146300386e+02 0.000000000000000000e+00 0.000000000000000000e+00 1.375499759840863589e-01
2.471784722836096989e+03 2.143528736493086853e+03 -9.434917601502661455e+01 0.000000000000000000e+00 0.000000000000000000e+00 7.590916240950207339e-02
2.842755763217194271e+03 2.137264787751520089e+03 -1.089276519139324790e+02 0.000000000000000000e+00 0.000000000000000000e+00 8.297560429326722442e-02
2.203182888118180017e+03 2.081937444832180518e+03 -8.333779048420700519e+01 0.000000000000000000e+00 0.000000000000000000e+00 8.943347281359592671e-03
2.003524439117659313e+03 2.323085328566387489e+03 -8.330704964198297091e+01 0.000000000000000000e+00 0.000000000000000000e+00 -3.122262838392941831e-02
2.011421463455469620e+03 2.323511782640558067e+03 -8.355858090792472126e+01 0.000000000000000000e+00 0.000000000000000000e+00 -1.950727265074192474e-02
1.841992502689074399e+03 2.509546161344453594e+03 -8.397827770299551275e+01 0.000000000000000000e+00 0.000000000000000000e+00 -5.829591723764337985e-02
2.163836153489264234e+03 2.546628716558434917e+03 -9.478980233760779583e+01 0.000000000000000000e+00 0.000000000000000000e+00 -4.427786826740032211e-02
1.842147933289219736e+03 2.100650262257398481e+03 -7.271015909395589460e+01 0.000000000000000000e+00 0.000000000000000000e+00 2.685596838072967785e-02
1.824669792849522310e+03 1.800210369767067959e+03 -6.515766549276045794e+01 0.000000000000000000e+00 0.000000000000000000e+00 -3.451847957055065308e-02
2.188396949560750272e+03 1.800468272415065030e+03 -7.632393849392659035e+01 0.000000000000000000e+00 0.000000000000000000e+00 -1.708954268165996382e-02
2.033580803943524643e+03 1.602377844419743042e+03 -6.727891356419220870e+01 0.000000000000000000e+00 0.000000000000000000e+00 2.684427482064677406e-02
1.843752260927532234e+03 1.371939244167162997e+03 -5.745939323006002297e+01 0.000000000000000000e+00 0.000000000000000000e+00 -1.310556604470036746e-02
2.199329937877180328e+03 1.385110475975328882e+03 -6.875495791978946158e+01 0.000000000000000000e+00 0.000000000000000000e+00 4.167707567312106676e-02
2.498660118432529998e+03 1.797543772629109526e+03 -8.729756302387903588e+01 0.000000000000000000e+00 0.000000000000000000e+00 1.036002299301230778e-02
2.835109739817539321e+03 1.803432992726357952e+03 -1.009251665660107165e+02 0.000000000000000000e+00 0.000000000000000000e+00 2.601017198851707235e-02
2.657613677522118905e+03 1.640716504836389504e+03 -9.030264183424425539e+01 0.000000000000000000e+00 0.000000000000000000e+00 1.917325569915817596e-02
2.478601723513450906e+03 1.383798733328413846e+03 -7.872467712588209565e+01 0.000000000000000000e+00 0.000000000000000000e+00 3.288933532036253382e-02
2.817829567102493911e+03 1.366808125269719767e+03 -9.207734529793390266e+01 0.000000000000000000e+00 0.000000000000000000e+00 2.677980671020918635e-02
2.852057065081453857e+03 1.055891350333593209e+03 -8.912964107669100144e+01 0.000000000000000000e+00 0.000000000000000000e+00 3.038448114342884310e-02
2.518397953162028443e+03 1.038140092273911478e+03 -7.526557709344618274e+01 0.000000000000000000e+00 0.000000000000000000e+00 -6.836883048126196627e-02
2.655664018278953790e+03 8.794541681136724947e+02 -7.889739382614524743e+01 0.000000000000000000e+00 0.000000000000000000e+00 2.054521375519868798e-02
2.519060386092716271e+03 6.250445436869482592e+02 -7.122762496532601517e+01 0.000000000000000000e+00 0.000000000000000000e+00 -2.363191721457269523e-03
2.852303684879624598e+03 6.435964958990873583e+02 -8.506277056891890709e+01 0.000000000000000000e+00 0.000000000000000000e+00 7.776939421523820783e-02
2.217909619888981069e+03 1.024582479134834330e+03 -6.416193537417449022e+01 0.000000000000000000e+00 0.000000000000000000e+00 1.464483727575327521e-02
1.848947893107753544e+03 1.016153124749053859e+03 -5.243358914344635480e+01 0.000000000000000000e+00 0.000000000000000000e+00 -1.170532270177204737e-02
2.010647186692006926e+03 8.838794440426871688e+02 -5.575699647980910356e+01 0.000000000000000000e+00 0.000000000000000000e+00 1.507902633054669650e-02
1.847345483989512559e+03 6.232309060224338282e+02 -4.846315054343813244e+01 0.000000000000000000e+00 0.000000000000000000e+00 3.220878161140205975e-02
2.229912811528374732e+03 6.317436585123832629e+02 -6.067293616003704670e+01 0.000000000000000000e+00 0.000000000000000000e+00 2.502179934953829843e-02
2.220966664734194637e+03 2.925285863556354116e+02 -5.851569099547852204e+01 0.000000000000000000e+00 0.000000000000000000e+00 4.047438540305137167e-02
1.862232926837164996e+03 2.692272170510129286e+02 -4.699389466390807257e+01 0.000000000000000000e+00 0.000000000000000000e+00 -1.853816392659979329e-02
2.040147513353365412e+03 1.230362640761305357e+02 -5.210907932409112675e+01 0.000000000000000000e+00 0.000000000000000000e+00 1.070440695156165134e-01
2.043440009083876248e+03 1.197532065028507446e+02 -5.221011572345561547e+01 0.000000000000000000e+00 0.000000000000000000e+00 9.965170802308165321e-02
2.202960867325466097e+03 -1.294448148986281808e+02 -5.758487270036863492e+01 0.000000000000000000e+00 0.000000000000000000e+00 1.082911578445404643e-01
1.850873249020048434e+03 -1.421749048686343144e+02 -4.642067872233343451e+01 0.000000000000000000e+00 0.000000000000000000e+00 8.049905759539655037e-02
2.487532659356914792e+03 2.856501237021045085e+02 -6.822342772252555676e+01 0.000000000000000000e+00 0.000000000000000000e+00 9.490681586464688735e-02
2.856786928897336111e+03 3.015522266960938964e+02 -8.342845795241895246e+01 0.000000000000000000e+00 0.000000000000000000e+00 1.357253141501217897e-01
2.677360290606711715e+03 1.378370842974599100e+02 -7.544524395712835485e+01 0.000000000000000000e+00 0.000000000000000000e+00 1.378630880181219709e-01
2.859787340810615660e+03 -1.195363417529671466e+02 -8.326083109660807224e+01 0.000000000000000000e+00 0.000000000000000000e+00 1.429476800099394040e-01
2.894026068668802054e+03 -5.237288564498618371e+02 -8.651754067095279765e+01 0.000000000000000000e+00 0.000000000000000000e+00 -7.016116447346121276e-03
2.490804419671178948e+03 -5.346974817571821177e+02 -6.989088125690850006e+01 0.000000000000000000e+00 0.000000000000000000e+00 -5.272511177996364040e-02
2.665878115543584499e+03 -6.631161249184406188e+02 -7.785850609087682983e+01 0.000000000000000000e+00 0.000000000000000000e+00 -5.651817547609994108e-02
2.540558642760386192e+03 -9.062535576643614377e+02 -7.526836892816390900e+01 0.000000000000000000e+00 0.000000000000000000e+00 -3.945175588305005476e-02
2.843253862177884912e+03 -8.880478614301946436e+02 -8.757971171810231681e+01 0.000000000000000000e+00 0.000000000000000000e+00 -1.293579665471611406e-02
2.224180146184282421e+03 -5.180718093710247558e+02 -5.999969745235382135e+01 0.000000000000000000e+00 0.000000000000000000e+00 -5.255578864690590990e-02
1.824541237128595185e+03 -5.246534467731178211e+02 -4.734648977655049862e+01 0.000000000000000000e+00 0.000000000000000000e+00 -6.515454650134699932e-03
2.031091664384321803e+03 -6.933590763014994991e+02 -5.494546722303920205e+01 0.000000000000000000e+00 0.000000000000000000e+00 -9.810719870779394114e-02
1.833371740063383868e+03 -9.502597098325188654e+02 -5.165668545662021671e+01 0.000000000000000000e+00 0.000000000000000000e+00 4.534307043946483873e-02
2.210597297594182692e+03 -9.485533766653234125e+02 -6.359889580545506504e+01 0.000000000000000000e+00 0.000000000000000000e+00 -9.615026203611876099e-03
1.842901206228546926e+03 -1.274525430620522911e+03 -5.655736639813326860e+01 0.000000000000000000e+00 0.000000000000000000e+00 6.248005557948488331e-02
2.241575296448940207e+03 -1.264734907052932158e+03 -6.913337401742194288e+01 0.000000000000000000e+00 0.000000000000000000e+00 -4.648864678644315518e-02
2.023584940246879341e+03 -1.436919335841083466e+03 -6.484046018782944998e+01 0.000000000000000000e+00 0.000000000000000000e+00 -3.477540365253162236e-04
1.840870991815545949e+03 -1.688258053115101575e+03 -6.430805077137455328e+01 0.000000000000000000e+00 0.000000000000000000e+00 -4.116211764753074931e-02
2.231425629626164664e+03 -1.684362201185524555e+03 -7.660088442518619445e+01 0.000000000000000000e+00 0.000000000000000000e+00 7.417255758355167927e-03
2.538584993117804515e+03 -1.255242565899230158e+03 -7.997015358917960270e+01 0.000000000000000000e+00 0.000000000000000000e+00 -1.165274241521245813e-01
2.855290209703030541e+03 -1.254404148266080028e+03 -9.303449098049620147e+01 0.000000000000000000e+00 0.000000000000000000e+00 -3.187239158320664956e-02
2.692844281278651579e+03 -1.436299373852924418e+03 -8.921838183977429537e+01 0.000000000000000000e+00 0.000000000000000000e+00 -1.771647361793782238e-02
2.511183262262470180e+03 -1.697400809375895051e+03 -8.709132891194508375e+01 0.000000000000000000e+00 0.000000000000000000e+00 -5.092585823049944338e-02
2.900254226960278174e+03 -1.678640962771970635e+03 -1.027030447470727950e+02 0.000000000000000000e+00 0.000000000000000000e+00 -3.392287158911244660e-02
2.895465572885836991e+03 -2.014079823846133422e+03 -1.100673825562837038e+02 0.000000000000000000e+00 0.000000000000000000e+00 -8.939628411937405872e-03
2.518059007498774008e+03 -2.021159147369735365e+03 -9.482624018028397472e+01 0.000000000000000000e+00 0.000000000000000000e+00 -7.072673271322571509e-02
2.732818204631549179e+03 -2.179674677038930440e+03 -1.074302193172052426e+02 0.000000000000000000e+00 0.000000000000000000e+00 5.051231616235440924e-03
2.527824770151922621e+03 -2.443257898526648660e+03 -1.067454490252353736e+02 0.000000000000000000e+00 0.000000000000000000e+00 -7.681249647748700227e-02
2.907086984932765063e+03 -2.423918725370748689e+03 -1.215312376094150295e+02 0.000000000000000000e+00 0.000000000000000000e+00 -4.207330887119553608e-02
2.231375271660012004e+03 -2.017981106738811150e+03 -8.433583101818408068e+01 0.000000000000000000e+00 0.000000000000000000e+00 -9.076090716155249538e-02
1.848418305199340693e+03 -2.029525614197002142e+03 -7.254955366818414575e+01 0.000000000000000000e+00 0.000000000000000000e+00 4.002661751806613211e-02
2.065442435360529089e+03 -2.187329543248749360e+03 -8.329304148504232330e+01 0.000000000000000000e+00 0.000000000000000000e+00 -1.104188132541281675e-01
1.849324908127947083e+03 -2.445428315947591273e+03 -8.423196240003285595e+01 0.000000000000000000e+00 0.000000000000000000e+00 -4.272190394245001244e-02
2.232684923627567059e+03 -2.769395098158011479e+03 -1.065171233705232794e+02 0.000000000000000000e+00 0.000000000000000000e+00 -5.092581880774105230e-02
1.861045175233205782e+03 -2.770075278243768025e+03 -9.503946001302551849e+01 0.000000000000000000e+00 0.000000000000000000e+00 -4.730712364143130344e-02
2.033486363158529230e+03 -2.933910160543468464e+03 -1.058248527943820818e+02 0.000000000000000000e+00 0.000000000000000000e+00 -7.711871814177584383e-02
1.851846789277810785e+03 -3.205190282402365028e+03 -1.106018853007010989e+02 0.000000000000000000e+00 0.000000000000000000e+00 -5.991752326143284790e-02
2.239638795718860365e+03 -3.186122500609602412e+03 -1.216440133788343729e+02 0.000000000000000000e+00 0.000000000000000000e+00 3.749007008853766365e-02
-1.890370118857643547e+03 2.473892364475463182e+03 -8.428420108850174586e+01 0.000000000000000000e+00 0.000000000000000000e+00 -5.150755876067591998e-02
-2.200981727168374164e+03 2.441033645718827756e+03 -9.289632380227578778e+01 0.000000000000000000e+00 0.000000000000000000e+00 -3.003174553903420474e-02
-2.065608041880640485e+03 2.350236401269818543e+03 -8.597029857471984826e+01 0.000000000000000000e+00 0.000000000000000000e+00 8.179810169878010129e-03
-1.891835499569931699e+03 2.092330356467370166e+03 -7.391457558244438530e+01 0.000000000000000000e+00 0.000000000000000000e+00 -1.519818416264229199e-02
-2.219401377023911664e+03 2.099877085624492338e+03 -8.432691104879322097e+01 0.000000000000000000e+00 0.000000000000000000e+00 8.117148561439080368e-03
-2.266692620644615090e+03 2.498420021787668247e+03 -9.677014974689689097e+01 0.000000000000000000e+00 0.000000000000000000e+00 2.515477446260661054e-02
-2.510112660560687345e+03 2.500196982830871093e+03 -1.055035678711918763e+02 0.000000000000000000e+00 0.000000000000000000e+00 4.850899000636843539e-02
-2.525334256844167157e+03 2.097004836044690819e+03 -9.519625733032459891e+01 0.000000000000000000e+00 0.000000000000000000e+00 2.795017784841036246e-02
-2.687636237026083109e+03 2.319657723084060308e+03 -1.072860277069166841e+02 0.000000000000000000e+00 0.000000000000000000e+00 -1.040311256284098818e-02
-2.844341043014260777e+03 2.457674121350965379e+03 -1.175436167265351202e+02 0.000000000000000000e+00 0.000000000000000000e+00 2.381918768834623279e-02
-2.889225098189605433e+03 2.083719551896258963e+03 -1.095925749096523276e+02 0.000000000000000000e+00 0.000000000000000000e+00 6.405993872732551608e-03
-2.503636170961831795e+03 1.774123197095879050e+03 -8.699032862187809201e+01 0.000000000000000000e+00 0.000000000000000000e+00 2.696695572366536453e-02
-2.886957494658612632e+03 1.763360153225233262e+03 -1.023102423050698349e+02 0.000000000000000000e+00 0.000000000000000000e+00 3.319661072566759685e-02
-2.698513646589413383e+03 1.609161722793199260e+03 -9.135155135394415993e+01 0.000000000000000000e+00 0.000000000000000000e+00 -4.729183821083893235e-03
-2.518864519621060481e+03 1.356190656537898576e+03 -7.980795994679949956e+01 0.000000000000000000e+00 0.000000000000000000e+00 1.944254744033457882e-02
-2.894361169634491944e+03 1.362181543395664676e+03 -9.529980813243264492e+01 0.000000000000000000e+00 0.000000000000000000e+00 2.549243962559444299e-02
-2.212509648618305164e+03 1.769095427492989757e+03 -7.646242783515477015e+01 0.000000000000000000e+00 0.000000000000000000e+00 -1.274298736029777501e-02
-1.827790793464433364e+03 1.761542600128461345e+03 -6.441238771870594348e+01 0.000000000000000000e+00 0.000000000000000000e+00 2.357258001559614513e-02
-2.026378270024367566e+03 1.598720175869662626e+03 -6.698393171386058498e+01 0.000000000000000000e+00 0.000000000000000000e+00 -3.678341813946417460e-02
-1.852590517703944442e+03 1.351794381294679852e+03 -5.737841861764931650e+01 0.000000000000000000e+00 0.000000000000000000e+00 -2.038641917586403451e-02
-2.239618828846090310e+03 1.338816972781398135e+03 -6.936979295209211216e+01 0.000000000000000000e+00 0.000000000000000000e+00 2.844606028797613817e-02
-1.830611436371838636e+03 1.018164716726289612e+03 -5.193364768538080511e+01 0.000000000000000000e+00 0.000000000000000000e+00 2.958202338533055809e-02
-2.206873982760184845e+03 1.002421117509824057e+03 -6.351496533081007101e+01 0.000000000000000000e+00 0.000000000000000000e+00 -5.440218536058694099e-02
-2.034205320169879315e+03 8.532932368730195094e+02 -5.617542579758838883e+01 0.000000000000000000e+00 0.000000000000000000e+00 1.673045472939804768e-02
-1.855430427007989010e+03 5.986196904801740857e+02 -4.851472015005927574e+01 0.000000000000000000e+00 0.000000000000000000e+00 1.920780532035593069e-02
-2.248964740748013355e+03 5.987242136341742480e+02 -6.109248321432291107e+01 0.000000000000000000e+00 0.000000000000000000e+00 1.053816754954794987e-02
-2.502658416663402022e+03 9.476316688152804772e+02 -7.359328268838382314e+01 0.000000000000000000e+00 0.000000000000000000e+00 3.338885159247695356e-02
-2.847377736164590260e+03 9.452946905337332737e+02 -8.763402948374616130e+01 0.000000000000000000e+00 0.000000000000000000e+00 -1.774179461509106659e-02
-2.711493391301206429e+03 7.822858143262661770e+02 -8.023850306519906894e+01 0.000000000000000000e+00 0.000000000000000000e+00 -6.656354450606727369e-02
-2.512060287479833278e+03 5.884816578039856267e+02 -7.069655113128206381e+01 0.000000000000000000e+00 0.000000000000000000e+00 -2.651745207528222181e-02
-2.885765204287157758e+03 5.974292445335271395e+02 -8.619468938588403262e+01 0.000000000000000000e+00 0.000000000000000000e+00 1.559166418800828069e-03
-1.839383336523834714e+03 2.659608436538193246e+02 -4.631969418653515902e+01 0.000000000000000000e+00 0.000000000000000000e+00 3.087034312358127863e-02
-2.173845056504030708e+03 2.441022941113278648e+02 -5.675488414522209268e+01 0.000000000000000000e+00 0.000000000000000000e+00 5.209137971959876268e-03
-2.029469812545307605e+03 1.059033901293247482e+02 -5.174859623991649471e+01 0.000000000000000000e+00 0.000000000000000000e+00 5.045766141407170835e-04
-1.833267578337925670e+03 -1.412481560513161867e+02 -4.590809334223413885e+01 0.000000000000000000e+00 0.000000000000000000e+00 5.027987544165313238e-02
-2.193630434039944703e+03 -1.521574741888657059e+02 -5.731084001350065904e+01 0.000000000000000000e+00 0.000000000000000000e+00 5.372565658468886340e-03
-2.469165846375690762e+03 2.219255077361348754e+02 -6.734135575357457526e+01 0.000000000000000000e+00 0.000000000000000000e+00 -4.447988629448218489e-02
-2.847821302266999737e+03 2.280275034037790647e+02 -8.282989937309400830e+01 0.000000000000000000e+00 0.000000000000000000e+00 1.327109385371727512e-02
-2.693764181780223225e+03 8.961980968770475897e+01 -7.607297106854029778e+01 0.000000000000000000e+00 0.000000000000000000e+00 -2.226618284737469367e-02
-2.513140561049576718e+03 -1.544546094059460302e+02 -6.900524673965912825e+01 0.000000000000000000e+00 0.000000000000000000e+00 3.669287541843857525e-02
-2.865646051707917195e+03 -1.524947853028162967e+02 -8.358532050996197427e+01 0.000000000000000000e+00 0.000000000000000000e+00 2.887781287341795178e-03
-1.823729265632159013e+03 -4.778064840110707792e+02 -4.701687622090841501e+01 0.000000000000000000e+00 0.000000000000000000e+00 4.220989612328196472e-02
-2.186773153155176260e+03 -4.827957762510099542e+02 -5.848001965436401406e+01 0.000000000000000000e+00 0.000000000000000000e+00 5.957308512446246596e-02
-2.022866804810908889e+03 -6.446765519940973945e+02 -5.426225448602258439e+01 0.000000000000000000e+00 0.000000000000000000e+00 1.529515737630049443e-02
-1.839408573791969957e+03 -9.025364838700304517e+02 -5.126262678042330379e+01 0.000000000000000000e+00 0.000000000000000000e+00 3.119147478788164563e-02
-2.203459156625014202e+03 -9.037601493474757035e+02 -6.282151621901893890e+01 0.000000000000000000e+00 0.000000000000000000e+00 -2.528259276054001248e-02
-2.474944976358301574e+03 -5.375238194995811227e+02 -6.930040977425116466e+01 0.000000000000000000e+00 0.000000000000000000e+00 -2.508880912145627917e-03
-2.841468938253677607e+03 -5.081049647306894030e+02 -8.410798299254514632e+01 0.000000000000000000e+00 0.000000000000000000e+00 -4.550824810195308601e-03
-2.683123585262739653e+03 -6.586543067143061307e+02 -7.853054483340289949e+01 0.000000000000000000e+00 0.000000000000000000e+00 -2.007160070976965471e-02
-2.496154648724333128e+03 -9.051189469897227582e+02 -7.352653667387545511e+01 0.000000000000000000e+00 0.000000000000000000e+00 4.188688335005963381e-03
-2.871155391833203339e+03 -9.046915520300597109e+02 -8.898590866884308070e+01 0.000000000000000000e+00 0.000000000000000000e+00 -3.252492296145703676e-02
-1.832816440152906807e+03 -1.235772425949922081e+03 -5.564353598585541505e+01 0.000000000000000000e+00 0.000000000000000000e+00 -1.240516182610207352e-02
-2.230581191710754410e+03 -1.247151807042508608e+03 -6.847038589991834101e+01 0.000000000000000000e+00 0.000000000000000000e+00 4.320100880400445931e-02
-2.028132678009946630e+03 -1.409187452513154085e+03 -6.448270965907900631e+01 0.000000000000000000e+00 0.000000000000000000e+00 -7.745978241804607478e-02
-1.821258984429505972e+03 -1.647820113743445518e+03 -6.288876104060197747e+01 0.000000000000000000e+00 0.000000000000000000e+00 5.932128698511007769e-03
-2.210090573021861474e+03 -1.656712988055272490e+03 -7.528582396732994653e+01 0.000000000000000000e+00 0.000000000000000000e+00 2.315456551254158057e-02
-2.456649738223437453e+03 -1.228501069922624993e+03 -7.639363658698043480e+01 0.000000000000000000e+00 0.000000000000000000e+00 2.806238855842480007e-02
-2.860768559734826795e+03 -1.229009914653462374e+03 -9.287888744548639863e+01 0.000000000000000000e+00 0.000000000000000000e+00 1.820183940691322277e-02
-2.687272770562869482e+03 -1.406278588222365215e+03 -8.845619080099622522e+01 0.000000000000000000e+00 0.000000000000000000e+00 -1.124522484175543013e-01
-2.498331861814715012e+03 -1.655527146668983960e+03 -8.572163583449830071e+01 0.000000000000000000e+00 0.000000000000000000e+00 -1.287184593846859570e-01
-2.834065408009573730e+03 -1.657670483220443657e+03 -9.940468119396123825e+01 0.000000000000000000e+00 0.000000000000000000e+00 1.171833159447999151e-02
-1.820650173725529839e+03 -1.987383171947112260e+03 -7.068926661887536511e+01 0.000000000000000000e+00 0.000000000000000000e+00 -1.997081435851555398e-02
-2.191172333574229924e+03 -1.982407768681163134e+03 -8.207922933033061952e+01 0.000000000000000000e+00 0.000000000000000000e+00 4.327926313514751655e-02
-2.004593540467405091e+03 -2.158315359530471142e+03 -8.059678466870481373e+01 0.000000000000000000e+00 0.000000000000000000e+00 -5.328405754033838093e-02
-1.820620598392584725e+03 -2.400515651766511382e+03 -8.206426571979181972e+01 0.000000000000000000e+00 0.000000000000000000e+00 1.273447843067287977e-02
-2.198089783276680919e+03 -2.404100195308852108e+03 -9.379657574105655726e+01 0.000000000000000000e+00 0.000000000000000000e+00 -3.538254483355274260e-02
-2.462309608764564473e+03 -1.983030570401240311e+03 -9.176697940994685609e+01 0.000000000000000000e+00 0.000000000000000000e+00 -9.427750055252204220e-02
-2.859581680400280675e+03 -1.994762345912780347e+03 -1.080485628654003136e+02 0.000000000000000000e+00 0.000000000000000000e+00 -2.597109537208552865e-02
-2.668583891342666448e+03 -2.147854244581752482e+03 -1.039812405535111566e+02 0.000000000000000000e+00 0.000000000000000000e+00 -4.383889921263062206e-02
-2.483879861264281772e+03 -2.397467283713903271e+03 -1.037385999029158086e+02 0.000000000000000000e+00 0.000000000000000000e+00 -2.284564107819164747e-02
-2.848924100238631127e+03 -2.408562216070276918e+03 -1.186100271174642131e+02 0.000000000000000000e+00 0.000000000000000000e+00 6.276773220193376801e-03
-1.819938780385402197e+03 -2.738370728356634572e+03 -9.281194933874127173e+01 0.000000000000000000e+00 0.000000000000000000e+00 -4.241386449336914666e-03
-2.175030001191716110e+03 -2.732314470768872525e+03 -1.033649079316220423e+02 0.000000000000000000e+00 0.000000000000000000e+00 -2.008391531680331354e-02
-1.995308425289394563e+03 -2.896999431103636198e+03 -1.033596868796489048e+02 0.000000000000000000e+00 0.000000000000000000e+00 -2.143916749048457859e-03
-1.826304271971974686e+03 -3.155141345629408079e+03 -1.079791415512524679e+02 0.000000000000000000e+00 0.000000000000000000e+00 -1.006624595703442537e-03
-2.192308450901317428e+03 -3.142519425459208833e+03 -1.184538524053565709e+02 0.000000000000000000e+00 0.000000000000000000e+00 1.457271323048843215e-01
-1.185755966847563741e+03 2.529933450114839161e+03 -6.952059378776721132e+01 0.000000000000000000e+00 0.000000000000000000e+00 2.840280103264092304e-02
-1.518100945012104603e+03 2.503145754355332883e+03 -7.554590696743424871e+01 0.000000000000000000e+00 0.000000000000000000e+00 -1.082710032370926001e-02
-1.360553921786324963e+03 2.371404808430415414e+03 -6.823224336264686940e+01 0.000000000000000000e+00 0.000000000000000000e+00 4.791275237508330065e-03
-1.535853621483085590e+03 2.130304910066860430e+03 -6.556091077654181731e+01 0.000000000000000000e+00 0.000000000000000000e+00 1.956404335895456370e-02
-1.178276947006351293e+03 2.107414457703040171e+03 -5.752125876390550019e+01 0.000000000000000000e+00 0.000000000000000000e+00 -1.569460687898072138e-02
-1.203983605391339097e+03 1.816885219208112858e+03 -5.103219241563506614e+01 0.000000000000000000e+00 0.000000000000000000e+00 -1.884134274289550603e-02
-1.554286753175179683e+03 1.785896578541901590e+03 -5.781763029642593210e+01 0.000000000000000000e+00 0.000000000000000000e+00 -3.377734154523892585e-02
-1.371730608748066061e+03 1.621892781258918603e+03 -5.027220645640234409e+01 0.000000000000000000e+00 0.000000000000000000e+00 -5.749777619321605471e-03
-1.188630384745025367e+03 1.389319234113485209e+03 -4.231276501522206956e+01 0.000000000000000000e+00 0.000000000000000000e+00 -4.608267855097381016e-03
-1.569266770639492051e+03 1.376097145473782120e+03 -5.026630009309923253e+01 0.000000000000000000e+00 0.000000000000000000e+00 -3.845851679987077887e-02
-1.187447237821538465e+03 1.029334541940560030e+03 -3.689457565954103302e+01 0.000000000000000000e+00 0.000000000000000000e+00 -3.979362260206897872e-02
-1.556030466688253227e+03 1.014807112613193681e+03 -4.463819687342028431e+01 0.000000000000000000e+00 0.000000000000000000e+00 3.271431048430173405e-02
-1.370604422293194602e+03 8.493675903271283687e+02 -3.847888964221640151e+01 0.000000000000000000e+00 0.000000000000000000e+00 -1.120121503644355698e-02
-1.184054400965879495e+03 6.026144976571119969e+02 -3.249469162879870510e+01 0.000000000000000000e+00 0.000000000000000000e+00 -2.383176095993633226e-02
-1.556224949751569966e+03 6.079723647139178411e+02 -4.057770021071008415e+01 0.000000000000000000e+00 0.000000000000000000e+00 3.124208256212313017e-02
-1.184948310564196618e+03 2.896176311333652507e+02 -3.077415275647818049e+01 0.000000000000000000e+00 0.000000000000000000e+00 4.025058916651857999e-02
-1.532054346739889070e+03 2.813363421969804676e+02 -3.821138676229446673e+01 0.000000000000000000e+00 0.000000000000000000e+00 9.235766265092593130e-03
-1.364877471969613680e+03 1.131370703492194423e+02 -3.398214182037072817e+01 0.000000000000000000e+00 0.000000000000000000e+00 -4.634143583018612844e-03
-1.171579740146913082e+03 -1.335291456804018821e+02 -3.014325715555056462e+01 0.000000000000000000e+00 0.000000000000000000e+00 3.067284389277347145e-02
-1.549391799248578536e+03 -1.477740638495832854e+02 -3.833691742264865354e+01 0.000000000000000000e+00 0.000000000000000000e+00 -1.602934509628539672e-02
-1.157449776949128818e+03 -4.741358873734279200e+02 -3.123380298422391377e+01 0.000000000000000000e+00 0.000000000000000000e+00 -3.677743796095356288e-02
-1.534966329231963527e+03 -4.707685699775543071e+02 -3.930156101971493143e+01 0.000000000000000000e+00 0.000000000000000000e+00 3.548986457195724142e-02
-1.347070745825821177e+03 -6.413266597472915009e+02 -3.622905952754861403e+01 0.000000000000000000e+00 0.000000000000000000e+00 9.284570667503544428e-03
-1.520359942907558207e+03 -9.023743910396854062e+02 -4.278336932737352072e+01 0.000000000000000000e+00 0.000000000000000000e+00 4.105083156706967884e-02
-1.185734751174515850e+03 -8.893888803818472297e+02 -3.542655943134423069e+01 0.000000000000000000e+00 0.000000000000000000e+00 -5.524799097443633400e-03
-1.169567588614399028e+03 -1.218339420278385660e+03 -3.959609607628292594e+01 0.000000000000000000e+00 0.000000000000000000e+00 3.366629933006493047e-02
-1.516879582885354012e+03 -1.228323591107232005e+03 -4.716964419530728492e+01 0.000000000000000000e+00 0.000000000000000000e+00 -8.719791014947020358e-02
-1.360925958286934019e+03 -1.383645756778513942e+03 -4.621650253738587111e+01 0.000000000000000000e+00 0.000000000000000000e+00 -2.861336079757847983e-02
-1.168105540655505138e+03 -1.637647717910743040e+03 -4.727207697697673439e+01 0.000000000000000000e+00 0.000000000000000000e+00 2.419853468229860027e-02
-1.534555853092140069e+03 -1.638629679757924350e+03 -5.513255957653577610e+01 0.000000000000000000e+00 0.000000000000000000e+00 3.024606886842207132e-02
-1.146051336902479761e+03 -1.969574623533648264e+03 -5.453563641254831396e+01 0.000000000000000000e+00 0.000000000000000000e+00 -6.259020490985278684e-02
-1.522258648965487964e+03 -1.966885488790686850e+03 -6.237651652485293141e+01 0.000000000000000000e+00 0.000000000000000000e+00 -3.587740048449461483e-02
-1.345541931626971973e+03 -2.144821292768148396e+03 -6.304369157994376849e+01 0.000000000000000000e+00 0.000000000000000000e+00 2.266167916913985891e-02
-1.154480756257134317e+03 -2.388349399658789935e+03 -6.629466884986661057e+01 0.000000000000000000e+00 0.000000000000000000e+00 -6.703359514891360504e-02
-1.525805005144665756e+03 -2.395301136775130090e+03 -7.427022812306900335e+01 0.000000000000000000e+00 0.000000000000000000e+00 7.016004039122947233e-02
-1.523361860452247583e+03 -2.726003958308256188e+03 -8.479844201746124099e+01 0.000000000000000000e+00 0.000000000000000000e+00 5.201133945860192398e-03
-1.155123524400661836e+03 -2.721355358471394993e+03 -7.702105194123323884e+01 0.000000000000000000e+00 0.000000000000000000e+00 -5.679236478312077452e-02
-1.357352921996260193e+03 -2.907659459783250441e+03 -8.747409454593659461e+01 0.000000000000000000e+00 0.000000000000000000e+00 1.069868777169062923e-01
-1.525666700661676714e+03 -3.152694301109934258e+03 -1.002995257591353493e+02 0.000000000000000000e+00 0.000000000000000000e+00 6.985669722610055032e-04
-1.159976803043298560e+03 -3.141569534879327421e+03 -9.240958307276054029e+01 0.000000000000000000e+00 0.000000000000000000e+00 9.802804315214075359e-03
-4.961734515036431503e+02 -3.134269839348482947e+03 -8.369498839331211570e+01 0.000000000000000000e+00 0.000000000000000000e+00 2.425623804610665957e-02
-8.742503552295651161e+02 -3.136505787690119632e+03 -8.776599561263043370e+01 0.000000000000000000e+00 0.000000000000000000e+00 6.573746733238294837e-04
-6.625958339142599698e+02 -2.882326321457438553e+03 -7.572349930997850720e+01 0.000000000000000000e+00 0.000000000000000000e+00 3.797796472984771299e-02
-4.859969840225372195e+02 -2.719458453897591426e+03 -6.840001191672709524e+01 0.000000000000000000e+00 0.000000000000000000e+00 -3.039011740185060262e-02
-8.573649372104082431e+02 -2.727280584794753395e+03 -7.256468862733309777e+01 0.000000000000000000e+00 0.000000000000000000e+00 -5.138206811061252210e-02
-8.160021507121708737e+02 -2.413678447804458301e+03 -6.182937667408563698e+01 0.000000000000000000e+00 0.000000000000000000e+00 2.889356370134521512e-02
-5.277541385377828647e+02 -2.413295187054133294e+03 -5.876519265010684734e+01 0.000000000000000000e+00 0.000000000000000000e+00 4.039172562457338245e-02
-6.597898358958642575e+02 -2.199138727600002312e+03 -5.370175488031704703e+01 0.000000000000000000e+00 0.000000000000000000e+00 -2.188976137190223881e-02
-4.977498634540029911e+02 -2.014949354480727607e+03 -4.723860066728538953e+01 0.000000000000000000e+00 0.000000000000000000e+00 4.553864170988219939e-02
-8.073478916412869921e+02 -2.018199345088453811e+03 -5.053470409080924242e+01 0.000000000000000000e+00 0.000000000000000000e+00 -7.139222075562656755e-02
-4.792474355599696878e+02 -1.640879338644778272e+03 -3.829127165197056115e+01 0.000000000000000000e+00 0.000000000000000000e+00 -7.250352121052117127e-02
-8.264555127269786681e+02 -1.666571193179455349e+03 -4.246176728403980150e+01 0.000000000000000000e+00 0.000000000000000000e+00 6.111512837760812999e-02
-6.705801725627662790e+02 -1.450622030907588169e+03 -3.625718671754138711e+01 0.000000000000000000e+00 0.000000000000000000e+00 -6.740584961320905677e-03
-4.974615957634081838e+02 -1.224914011137051148e+03 -3.073397855919951027e+01 0.000000000000000000e+00 0.000000000000000000e+00 -3.017150479827179765e-02
-8.390112100270663404e+02 -1.226828115051450595e+03 -3.442485442056614175e+01 0.000000000000000000e+00 0.000000000000000000e+00 2.821954760203482238e-02
-5.078576993829915409e+02 -9.484132919024257262e+02 -2.693217706870125028e+01 0.000000000000000000e+00 0.000000000000000000e+00 1.838105608235451882e-02
-8.103514444196426894e+02 -9.382319520489661500e+02 -3.000917718051151439e+01 0.000000000000000000e+00 0.000000000000000000e+00 1.872398872732716768e-02
-6.969335421019251271e+02 -7.012198416398730387e+02 -2.612564256916743233e+01 0.000000000000000000e+00 0.000000000000000000e+00 -3.684419933840388239e-03
-5.016234085259142716e+02 -4.693662512608229918e+02 -2.249171600614511490e+01 0.000000000000000000e+00 0.000000000000000000e+00 -2.427152710027868920e-02
-8.402594911838302778e+02 -5.369018319761083831e+02 -2.657711682392742958e+01 0.000000000000000000e+00 0.000000000000000000e+00 4.105475079893849966e-02
-4.822113202806989420e+02 -2.153807231486576370e+02 -2.121517188938693010e+01 0.000000000000000000e+00 0.000000000000000000e+00 -7.278280189140673428e-03
-8.527302705927670559e+02 -2.087283312804532329e+02 -2.515983803267906893e+01 0.000000000000000000e+00 0.000000000000000000e+00 -1.853260936544032234e-02
-6.741624640164534412e+02 4.117890331794983894e+01 -2.270051027170359603e+01 0.000000000000000000e+00 0.000000000000000000e+00 3.110552685738454670e-02
-5.149895746838717514e+02 2.755738500136154130e+02 -2.165605239972939344e+01 0.000000000000000000e+00 0.000000000000000000e+00 -2.692030783413557060e-02
-8.247735530863337772e+02 2.324703742572856413e+02 -2.483006855532794788e+01 0.000000000000000000e+00 0.000000000000000000e+00 -2.265264605465233672e-02
-5.240449014841350390e+02 5.726743534839567928e+02 -2.332958537205202276e+01 0.000000000000000000e+00 0.000000000000000000e+00 1.222925951286057966e-02
-8.290425200265381136e+02 5.543737605875892314e+02 -2.648068458463012220e+01 0.000000000000000000e+00 0.000000000000000000e+00 9.220723192181168315e-02
-6.957335436532788435e+02 8.041814949680634754e+02 -2.700538015740941589e+01 0.000000000000000000e+00 0.000000000000000000e+00 3.014945451863582093e-02
-5.186912823813669320e+02 1.027007170732950499e+03 -2.787080753650706200e+01 0.000000000000000000e+00 0.000000000000000000e+00 5.275789307737710487e-02
-8.568458656181376227e+02 9.536636044946687889e+02 -3.063421766293190274e+01 0.000000000000000000e+00 0.000000000000000000e+00 3.354607967471778807e-02
-5.087116193970052223e+02 1.297753636644186372e+03 -3.173579011610423706e+01 0.000000000000000000e+00 0.000000000000000000e+00 3.954533011583549751e-03
-8.666420320374762696e+02 1.300177801040384566e+03 -3.564408824162809708e+01 0.000000000000000000e+00 0.000000000000000000e+00 3.966348543908537749e-02
-6.817277932591480294e+02 1.538605971513963368e+03 -3.760820043154943448e+01 0.000000000000000000e+00 0.000000000000000000e+00 4.802742239391477597e-04
-5.306457547099402063e+02 1.723839188579210258e+03 -3.992372473980054792e+01 0.000000000000000000e+00 0.000000000000000000e+00 -3.180560395458087442e-02
-8.701355820579992724e+02 1.715667252180815922e+03 -4.345698307322884801e+01 0.000000000000000000e+00 0.000000000000000000e+00 1.146882341946309225e-02
-5.087257764080916900e+02 2.038100446357080727e+03 -4.703842928753952890e+01 0.000000000000000000e+00 0.000000000000000000e+00 2.909981528247840288e-02
-8.760794646976785316e+02 2.033031543217063017e+03 -5.085069554603066422e+01 0.000000000000000000e+00 0.000000000000000000e+00 1.395611377787986385e-04
-7.065427812802653307e+02 2.294202508690667401e+03 -5.568540833711671212e+01 0.000000000000000000e+00 0.000000000000000000e+00 7.254871783138838737e-02
-5.408915881782689894e+02 2.496741353779605561e+03 -6.000055302916476307e+01 0.000000000000000000e+00 0.000000000000000000e+00 2.654868822784095528e-02
-8.735276972383484235e+02 2.462932418898552896e+03 -6.258845834591710400e+01 0.000000000000000000e+00 0.000000000000000000e+00 6.814472317510222865e-02
1.044092545188148904e+02 2.492312454595014060e+03 -5.770517565508707492e+01 0.000000000000000000e+00 0.000000000000000000e+00 1.040270436931933773e-02
-1.658091747575612089e+02 2.466991070652804410e+03 -5.706859466043580653e+01 0.000000000000000000e+00 0.000000000000000000e+00 2.353985828067806096e-02
-2.476822681072388832e+02 2.482630976028003715e+03 -5.779956291080156205e+01 0.000000000000000000e+00 0.000000000000000000e+00 3.679621441642666468e-02
-5.775629012491228309e+01 2.364165951284273433e+03 -5.385515565090809531e+01 0.000000000000000000e+00 0.000000000000000000e+00 1.641672308821995330e-02
1.312482954254614356e+02 2.106029674980405616e+03 -4.689598696208468454e+01 0.000000000000000000e+00 0.000000000000000000e+00 6.743844320006076032e-03
-1.934563522142918259e+02 2.046170639209721003e+03 -4.552428958904258138e+01 0.000000000000000000e+00 0.000000000000000000e+00 5.018558682989038289e-02
1.348043859988894440e+02 1.779012765491750315e+03 -3.906503404271465740e+01 0.000000000000000000e+00 0.000000000000000000e+00 -3.048693287922787931e-02
-1.995996834633110666e+02 1.709402188749026891e+03 -3.772864788399205338e+01 0.000000000000000000e+00 0.000000000000000000e+00 2.132285346007734006e-03
-4.682610394336003878e+01 1.608845501011371198e+03 -3.536089029375976622e+01 0.000000000000000000e+00 0.000000000000000000e+00 6.089747761464536779e-03
1.345113259387111952e+02 1.361588562512854196e+03 -3.090347378904029085e+01 0.000000000000000000e+00 0.000000000000000000e+00 4.675403877809003461e-02
-2.005593264003874481e+02 1.300192886365540289e+03 -3.005462598006478459e+01 0.000000000000000000e+00 0.000000000000000000e+00 4.109483524661783349e-02
1.447234993537373668e+02 1.031696596275802221e+03 -2.596903419238347510e+01 0.000000000000000000e+00 0.000000000000000000e+00 -1.635799110713520577e-02
-2.073367777485852059e+02 1.026669144298033189e+03 -2.607830292276427642e+01 0.000000000000000000e+00 0.000000000000000000e+00 -3.506424188411827458e-02
-3.753432357520206608e+01 8.498060354650574482e+02 -2.365353666515229847e+01 0.000000000000000000e+00 0.000000000000000000e+00 2.147344927699990080e-02
1.464891815606431180e+02 6.109997310665954728e+02 -2.160161633449438767e+01 0.000000000000000000e+00 0.000000000000000000e+00 1.807022641746058866e-02
-1.525853604945327220e+02 5.801419484255052339e+02 -2.138257149264899226e+01 0.000000000000000000e+00 0.000000000000000000e+00 1.869579250234210122e-02
1.435658380814099644e+02 2.859031060060530649e+02 -1.973793507905885747e+01 0.000000000000000000e+00 0.000000000000000000e+00 4.317945145084323144e-02
-1.500728410396046684e+02 2.376234635391794541e+02 -1.959173760417564480e+01 0.000000000000000000e+00 0.000000000000000000e+00 -3.153884549364960321e-02
1.423699074810051570e+02 -1.360725876749269219e+02 -1.933169925434943437e+01 0.000000000000000000e+00 0.000000000000000000e+00 4.092211088511277239e-02
-1.978926387452974893e+02 -1.454041522956199515e+02 -1.950028251527128020e+01 0.000000000000000000e+00 0.000000000000000000e+00 9.771288646103215569e-03
1.490064179623826703e+02 -4.794898531676931839e+02 -2.070938375476481497e+01 0.000000000000000000e+00 0.000000000000000000e+00 -3.946768065134520498e-02
-2.130380804768717837e+02 -4.858920248874124468e+02 -2.093574229613346915e+01 0.000000000000000000e+00 0.000000000000000000e+00 -4.760611517150437066e-02
-5.814220893506615084e+01 -6.591480280628520632e+02 -2.187852671202169219e+01 0.000000000000000000e+00 0.000000000000000000e+00 -8.200984025046409442e-02
1.696730726189133520e+02 -8.926940510759532117e+02 -2.442567500629488109e+01 0.000000000000000000e+00 0.000000000000000000e+00 -2.321520189018144720e-02
-2.222485457737251409e+02 -9.379587421878570694e+02 -2.512742639160529023e+01 0.000000000000000000e+00 0.000000000000000000e+00 -1.688436659276959517e-02
1.639501140246870250e+02 -1.232570634348499425e+03 -2.908287355555652809e+01 0.000000000000000000e+00 0.000000000000000000e+00 -1.072043694199109609e-02
-2.159457598086355006e+02 -1.235031027824681587e+03 -2.928099299497817753e+01 0.000000000000000000e+00 0.000000000000000000e+00 -9.081381328719828616e-03
-3.771165068765384376e+01 -1.400063857189852797e+03 -3.173024584257569103e+01 0.000000000000000000e+00 0.000000000000000000e+00 -4.023435404541331195e-02
1.647691022085887482e+02 -1.644835948830532288e+03 -3.675284678305300190e+01 0.000000000000000000e+00 0.000000000000000000e+00 -2.149768205931934517e-03
-2.088764286207119767e+02 -1.655288728475562721e+03 -3.710763498553156126e+01 0.000000000000000000e+00 0.000000000000000000e+00 -1.017259064681752534e-04
1.540124680775296326e+02 -1.969365380791121197e+03 -4.428553106396141459e+01 0.000000000000000000e+00 0.000000000000000000e+00 -3.981059585580482008e-02
-1.579169508249780449e+02 -2.033894089312568440e+03 -4.595632883958954551e+01 0.000000000000000000e+00 0.000000000000000000e+00 -5.031810907119904641e-02
-1.701709231057791882e+01 -2.148400985758343268e+03 -4.883527547065729379e+01 0.000000000000000000e+00 0.000000000000000000e+00 -7.012143911649815209e-02
1.546836880542303732e+02 -2.434394355296189133e+03 -5.740621286880050889e+01 0.000000000000000000e+00 0.000000000000000000e+00 4.048127484565355871e-02
-1.739218230962447933e+02 -2.449223419668946008e+03 -5.791782252479711701e+01 0.000000000000000000e+00 0.000000000000000000e+00 -6.914834370473954550e-02
1.720620453034052559e+02 -2.724851082834868521e+03 -6.696752433528325810e+01 0.000000000000000000e+00 0.000000000000000000e+00 -8.939427244939679440e-03
-1.908402355806097148e+02 -2.736617788628257586e+03 -6.742723542258949010e+01 0.000000000000000000e+00 0.000000000000000000e+00 5.093835898580323374e-02
-3.278215231193497115e+00 -2.910144535204666681e+03 -7.331918776370298474e+01 0.000000000000000000e+00 0.000000000000000000e+00 -1.602158928092478618e-02
-2.016573374100977389e+02 -3.152228837932068927e+03 -8.281231296128038366e+01 0.000000000000000000e+00 0.000000000000000000e+00 -2.535815039317412811e-02
1.199843593134500225e+03 2.503355667310882382e+03 -6.897078812710543616e+01 0.000000000000000000e+00 0.000000000000000000e+00 -1.620325239457542921e-04
1.527817316452530804e+03 2.462650530170731599e+03 -7.456486942228251280e+01 0.000000000000000000e+00 0.000000000000000000e+00 -5.901140897618972758e-02
1.336876279840511188e+03 2.303206781745128410e+03 -6.581965370916340419e+01 0.000000000000000000e+00 0.000000000000000000e+00 -7.980771591033430923e-02
1.503943261837362797e+03 2.039747186670186466e+03 -6.253144692473928501e+01 0.000000000000000000e+00 0.000000000000000000e+00 -5.452606920922420386e-02
1.150603774987936958e+03 2.043583718549151399e+03 -5.541018748305531716e+01 0.000000000000000000e+00 0.000000000000000000e+00 4.708801274463780828e-02
1.136757463360725069e+03 1.705879880103678715e+03 -4.741222143103888698e+01 0.000000000000000000e+00 0.000000000000000000e+00 2.068668483645552669e-02
1.532554028841032050e+03 1.713468443962448646e+03 -5.575571748678261486e+01 0.000000000000000000e+00 0.000000000000000000e+00 -6.821572007299891993e-02
1.328624528533482589e+03 1.559419601720482660e+03 -4.814872970089001569e+01 0.000000000000000000e+00 0.000000000000000000e+00 1.683966091818689392e-02
1.138589632948609506e+03 1.301078530088751904e+03 -3.993318443665891948e+01 0.000000000000000000e+00 0.000000000000000000e+00 2.475974834824512527e-02
1.525380374751023055e+03 1.297357567916885728e+03 -4.791842132712307034e+01 0.000000000000000000e+00 0.000000000000000000e+00 -6.488413535814174793e-02
1.147286255716294590e+03 9.746419329815781794e+02 -3.547538769279956483e+01 0.000000000000000000e+00 0.000000000000000000e+00 4.026155739995829208e-02
1.537789931053179998e+03 9.818385806794633481e+02 -4.379139352645501049e+01 0.000000000000000000e+00 0.000000000000000000e+00 4.910359431463007240e-03
1.339716705866583425e+03 8.028714797316215481e+02 -3.734413866294023165e+01 0.000000000000000000e+00 0.000000000000000000e+00 4.717095728673825761e-02
1.151816581190243369e+03 5.570169088741172345e+02 -3.156912429974126866e+01 0.000000000000000000e+00 0.000000000000000000e+00 3.052539466435888471e-02
1.515947317871708719e+03 5.613549255824738111e+02 -3.926859819775842197e+01 0.000000000000000000e+00 0.000000000000000000e+00 -5.622671163979475750e-02
1.162552104491451928e+03 2.195667171752672857e+02 -3.013667179141852870e+01 0.000000000000000000e+00 0.000000000000000000e+00 9.653658845927282073e-04
1.519977824326067093e+03 2.310708273427702011e+02 -3.776510322332623559e+01 0.000000000000000000e+00 0.000000000000000000e+00 -3.160949583232053328e-02
1.338650372168076956e+03 5.566423828051561884e+01 -3.336486236591402843e+01 0.000000000000000000e+00 0.000000000000000000e+00 -9.478724091771084659e-03
1.198202243378184221e+03 -1.801569713994700237e+02 -3.074347085582460792e+01 0.000000000000000000e+00 0.000000000000000000e+00 3.820251774813243628e-02
1.569593894242540728e+03 -1.797836283687812511e+02 -3.890733156767035439e+01 0.000000000000000000e+00 0.000000000000000000e+00 -5.390664800676603363e-02
1.179963907810137471e+03 -5.273666659938554631e+02 -3.199968995517260950e+01 0.000000000000000000e+00 0.000000000000000000e+00 2.915550150059331713e-02
1.539347473913599288e+03 -5.317632382449997976e+02 -3.980634087541712063e+01 0.000000000000000000e+00 0.000000000000000000e+00 5.015162561206665259e-02
1.348464586980738886e+03 -7.004893401411675313e+02 -3.677286726597057509e+01 0.000000000000000000e+00 0.000000000000000000e+00 7.757280905167363017e-03
1.184658297327926221e+03 -9.503935668488376223e+02 -3.613100170915662801e+01 0.000000000000000000e+00 0.000000000000000000e+00 4.005096008641118033e-02
1.532742435342698172e+03 -9.448009258659234320e+02 -4.358862878564785603e+01 0.000000000000000000e+00 0.000000000000000000e+00 -2.195245837518911003e-02
1.171069910044569724e+03 -1.282369475557939950e+03 -4.065585914575248694e+01 0.000000000000000000e+00 0.000000000000000000e+00 1.019502926370847717e-01
1.547352577228173004e+03 -1.269491080376575383e+03 -4.856960824120139364e+01 0.000000000000000000e+00 0.000000000000000000e+00 -9.052137795393377928e-04
1.358777937857722691e+03 -1.442893413793678747e+03 -4.724566334900922016e+01 0.000000000000000000e+00 0.000000000000000000e+00 -3.846376876553136981e-02
1.193407655541069062e+03 -1.692705694813301079e+03 -4.892285330851940728e+01 0.000000000000000000e+00 0.000000000000000000e+00 8.870155912018873323e-02
1.571600807794864295e+03 -1.687242541074113205e+03 -5.707179948860876095e+01 0.000000000000000000e+00 0.000000000000000000e+00 -2.992847486366656540e-02
1.160492751417838008e+03 -2.027243337060566091e+03 -5.627044646933669014e+01 0.000000000000000000e+00 0.000000000000000000e+00 -7.022439019863213616e-02
1.546534181671666829e+03 -2.014288983166467915e+03 -6.415877099290270280e+01 0.000000000000000000e+00 0.000000000000000000e+00 -7.049449007850228099e-02
1.364745986374567110e+03 -2.188306613039583226e+03 -6.464723371667182050e+01 0.000000000000000000e+00 0.000000000000000000e+00 -3.220912195831715508e-02
1.174264822704411927e+03 -2.439804324030896169e+03 -6.822619240994102086e+01 0.000000000000000000e+00 0.000000000000000000e+00 1.256405318464715037e-02
1.562853896776342026e+03 -2.434871999941088689e+03 -7.635863959494575681e+01 0.000000000000000000e+00 0.000000000000000000e+00 -4.370664838607751790e-02
1.171154343298120466e+03 -2.776763335661391466e+03 -7.921607235649980794e+01 0.000000000000000000e+00 0.000000000000000000e+00 5.107922770595507700e-02
1.564086418529901948e+03 -2.762026462651137990e+03 -8.699187346009361477e+01 0.000000000000000000e+00 0.000000000000000000e+00 6.225306155516818762e-02
1.364168770120428235e+03 -2.940413160630573657e+03 -8.880189258264751118e+01 0.000000000000000000e+00 0.000000000000000000e+00 2.381671754054082157e-02
1.167855221676150904e+03 -3.187317859350948765e+03 -9.432955050246465589e+01 0.000000000000000000e+00 0.000000000000000000e+00 5.407290791112018269e-03
1.539116735733610767e+03 -3.187391075698133591e+03 -1.019511504549646048e+02 0.000000000000000000e+00 0.000000000000000000e+00 2.623630944856358838e-02
5.192651591773058044e+02 -3.138209867070322616e+03 -8.402925084028717606e+01 0.000000000000000000e+00 0.000000000000000000e+00 8.465735546002406409e-02
8.955215335156757419e+02 -3.130836889859444000e+03 -8.783494565237282359e+01 0.000000000000000000e+00 0.000000000000000000e+00 9.449480155373635171e-02
7.060331604193956991e+02 -2.881549028688516501e+03 -7.615725613431781937e+01 0.000000000000000000e+00 0.000000000000000000e+00 8.715739053181437157e-02
5.556920338192088593e+02 -2.744430361653572618e+03 -6.982895603913627269e+01 0.000000000000000000e+00 0.000000000000000000e+00 8.210474368375741960e-02
8.636194736905641776e+02 -2.757983248504953735e+03 -7.370738392718224929e+01 0.000000000000000000e+00 0.000000000000000000e+00 2.504517261644423343e-02
5.277169497242350644e+02 -2.443672179244343624e+03 -5.970419076936442337e+01 0.000000000000000000e+00 0.000000000000000000e+00 1.210634940669095272e-01
8.969134070050017726e+02 -2.446667621618028988e+03 -6.393658211110076195e+01 0.000000000000000000e+00 0.000000000000000000e+00 1.146613830659575228e-01
6.981695637743071075e+02 -2.206980782063119477e+03 -5.433538276670170575e+01 0.000000000000000000e+00 0.000000000000000000e+00 1.428276789410887204e-02
5.151611435217207600e+02 -2.025481319005598380e+03 -4.765219703307492694e+01 0.000000000000000000e+00 0.000000000000000000e+00 2.828581220381209960e-02
8.657388306350313769e+02 -2.032298743142784360e+03 -5.167553118960868375e+01 0.000000000000000000e+00 0.000000000000000000e+00 -1.252813921826856358e-02
5.042515967212229953e+02 -1.702740595164207889e+03 -3.982195003380361698e+01 0.000000000000000000e+00 0.000000000000000000e+00 5.087418479744343358e-02
8.496864495872225689e+02 -1.693040234394588879e+03 -4.334458190257242904e+01 0.000000000000000000e+00 0.000000000000000000e+00 -1.967734921122143987e-02
6.878362440414288130e+02 -1.444709406484267447e+03 -3.633439768243580659e+01 0.000000000000000000e+00 0.000000000000000000e+00 1.943129884763550308e-02
4.983377722414497839e+02 -1.287502087930025255e+03 -3.175755565830733929e+01 0.000000000000000000e+00 0.000000000000000000e+00 -8.072353193224302004e-03
8.499905783881398520e+02 -1.263626676565007074e+03 -3.516503351247937559e+01 0.000000000000000000e+00 0.000000000000000000e+00 -2.957559843855506188e-02
4.996136595083611383e+02 -9.499944548675958913e+02 -2.688482522970031141e+01 0.000000000000000000e+00 0.000000000000000000e+00 1.212419429189282027e-02
8.728778028561620204e+02 -9.553912647799429578e+02 -3.106277003887431931e+01 0.000000000000000000e+00 0.000000000000000000e+00 -4.424863222190822398e-02
6.766366194806705607e+02 -7.051490570553531825e+02 -2.593755916528288452e+01 0.000000000000000000e+00 0.000000000000000000e+00 7.860199731153016955e-02
4.968022593856812250e+02 -5.324367291195887901e+02 -2.286115901538459028e+01 0.000000000000000000e+00 0.000000000000000000e+00 3.321263193225121313e-03
8.644966285239190711e+02 -5.310920649809451106e+02 -2.686803726185277341e+01 0.000000000000000000e+00 0.000000000000000000e+00 1.755889337060168032e-02
4.974943218355821841e+02 -2.051321969199929640e+02 -2.130744378918306126e+01 0.000000000000000000e+00 0.000000000000000000e+00 -1.293697135244542551e-02
8.549039184948718457e+02 -2.059871550710540760e+02 -2.518211686504422886e+01 0.000000000000000000e+00 0.000000000000000000e+00 1.026739656754536156e-01
6.783884702860027573e+02 1.024819514187188361e+02 -2.280061212391391123e+01 0.000000000000000000e+00 0.000000000000000000e+00 2.191552901618010196e-02
4.806299742357663263e+02 2.155110332727591071e+02 -2.119535802207778019e+01 0.000000000000000000e+00 0.000000000000000000e+00 2.494054814405899378e-04
8.616262264979028487e+02 2.302002361704691680e+02 -2.531894228681263215e+01 0.000000000000000000e+00 0.000000000000000000e+00 -4.991245075012429311e-02
4.876371802296510509e+02 5.472995587960126613e+02 -2.285627230046525327e+01 0.000000000000000000e+00 0.000000000000000000e+00 2.113557677706268123e-03
8.615701405306007246e+02 5.495795908944985513e+02 -2.688414052099205520e+01 0.000000000000000000e+00 0.000000000000000000e+00 -1.362506112532813063e-02
6.650238930961658070e+02 7.972826394231559561e+02 -2.660459348254887502e+01 0.000000000000000000e+00 0.000000000000000000e+00 -7.220510603676189021e-02
4.810401123832442636e+02 9.619882331513003919e+02 -2.675941796664074346e+01 0.000000000000000000e+00 0.000000000000000000e+00 -1.209185709549771559e-01
8.585142214804191099e+02 9.719954368890602154e+02 -3.087792299780455352e+01 0.000000000000000000e+00 0.000000000000000000e+00 -5.006423755884981119e-02
4.744663980378869610e+02 1.300380089593317734e+03 -3.151349541271368793e+01 0.000000000000000000e+00 0.000000000000000000e+00 -3.387722740232490537e-02
8.424161005534949709e+02 1.307536896802230785e+03 -3.543855799915469618e+01 0.000000000000000000e+00 0.000000000000000000e+00 -6.599840506613929847e-02
6.590944954006275793e+02 1.537143766210921740e+03 -3.734276577192949276e+01 0.000000000000000000e+00 0.000000000000000000e+00 -5.438003986542128132e-02
4.757883039440916946e+02 1.719675970375709994e+03 -3.940402653206590600e+01 0.000000000000000000e+00 0.000000000000000000e+00 -5.450378133859601348e-02
8.532130116363259731e+02 1.713197507809477202e+03 -4.317761062205990186e+01 0.000000000000000000e+00 0.000000000000000000e+00 -5.656746434019055414e-02
4.820727177185295886e+02 2.046338340431257166e+03 -4.704049169566220456e+01 0.000000000000000000e+00 0.000000000000000000e+00 -4.596768154155483899e-02
8.527065253479023568e+02 2.049758138414802488e+03 -5.095643954474696358e+01 0.000000000000000000e+00 0.000000000000000000e+00 -2.824361102866390638e-02
6.466950894062952102e+02 2.295850329153108305e+03 -5.510801580653662768e+01 0.000000000000000000e+00 0.000000000000000000e+00 -2.794313597327402476e-02
4.765253437643958137e+02 2.465319459082294088e+03 -5.855104473111380514e+01 0.000000000000000000e+00 0.000000000000000000e+00 -5.689625534488840231e-02
8.608334521944576636e+02 2.469921510777547610e+03 -6.262875643851916152e+01 0.000000000000000000e+00 0.000000000000000000e+00 -1.214479777881649625e-02
