# x y z x_res y_res z_res
-1.875200030921930193e+03 3.242545668207032122e+03 -1.097521707448665467e+02 0.000000000000000000e+00 0.000000000000000000e+00 -1.503708562651695502e-03
-1.888647887079710017e+03 2.807422121356615207e+03 -9.467584255623989975e+01 0.000000000000000000e+00 0.000000000000000000e+00 1.798532180998790864e-03
-1.852721331407649359e+03 3.189989501901598032e+03 -1.071559592474668392e+02 0.000000000000000000e+00 0.000000000000000000e+00 3.514378875520662859e-02
-2.263522073964698848e+03 3.223447932158365347e+03 -1.208862853525580618e+02 0.000000000000000000e+00 0.000000000000000000e+00 4.479816321476448593e-02
-2.240220903222833385e+03 2.859033034804607269e+03 -1.072179477535667473e+02 0.000000000000000000e+00 0.000000000000000000e+00 5.178495778676506234e-02
-2.068917400303476825e+03 3.066597780014093132e+03 -1.089291171445259891e+02 0.000000000000000000e+00 0.000000000000000000e+00 6.244493393310790452e-02
-1.588243425361935124e+03 3.226270582910562098e+03 -1.017602357388393273e+02 0.000000000000000000e+00 0.000000000000000000e+00 3.942559720059080064e-03
-1.588573862754402626e+03 2.828550473529581723e+03 -8.754956279672560981e+01 0.000000000000000000e+00 0.000000000000000000e+00 5.152567743722613613e-02
-1.408056764000391695e+03 3.092012089361948256e+03 -9.273153231890526627e+01 0.000000000000000000e+00 0.000000000000000000e+00 -1.455707804798578309e-02
-1.204122742555716968e+03 3.227020727638524932e+03 -9.378753922919679553e+01 0.000000000000000000e+00 0.000000000000000000e+00 1.189158116656585662e-02
-1.210083528676438391e+03 2.842813927652863185e+03 -8.004443905860452446e+01 0.000000000000000000e+00 0.000000000000000000e+00 2.210399164906107217e-02
-9.112141889987838113e+02 2.809967211468280766e+03 -7.413237608967418169e+01 0.000000000000000000e+00 0.000000000000000000e+00 -4.429548559713225586e-02
-9.190123025163047714e+02 3.249091437311487880e+03 -9.010116857891418363e+01 0.000000000000000000e+00 0.000000000000000000e+00 -4.948898494136244608e-02
-7.323515446747060196e+02 3.077682698841851106e+03 -8.133721561338604999e+01 0.000000000000000000e+00 0.000000000000000000e+00 -1.916256847584918432e-02
-5.482093945917185920e+02 2.843434751173639597e+03 -7.124620890898685843e+01 0.000000000000000000e+00 0.000000000000000000e+00 -5.827676498168443686e-02
-5.440636304633243299e+02 3.235078099172372276e+03 -8.544413758081441301e+01 0.000000000000000000e+00 0.000000000000000000e+00 6.937227851295801884e-04
-2.507611664504824773e+02 3.251382912612999007e+03 -8.432013036760054092e+01 0.000000000000000000e+00 0.000000000000000000e+00 1.856429445112439680e-02
-2.579885624213000028e+02 2.846301754386326593e+03 -6.956548253712000474e+01 0.000000000000000000e+00 0.000000000000000000e+00 -1.763169639818329415e-02
-4.181965954476030589e+01 3.121335508899971046e+03 -7.891799623255124629e+01 0.000000000000000000e+00 0.000000000000000000e+00 -8.101537214614040749e-03
1.696882365718229551e+02 3.284930401942621302e+03 -8.536798761213124465e+01 0.000000000000000000e+00 0.000000000000000000e+00 -1.199670058842627896e-02
1.370960520805621172e+02 2.879817751181854419e+03 -7.035733352494600013e+01 0.000000000000000000e+00 0.000000000000000000e+00 -3.198651157468646034e-02
5.038136338696657504e+02 3.241064953161878293e+03 -8.535758074290006903e+01 0.000000000000000000e+00 0.000000000000000000e+00 -7.950895737906193972e-03
5.018681125278483250e+02 2.844163392375701733e+03 -7.090131171210663297e+01 0.000000000000000000e+00 0.000000000000000000e+00 -1.359964474051054140e-01
6.315809293138996736e+02 3.054004995055123345e+03 -7.943330507398697193e+01 0.000000000000000000e+00 0.000000000000000000e+00 -4.249891936571259521e-02
8.349856393415963112e+02 3.229352230683736252e+03 -8.823768123880444136e+01 0.000000000000000000e+00 0.000000000000000000e+00 -5.763888770506753190e-02
8.431121835621981973e+02 2.870293862978977359e+03 -7.528126601146743724e+01 0.000000000000000000e+00 0.000000000000000000e+00 -3.053570758960688636e-02
8.557269317460647926e+02 2.796306556524791631e+03 -7.292854725602644805e+01 0.000000000000000000e+00 0.000000000000000000e+00 2.646536872664739803e-02
6.272220257144011839e+02 3.043560421407448757e+03 -7.901138410437803827e+01 0.000000000000000000e+00 0.000000000000000000e+00 -1.616617186880375812e-02
4.633001231320390048e+02 3.205447285193807147e+03 -8.369685856459561535e+01 0.000000000000000000e+00 0.000000000000000000e+00 -7.151492455832908490e-03
1.118010214551179388e+03 2.873658069683095164e+03 -7.947741246236083157e+01 0.000000000000000000e+00 0.000000000000000000e+00 -4.559363495837942537e-02
1.109551399730324420e+03 3.240203853214792161e+03 -9.265457463421851969e+01 0.000000000000000000e+00 0.000000000000000000e+00 -3.128197906208640688e-02
1.300319723037453741e+03 3.108117330426048284e+03 -9.113632382792062003e+01 0.000000000000000000e+00 0.000000000000000000e+00 -4.172099480305746511e-02
1.498462478780048741e+03 2.874050502766717727e+03 -8.699764009351021343e+01 0.000000000000000000e+00 0.000000000000000000e+00 -4.537737404598374269e-02
1.493132279063433998e+03 3.231429748679723616e+03 -9.977403206082004772e+01 0.000000000000000000e+00 0.000000000000000000e+00 -5.175890695629448146e-02
1.779371213747731872e+03 3.255244841254706898e+03 -1.076404091162012264e+02 0.000000000000000000e+00 0.000000000000000000e+00 -1.540560355442721630e-02
1.777241553286214412e+03 2.881012057122186889e+03 -9.408940643184310204e+01 0.000000000000000000e+00 0.000000000000000000e+00 -1.265527430395252395e-02
1.959729882573774603e+03 3.082319250856426152e+03 -1.062317372882973245e+02 0.000000000000000000e+00 0.000000000000000000e+00 2.001704550352201295e-02
2.158446493389014904e+03 3.245514158951852551e+03 -1.182966529613332369e+02 0.000000000000000000e+00 0.000000000000000000e+00 2.360639478195025731e-02
2.160847388463177140e+03 2.873454295901437490e+03 -1.051061574520118427e+02 0.000000000000000000e+00 0.000000000000000000e+00 -3.703120637372592228e-02
2.880551380581677222e+03 2.538640092997780357e+03 -1.214108747715365126e+02 0.000000000000000000e+00 0.000000000000000000e+00 -3.450055171902022266e-02
2.509316574038758063e+03 2.507707138196107735e+03 -1.056937894044823878e+02 0.000000000000000000e+00 0.000000000000000000e+00 1.124385301508397106e-01
2.471581980369465782e+03 2.143945955462478196e+03 -9.435219457843412272e+01 0.000000000000000000e+00 0.000000000000000000e+00 5.095503119231636902e-02
2.842959349954944173e+03 2.137277069982114426e+03 -1.089365650394414473e+02 0.000000000000000000e+00 0.000000000000000000e+00 8.916804003879974516e-02
2.203230449350061463e+03 2.082086016902189840e+03 -8.334305900297871972e+01 0.000000000000000000e+00 0.000000000000000000e+00 2.638977948568310694e-02
2.003682824807123097e+03 2.323295942729392209e+03 -8.331767634023094615e+01 0.000000000000000000e+00 0.000000000000000000e+00 -2.574257775539479098e-02
2.011484233554771208e+03 2.323587253132177466e+03 -8.356257811246717893e+01 0.000000000000000000e+00 0.000000000000000000e+00 -3.261140201945522676e-02
1.842035987232438629e+03 2.509729242926491679e+03 -8.398495774938339764e+01 0.000000000000000000e+00 0.000000000000000000e+00 -4.262107895900157928e-02
2.163935481142387289e+03 2.546681410237262298e+03 -9.479460856595483165e+01 0.000000000000000000e+00 0.000000000000000000e+00 -3.643195195066084580e-02
1.842229277810717576e+03 2.100734526728890160e+03 -7.271457056122588369e+01 0.000000000000000000e+00 0.000000000000000000e+00 1.701508413431440658e-02
1.824798472102285814e+03 1.800172119517970486e+03 -6.516043703715330082e+01 0.000000000000000000e+00 0.000000000000000000e+00 -4.072412208722653304e-02
2.188465147630511183e+03 1.800596624407229228e+03 -7.632897750020640615e+01 0.000000000000000000e+00 0.000000000000000000e+00 1.821090703015215695e-02
2.033709653395578925e+03 1.602417804567296798e+03 -6.728370656004210559e+01 0.000000000000000000e+00 0.000000000000000000e+00 6.432079126643941436e-02
1.843857296934564147e+03 1.371957139920122927e+03 -5.746268752982758343e+01 0.000000000000000000e+00 0.000000000000000000e+00 -2.384603945329644148e-02
2.199447335842117809e+03 1.385180004771023732e+03 -6.876007882704966789e+01 0.000000000000000000e+00 0.000000000000000000e+00 7.706484249396794439e-03
2.498898892311712643e+03 1.797162431386922663e+03 -8.729846622090106223e+01 0.000000000000000000e+00 0.000000000000000000e+00 -3.348329274857064775e-03
2.835306514303966651e+03 1.803437359781362829e+03 -1.009336136911566939e+02 0.000000000000000000e+00 0.000000000000000000e+00 2.124997106960790916e-03
2.657726103134188634e+03 1.640824930121145826e+03 -9.030925243027091653e+01 0.000000000000000000e+00 0.000000000000000000e+00 3.057508853832757723e-02
2.478691730791927057e+03 1.383837801728544264e+03 -7.872872107598274738e+01 0.000000000000000000e+00 0.000000000000000000e+00 2.092004861897578394e-02
2.817942064247401504e+03 1.366876219781484224e+03 -9.208322420961192734e+01 0.000000000000000000e+00 0.000000000000000000e+00 3.072687781607896795e-02
2.852140307634853343e+03 1.055874904271532841e+03 -8.913303516130446269e+01 0.000000000000000000e+00 0.000000000000000000e+00 1.200399755081491548e-01
2.518686971766876468e+03 1.038123025705255031e+03 -7.527650911124895572e+01 0.000000000000000000e+00 0.000000000000000000e+00 -2.778811687164761679e-02
2.655751240097225491e+03 8.795410793482733425e+02 -7.890183255172017596e+01 0.000000000000000000e+00 0.000000000000000000e+00 -3.299040293072152963e-03
2.519275024363218563e+03 6.250643968649061435e+02 -7.123608988796932806e+01 0.000000000000000000e+00 0.000000000000000000e+00 -5.007336266139361669e-02
2.852507173997153131e+03 6.436118622456318690e+02 -8.507172164145616478e+01 0.000000000000000000e+00 0.000000000000000000e+00 6.739996238644607729e-02
2.217994254716255455e+03 1.024638242502265939e+03 -6.416551889923252361e+01 0.000000000000000000e+00 0.000000000000000000e+00 3.419381789775854941e-02
1.849102497524939736e+03 1.016157490172042344e+03 -5.243809043440174378e+01 0.000000000000000000e+00 0.000000000000000000e+00 -1.099301241858796629e-02
2.010658804039369443e+03 8.839012369598831356e+02 -5.575759271924626148e+01 0.000000000000000000e+00 0.000000000000000000e+00 -1.560655117565090677e-03
1.847521701155906612e+03 6.230511264629477637e+02 -4.846688143151078521e+01 0.000000000000000000e+00 0.000000000000000000e+00 3.332006793154818070e-02
2.230080804169463136e+03 6.312659228352663376e+02 -6.067514708623750153e+01 0.000000000000000000e+00 0.000000000000000000e+00 4.886279130883508515e-02
2.221015629169411568e+03 2.926294587670477085e+02 -5.851772171657455601e+01 0.000000000000000000e+00 0.000000000000000000e+00 1.470556334088470862e-01
1.862335519871080805e+03 2.692802384392815611e+02 -4.699706119294691575e+01 0.000000000000000000e+00 0.000000000000000000e+00 7.758722269888806977e-02
2.040183760768006550e+03 1.231830998575560159e+02 -5.211042690242643971e+01 0.000000000000000000e+00 0.000000000000000000e+00 5.878090043088946004e-02
2.043547968917624303e+03 1.197548644177649209e+02 -5.221357057336575735e+01 0.000000000000000000e+00 0.000000000000000000e+00 1.063352720765209369e-01
2.204097518485015826e+03 -1.278457150165352942e+02 -5.762095972711247782e+01 0.000000000000000000e+00 0.000000000000000000e+00 1.515705282252568509e-01
1.850912721977819729e+03 -1.421875034513434173e+02 -4.642185428707195172e+01 0.000000000000000000e+00 0.000000000000000000e+00 8.873702918752002233e-02
2.487592164148667962e+03 2.855910013459036918e+02 -6.822552581925121729e+01 0.000000000000000000e+00 0.000000000000000000e+00 5.559101520917408834e-02
2.857003780365698276e+03 3.015244728664479226e+02 -8.343782512008964147e+01 0.000000000000000000e+00 0.000000000000000000e+00 8.595403495172604380e-02
2.677542118223679608e+03 1.378029222550171653e+02 -7.545268337988001406e+01 0.000000000000000000e+00 0.000000000000000000e+00 1.238494201718509657e-01
2.859770803703526781e+03 -1.195169181563223475e+02 -8.326007160522688366e+01 0.000000000000000000e+00 0.000000000000000000e+00 1.277508860961660275e-01
2.501317101072079822e+03 -1.159407011107268630e+02 -6.846904804669728151e+01 0.000000000000000000e+00 0.000000000000000000e+00 9.799310465949417903e-02
2.870350829408683694e+03 -4.381024462840754268e+02 -8.493702275067394680e+01 0.000000000000000000e+00 0.000000000000000000e+00 9.565951026620211906e-02
2.894038790521512965e+03 -5.237802739239249377e+02 -8.651845273546474857e+01 0.000000000000000000e+00 0.000000000000000000e+00 -5.810133338297873706e-02
2.490923522094358304e+03 -5.347347402580720654e+02 -6.989573680976141645e+01 0.000000000000000000e+00 0.000000000000000000e+00 -1.299014013555677138e-02
2.665979509670041807e+03 -6.631811666517432968e+02 -7.786322345796887134e+01 0.000000000000000000e+00 0.000000000000000000e+00 -5.626287081422276515e-02
2.540769394174183617e+03 -9.061380589445791429e+02 -7.527530619031139736e+01 0.000000000000000000e+00 0.000000000000000000e+00 5.603479979777148401e-02
2.843531538706766241e+03 -8.879196514112644536e+02 -8.759033391144116365e+01 0.000000000000000000e+00 0.000000000000000000e+00 -2.424341072268987318e-02
2.224341175085043233e+03 -5.179297958851569774e+02 -6.000433097249941738e+01 0.000000000000000000e+00 0.000000000000000000e+00 -3.386247496081296049e-03
1.823776121128142677e+03 -5.247829722768708507e+02 -4.732535858081273261e+01 0.000000000000000000e+00 0.000000000000000000e+00 1.733312172927270467e-02
2.030722779227784940e+03 -6.941197938719009244e+02 -5.494053126622168293e+01 0.000000000000000000e+00 0.000000000000000000e+00 -2.120506181769599152e-02
1.833427899664301322e+03 -9.505042037611067371e+02 -5.166129659281193653e+01 0.000000000000000000e+00 0.000000000000000000e+00 4.634443070793992092e-02
2.210342310323285346e+03 -9.491589827944671924e+02 -6.359745630553366880e+01 0.000000000000000000e+00 0.000000000000000000e+00 1.719778243177927379e-03
1.843000156286392439e+03 -1.274569230988652635e+03 -5.656094821272841955e+01 0.000000000000000000e+00 0.000000000000000000e+00 1.181752299444838172e-02
2.241335485224079548e+03 -1.265313885072512221e+03 -6.913431348606626159e+01 0.000000000000000000e+00 0.000000000000000000e+00 -6.408102014479766240e-02
2.023723494976899246e+03 -1.436754189452974288e+03 -6.484182536875073311e+01 0.000000000000000000e+00 0.000000000000000000e+00 -6.403614708044358395e-02
1.840933469289746881e+03 -1.688479995368439631e+03 -6.431460865421013295e+01 0.000000000000000000e+00 0.000000000000000000e+00 4.497903803971325942e-02
2.231403367804179197e+03 -1.684467240297385615e+03 -7.660234183691771648e+01 0.000000000000000000e+00 0.000000000000000000e+00 4.094712608491590800e-03
2.538656507581567439e+03 -1.255277176534954151e+03 -7.997349787637317320e+01 0.000000000000000000e+00 0.000000000000000000e+00 -1.264811598012727245e-01
2.855565784286223334e+03 -1.254340094310131462e+03 -9.304546247725266994e+01 0.000000000000000000e+00 0.000000000000000000e+00 -8.472445173146070374e-02
2.692803771655364017e+03 -1.436588993350613237e+03 -8.922191027809401476e+01 0.000000000000000000e+00 0.000000000000000000e+00 -6.915072426171775533e-02
2.511368183057971237e+03 -1.697582654308295560e+03 -8.710229326326609112e+01 0.000000000000000000e+00 0.000000000000000000e+00 -4.228518791602198235e-02
2.900152210435845063e+03 -1.679065789473483846e+03 -1.027073527189781288e+02 0.000000000000000000e+00 0.000000000000000000e+00 -9.957728527015774489e-02
2.895654622795211253e+03 -2.014254954704664215e+03 -1.100798662518969451e+02 0.000000000000000000e+00 0.000000000000000000e+00 -1.280627264602713922e-01
2.518171319177368787e+03 -2.021242876835374773e+03 -9.483263216100927195e+01 0.000000000000000000e+00 0.000000000000000000e+00 1.068060387027003344e-02
2.733091701189223841e+03 -2.179635038293874914e+03 -1.074403880797586339e+02 0.000000000000000000e+00 0.000000000000000000e+00 -2.276946205732599537e-02
2.527900872526582134e+03 -2.443450806179797837e+03 -1.067540693086634320e+02 0.000000000000000000e+00 0.000000000000000000e+00 -1.577072128274892293e-02
2.907197471533138923e+03 -2.423977265247864580e+03 -1.215376780600135618e+02 0.000000000000000000e+00 0.000000000000000000e+00 -4.364862965863380850e-02
2.231279065037263535e+03 -2.018648132808269111e+03 -8.434932279051901105e+01 0.000000000000000000e+00 0.000000000000000000e+00 -1.226489157346719594e-01
1.848536653395870871e+03 -2.029528462329296190e+03 -7.255302869881927563e+01 0.000000000000000000e+00 0.000000000000000000e+00 -1.709825567309053440e-02
2.065428725933826172e+03 -2.187265923101318549e+03 -8.329086974888828365e+01 0.000000000000000000e+00 0.000000000000000000e+00 4.855347541068510964e-02
1.849321313039499501e+03 -2.445612833124082954e+03 -8.423747771495203551e+01 0.000000000000000000e+00 0.000000000000000000e+00 1.186921709049215679e-03
2.247163264118459210e+03 -2.438205664714807426e+03 -9.647261501963960484e+01 0.000000000000000000e+00 0.000000000000000000e+00 -8.317931085537111358e-02
2.232076462200754122e+03 -2.769806751151720164e+03 -1.065105550107122383e+02 0.000000000000000000e+00 0.000000000000000000e+00 -1.263264622475475107e-01
1.861102774506218793e+03 -2.770167366164523173e+03 -9.504422722384123290e+01 0.000000000000000000e+00 0.000000000000000000e+00 -6.366804448809659789e-02
2.033780902947634331e+03 -2.933662600535106321e+03 -1.058250441573741085e+02 0.000000000000000000e+00 0.000000000000000000e+00 -1.674385138942113826e-02
1.851996936029215931e+03 -3.205286692187061362e+03 -1.106097596003852885e+02 0.000000000000000000e+00 0.000000000000000000e+00 -1.533072538619109082e-01
2.239769796434023192e+03 -3.186127615824235363e+03 -1.216485304371817477e+02 0.000000000000000000e+00 0.000000000000000000e+00 -5.745231494589120302e-02
-1.890458269995191813e+03 2.473959736394359879e+03 -8.428870159496054271e+01 0.000000000000000000e+00 0.000000000000000000e+00 -4.762546574055193105e-02
-2.201091255503323737e+03 2.441093125463306023e+03 -9.290166039533133358e+01 0.000000000000000000e+00 0.000000000000000000e+00 1.104616415670989227e-02
-2.065796816211013265e+03 2.350133704544565717e+03 -8.597331659081439170e+01 0.000000000000000000e+00 0.000000000000000000e+00 -2.235872457345067232e-02
-1.891867391117234320e+03 2.092562474610085246e+03 -7.392132388767356588e+01 0.000000000000000000e+00 0.000000000000000000e+00 1.071442077359563427e-02
-2.219581991261936764e+03 2.100017347602026803e+03 -8.433647926093601654e+01 0.000000000000000000e+00 0.000000000000000000e+00 -1.262746922208179967e-03
-2.266715638122127530e+03 2.498613878235538778e+03 -9.677663761585466773e+01 0.000000000000000000e+00 0.000000000000000000e+00 -7.398695760755913398e-03
-2.510310549849022209e+03 2.499811245043030794e+03 -1.054996824731561560e+02 0.000000000000000000e+00 0.000000000000000000e+00 9.855314310783569454e-03
-2.525508595058890478e+03 2.096976532960957229e+03 -9.520217033756776459e+01 0.000000000000000000e+00 0.000000000000000000e+00 5.290145273409052606e-02
-2.687831201513150063e+03 2.319651732657252069e+03 -1.072936624984734095e+02 0.000000000000000000e+00 0.000000000000000000e+00 2.137180800559690397e-02
-2.844504439448577614e+03 2.457778115080804582e+03 -1.175534390528833484e+02 0.000000000000000000e+00 0.000000000000000000e+00 5.356716105272596451e-02
-2.890163943134511101e+03 2.083313319030295588e+03 -1.096230624577115975e+02 0.000000000000000000e+00 0.000000000000000000e+00 4.342546145224446263e-02
-2.503792965180471583e+03 1.773901308204073075e+03 -8.699160336471251753e+01 0.000000000000000000e+00 0.000000000000000000e+00 2.200295334480983911e-02
-2.887343649089136761e+03 1.763284829016117783e+03 -1.023253730209382439e+02 0.000000000000000000e+00 0.000000000000000000e+00 3.781733221380534360e-02
-2.698762552580880310e+03 1.609106892658504194e+03 -9.136064843822117609e+01 0.000000000000000000e+00 0.000000000000000000e+00 2.617542230443348217e-02
-2.518721716752815155e+03 1.356724537422682261e+03 -7.981108587103621232e+01 0.000000000000000000e+00 0.000000000000000000e+00 4.056511524169081895e-02
-2.894517729089916429e+03 1.362241656226955001e+03 -9.530759221938713210e+01 0.000000000000000000e+00 0.000000000000000000e+00 3.390499244160594117e-02
-2.212341628943827345e+03 1.769461594066819998e+03 -7.646451375154649099e+01 0.000000000000000000e+00 0.000000000000000000e+00 -2.426640895752996130e-02
-1.827479023401865334e+03 1.761747659199951840e+03 -6.440800553527353145e+01 0.000000000000000000e+00 0.000000000000000000e+00 2.766169390612560619e-02
-2.026428694232434736e+03 1.599039614613525373e+03 -6.699165977000592420e+01 0.000000000000000000e+00 0.000000000000000000e+00 -1.459654969536927638e-03
-1.852007460840794920e+03 1.352871569400275348e+03 -5.737942661170161784e+01 0.000000000000000000e+00 0.000000000000000000e+00 -3.196588157297952648e-02
-2.238981557126972803e+03 1.337139484327950868e+03 -6.932093941536112425e+01 0.000000000000000000e+00 0.000000000000000000e+00 1.312444573142101945e-02
-1.830883190471947501e+03 1.016190928104528780e+03 -5.191689392551212734e+01 0.000000000000000000e+00 0.000000000000000000e+00 -1.421771498622348417e-02
-2.207231125249712022e+03 1.002367569561074106e+03 -6.352648927620079178e+01 0.000000000000000000e+00 0.000000000000000000e+00 -1.119902609458023335e-02
-2.034240151083286946e+03 8.535364758787358141e+02 -5.617903822953641679e+01 0.000000000000000000e+00 0.000000000000000000e+00 1.223741792822607977e-02
-1.855440684937777633e+03 5.986108261286088918e+02 -4.851495348762598070e+01 0.000000000000000000e+00 0.000000000000000000e+00 -2.732368487529157619e-02
-2.249097599955369333e+03 5.987700398883372372e+02 -6.109744191132322300e+01 0.000000000000000000e+00 0.000000000000000000e+00 -3.502667725783226160e-04
-2.502712573223250274e+03 9.469907271604848802e+02 -7.358815410745091867e+01 0.000000000000000000e+00 0.000000000000000000e+00 -2.379094544635051989e-02
-2.847449547046749103e+03 9.453177145111195614e+02 -8.763738665392305904e+01 0.000000000000000000e+00 0.000000000000000000e+00 7.823182839388209686e-04
-2.711649494732868334e+03 7.822156417251858329e+02 -8.024432488898429483e+01 0.000000000000000000e+00 0.000000000000000000e+00 -4.383950406338499306e-02
-2.512262165891007953e+03 5.884387552772799381e+02 -7.070406306791714712e+01 0.000000000000000000e+00 0.000000000000000000e+00 -3.399381634370968186e-02
-2.885895827118148645e+03 5.975784642663121531e+02 -8.620144637163582502e+01 0.000000000000000000e+00 0.000000000000000000e+00 -2.671242959044661802e-02
-1.839219221427911407e+03 2.660254942240121636e+02 -4.631515655640003359e+01 0.000000000000000000e+00 0.000000000000000000e+00 -2.704829520281748501e-02
-2.173901994420764368e+03 2.440335781424262507e+02 -5.675662313157395289e+01 0.000000000000000000e+00 0.000000000000000000e+00 8.990887217521503771e-04
-2.029523054259755781e+03 1.061300099357543019e+02 -5.175053368408300969e+01 0.000000000000000000e+00 0.000000000000000000e+00 -2.411121760085421784e-02
-1.832880844788859577e+03 -1.412206373228552252e+02 -4.589687224758035455e+01 0.000000000000000000e+00 0.000000000000000000e+00 -2.931434048198866549e-02
-2.193551551290883253e+03 -1.519235927632001335e+02 -5.730762905723007350e+01 0.000000000000000000e+00 0.000000000000000000e+00 -3.271141703056201777e-02
-2.469474489369265029e+03 2.216148265527978367e+02 -6.735239301445436411e+01 0.000000000000000000e+00 0.000000000000000000e+00 -6.580718241141880753e-02
-2.848497585885307672e+03 2.273725763606925341e+02 -8.285777050790065346e+01 0.000000000000000000e+00 0.000000000000000000e+00 -2.809760378143266735e-02
-2.694040077561566250e+03 8.938077622526667199e+01 -7.608422082490922378e+01 0.000000000000000000e+00 0.000000000000000000e+00 -7.049756103396020990e-02
-2.513360814867409317e+03 -1.547839416317408165e+02 -6.901455416432767720e+01 0.000000000000000000e+00 0.000000000000000000e+00 1.518381713427174873e-02
-2.866122804891298983e+03 -1.528747140038307180e+02 -8.360707682848340028e+01 0.000000000000000000e+00 0.000000000000000000e+00 3.768909934865405376e-02
-1.823544159247489461e+03 -4.778726620086882804e+02 -4.701196456407637925e+01 0.000000000000000000e+00 0.000000000000000000e+00 3.530908872592419812e-02
-2.186890671316789394e+03 -4.829720200132694572e+02 -5.848515062026726241e+01 0.000000000000000000e+00 0.000000000000000000e+00 2.776827029722994666e-02
-2.022907839398398437e+03 -6.446818011005905191e+02 -5.426360156546056146e+01 0.000000000000000000e+00 0.000000000000000000e+00 1.802917418004312822e-02
-1.839417749058076652e+03 -9.026145340312355074e+02 -5.126379955555806589e+01 0.000000000000000000e+00 0.000000000000000000e+00 -6.900130654687330889e-02
-2.203039817959018364e+03 -9.030235415433805883e+02 -6.279856054297046342e+01 0.000000000000000000e+00 0.000000000000000000e+00 3.737904493519295102e-03
-2.474999477085476883e+03 -5.372555200784672707e+02 -6.930062332701663763e+01 0.000000000000000000e+00 0.000000000000000000e+00 -1.926249909669763838e-02
-2.841352469098650090e+03 -5.080740988646348342e+02 -8.410271318808466390e+01 0.000000000000000000e+00 0.000000000000000000e+00 -1.719622297976286518e-02
-2.683277611338881798e+03 -6.586245334749590938e+02 -7.853665237970108137e+01 0.000000000000000000e+00 0.000000000000000000e+00 -1.648597410164143184e-02
-2.496366522157917643e+03 -9.052219077800319837e+02 -7.353590804628817068e+01 0.000000000000000000e+00 0.000000000000000000e+00 -3.235842866544658136e-03
-2.871246819495491764e+03 -9.045858003577168347e+02 -8.898870509692542896e+01 0.000000000000000000e+00 0.000000000000000000e+00 -1.414796440798227195e-03
-1.833034744593197956e+03 -1.236924319168151897e+03 -5.566805829184153254e+01 0.000000000000000000e+00 0.000000000000000000e+00 -3.193992276250412488e-02
-2.230700297591138224e+03 -1.247359601704453098e+03 -6.847781359284326186e+01 0.000000000000000000e+00 0.000000000000000000e+00 7.323687918594146140e-02
-2.028337142001121492e+03 -1.409268459286625102e+03 -6.449064260519756431e+01 0.000000000000000000e+00 0.000000000000000000e+00 3.043512885463428574e-02
-1.821500592166824845e+03 -1.647881104429847710e+03 -6.289693370720294752e+01 0.000000000000000000e+00 0.000000000000000000e+00 -6.924873867011882567e-02
-2.210152596451188401e+03 -1.656624740258637303e+03 -7.528610585758724483e+01 0.000000000000000000e+00 0.000000000000000000e+00 -4.549722713153414588e-02
-2.456518995765921318e+03 -1.228753537809355294e+03 -7.639259650676710578e+01 0.000000000000000000e+00 0.000000000000000000e+00 1.366686912048464819e-02
-2.861017136556184141e+03 -1.228860592171492272e+03 -9.288741773847479521e+01 0.000000000000000000e+00 0.000000000000000000e+00 -2.417678438963832832e-02
-2.687432966046005276e+03 -1.406428195402210577e+03 -8.846540307119863655e+01 0.000000000000000000e+00 0.000000000000000000e+00 -5.408196080031757447e-02
-2.498525625708270127e+03 -1.655555338059675705e+03 -8.572964439626782962e+01 0.000000000000000000e+00 0.000000000000000000e+00 -1.106773534756229083e-01
-2.834330881372623480e+03 -1.657986904277837084e+03 -9.942254154258263554e+01 0.000000000000000000e+00 0.000000000000000000e+00 -3.287100684124766303e-02
-1.822745870722928203e+03 -1.985573595138497694e+03 -7.070336665393466546e+01 0.000000000000000000e+00 0.000000000000000000e+00 -3.855893780780661473e-02
-2.191641239891924215e+03 -1.983848656092656029e+03 -8.213077882894988591e+01 0.000000000000000000e+00 0.000000000000000000e+00 7.784467447528697903e-02
-2.004709369535135920e+03 -2.158323668377479862e+03 -8.060059301901679873e+01 0.000000000000000000e+00 0.000000000000000000e+00 -5.328775573509858532e-02
-1.820831369103293810e+03 -2.400967547777495838e+03 -8.208372020158421378e+01 0.000000000000000000e+00 0.000000000000000000e+00 5.604995539029289375e-02
-2.197830198122056572e+03 -2.404130487088092195e+03 -9.378878225745400243e+01 0.000000000000000000e+00 0.000000000000000000e+00 3.460732961303847333e-02
-2.462545481583612855e+03 -1.983778807625108584e+03 -9.179422895267983051e+01 0.000000000000000000e+00 0.000000000000000000e+00 -4.681043902186843297e-02
-2.859633655436594836e+03 -1.994691879343970413e+03 -1.080490796179531543e+02 0.000000000000000000e+00 0.000000000000000000e+00 -1.950040888696946695e-02
-2.668632375383801445e+03 -2.148152438244751465e+03 -1.039910191956932408e+02 0.000000000000000000e+00 0.000000000000000000e+00 -1.090673271583710857e-01
-2.483991377879516222e+03 -2.397398014351593247e+03 -1.037407480624506917e+02 0.000000000000000000e+00 0.000000000000000000e+00 1.519922822453168010e-03
-2.848934174843355322e+03 -2.408609030493521459e+03 -1.186118049359618851e+02 0.000000000000000000e+00 0.000000000000000000e+00 1.106069038982582242e-03
-1.819996104381344367e+03 -2.738355317075684525e+03 -9.281302054673837176e+01 0.000000000000000000e+00 0.000000000000000000e+00 4.716832499092049602e-02
-2.175145944573191628e+03 -2.732451188962544620e+03 -1.033732603435213377e+02 0.000000000000000000e+00 0.000000000000000000e+00 -3.955365287410472774e-03
-1.995327977809969752e+03 -2.896985196715353595e+03 -1.033597730873829335e+02 0.000000000000000000e+00 0.000000000000000000e+00 2.237920215479505259e-02
-1.826386989508200486e+03 -3.155252578036196610e+03 -1.079856466287052967e+02 0.000000000000000000e+00 0.000000000000000000e+00 7.285919210946190105e-02
-2.192359556481486379e+03 -3.143131158464888358e+03 -1.184784339700347289e+02 0.000000000000000000e+00 0.000000000000000000e+00 4.604526612399695296e-02
-1.185851920681800266e+03 2.530003600904939958e+03 -6.952446604202526714e+01 0.000000000000000000e+00 0.000000000000000000e+00 6.836108186433875744e-03
-1.518229805918169404e+03 2.503105516617412377e+03 -7.554767027967272952e+01 0.000000000000000000e+00 0.000000000000000000e+00 -1.277208541702634648e-02
-1.360599172605790045e+03 2.371514518617701924e+03 -6.823632137441938994e+01 0.000000000000000000e+00 0.000000000000000000e+00 1.843288662863074023e-02
-1.535913655490790916e+03 2.130468633166505697e+03 -6.556653971861805985e+01 0.000000000000000000e+00 0.000000000000000000e+00 6.111435594709746510e-02
-1.178265820778400666e+03 2.107534716607353857e+03 -5.752414264139982691e+01 0.000000000000000000e+00 0.000000000000000000e+00 -1.134922374260582956e-02
-1.203886375552955315e+03 1.816679449245895057e+03 -5.102579959650064012e+01 0.000000000000000000e+00 0.000000000000000000e+00 1.059159842598944579e-02
-1.554381089158207942e+03 1.785959795263206161e+03 -5.782126624540794069e+01 0.000000000000000000e+00 0.000000000000000000e+00 1.458312708414410963e-02
-1.371528379286456584e+03 1.621781292615522489e+03 -5.026568565297989721e+01 0.000000000000000000e+00 0.000000000000000000e+00 5.184427855397188978e-03
-1.188765355948141405e+03 1.388912950519317292e+03 -4.230829577089754423e+01 0.000000000000000000e+00 0.000000000000000000e+00 -2.255746173330663851e-02
-1.569253419451611990e+03 1.376131750763513537e+03 -5.026655807592018732e+01 0.000000000000000000e+00 0.000000000000000000e+00 -1.858279426443232296e-04
-1.187567531601893506e+03 1.029257389343466457e+03 -3.689583388092624716e+01 0.000000000000000000e+00 0.000000000000000000e+00 -9.793148554727792998e-03
-1.556085618446072885e+03 1.014794258251296696e+03 -4.463937845004717531e+01 0.000000000000000000e+00 0.000000000000000000e+00 -5.193619547661398883e-02
-1.370711710920397081e+03 8.493704026884321365e+02 -3.848123141835529282e+01 0.000000000000000000e+00 0.000000000000000000e+00 3.610565942984322874e-02
-1.184172377282080106e+03 6.025839357150906608e+02 -3.249667153482032944e+01 0.000000000000000000e+00 0.000000000000000000e+00 -5.398098869402190303e-02
-1.556291532817187772e+03 6.080544635972797778e+02 -4.057994398233677202e+01 0.000000000000000000e+00 0.000000000000000000e+00 3.877751450117727927e-02
-1.184920069437488564e+03 2.898418873886923848e+02 -3.077442490170631473e+01 0.000000000000000000e+00 0.000000000000000000e+00 -3.955123973595675579e-02
-1.531897630448812151e+03 2.817313213050903187e+02 -3.820893956225975785e+01 0.000000000000000000e+00 0.000000000000000000e+00 2.124756722367493467e-02
-1.364958766886515605e+03 1.130421506452132405e+02 -3.398377697816314935e+01 0.000000000000000000e+00 0.000000000000000000e+00 7.102303990755842733e-03
-1.171678648443564953e+03 -1.335776399961112588e+02 -3.014519066942591863e+01 0.000000000000000000e+00 0.000000000000000000e+00 3.100024359467923318e-02
-1.549461246029841504e+03 -1.478062610540435173e+02 -3.833868719017987559e+01 0.000000000000000000e+00 0.000000000000000000e+00 -2.406350593030026630e-02
-1.157511452258744839e+03 -4.740840922807008155e+02 -3.123462382634334489e+01 0.000000000000000000e+00 0.000000000000000000e+00 3.513873021751123815e-02
-1.534938945502936804e+03 -4.706212978138307790e+02 -3.929999074199445630e+01 0.000000000000000000e+00 0.000000000000000000e+00 6.574344077898075511e-02
-1.347115025590986306e+03 -6.414926483897461367e+02 -3.623138844006227544e+01 0.000000000000000000e+00 0.000000000000000000e+00 -3.121376977105683181e-03
-1.520414064808961484e+03 -9.025693990336303614e+02 -4.278694550454763146e+01 0.000000000000000000e+00 0.000000000000000000e+00 -2.866056651811277334e-03
-1.185714399048385076e+03 -8.893408901197578871e+02 -3.542562284408200668e+01 0.000000000000000000e+00 0.000000000000000000e+00 3.459589021075970550e-02
-1.169530365135129841e+03 -1.218201478872128064e+03 -3.959323565079860430e+01 0.000000000000000000e+00 0.000000000000000000e+00 -5.805645396262093527e-02
-1.516977661009061194e+03 -1.228292753914992545e+03 -4.717151528738271793e+01 0.000000000000000000e+00 0.000000000000000000e+00 3.769415309989199159e-03
-1.360898175270741376e+03 -1.383764825383354719e+03 -4.621801917487810130e+01 0.000000000000000000e+00 0.000000000000000000e+00 -4.838821116855740456e-03
-1.168133913218167891e+03 -1.637673312834219360e+03 -4.727314160802652765e+01 0.000000000000000000e+00 0.000000000000000000e+00 8.145842456096374917e-02
-1.534715813237528664e+03 -1.638669749150342795e+03 -5.513727149624895674e+01 0.000000000000000000e+00 0.000000000000000000e+00 -1.370907907919161062e-03
-1.145938157261401329e+03 -1.969156333275514953e+03 -5.452305978652903917e+01 0.000000000000000000e+00 0.000000000000000000e+00 -4.656510277081338245e-02
-1.522261437157307682e+03 -1.967041444410359645e+03 -6.238048031129027748e+01 0.000000000000000000e+00 0.000000000000000000e+00 -2.678820103366774674e-02
-1.345590263757956109e+03 -2.144894454476424471e+03 -6.304670474049439832e+01 0.000000000000000000e+00 0.000000000000000000e+00 -1.435750755990028438e-02
-1.154546268901355688e+03 -2.388498072520506412e+03 -6.630034845289793566e+01 0.000000000000000000e+00 0.000000000000000000e+00 -2.655105062424922835e-02
-1.525873832581300348e+03 -2.395412263651981903e+03 -7.427520613936947314e+01 0.000000000000000000e+00 0.000000000000000000e+00 1.850229180492135583e-02
-1.523346732376257933e+03 -2.726170687284236919e+03 -8.480373726329047201e+01 0.000000000000000000e+00 0.000000000000000000e+00 7.428692537641268245e-02
-1.155170007027230440e+03 -2.721321935932371616e+03 -7.702074548051177771e+01 0.000000000000000000e+00 0.000000000000000000e+00 -5.992199208738213656e-02
-1.357372992866796267e+03 -2.907926051799061952e+03 -8.748411606046782651e+01 0.000000000000000000e+00 0.000000000000000000e+00 9.248786073371206840e-03
-1.525668690728085267e+03 -3.152780410300440508e+03 -1.003028831714367328e+02 0.000000000000000000e+00 0.000000000000000000e+00 1.152826276808553985e-01
-1.160237466896344813e+03 -3.141887083197405900e+03 -9.242648070478431066e+01 0.000000000000000000e+00 0.000000000000000000e+00 1.570681992736808752e-01
-4.962095579867186643e+02 -3.134321035456850041e+03 -8.369725930564131033e+01 0.000000000000000000e+00 0.000000000000000000e+00 1.268008708492089909e-01
-8.742939803699646291e+02 -3.136452752280378718e+03 -8.776452216334655532e+01 0.000000000000000000e+00 0.000000000000000000e+00 1.900210609453267807e-02
-6.626406457910374002e+02 -2.882423575652233467e+03 -7.572747617274218612e+01 0.000000000000000000e+00 0.000000000000000000e+00 -2.487595820387866752e-02
-4.860559187326930441e+02 -2.719674216152980080e+03 -6.840787192201970868e+01 0.000000000000000000e+00 0.000000000000000000e+00 7.154279952459319247e-03
-8.573645197372127313e+02 -2.727344149990532060e+03 -7.256686423545714604e+01 0.000000000000000000e+00 0.000000000000000000e+00 3.228927689603722229e-02
-8.160183784369509112e+02 -2.413861925926260028e+03 -6.183521196132335973e+01 0.000000000000000000e+00 0.000000000000000000e+00 -5.356616546487913411e-02
-5.276510195832062209e+02 -2.413620234345568861e+03 -5.877432628750277388e+01 0.000000000000000000e+00 0.000000000000000000e+00 -6.683034002712417987e-03
-6.597648176267422286e+02 -2.199416222239425224e+03 -5.370929675517537305e+01 0.000000000000000000e+00 0.000000000000000000e+00 -2.913356054634874681e-02
-4.977694716203220082e+02 -2.014901962710175439e+03 -4.723752972781265669e+01 0.000000000000000000e+00 0.000000000000000000e+00 4.656265866309183821e-03
-8.073045818045637816e+02 -2.018080531022029390e+03 -5.053107652272264261e+01 0.000000000000000000e+00 0.000000000000000000e+00 -4.609603249039651018e-02
-4.791889408611754106e+02 -1.640737934951873058e+03 -3.828782931471629780e+01 0.000000000000000000e+00 0.000000000000000000e+00 3.153285993107601826e-03
-8.264732565489036915e+02 -1.666717016493803840e+03 -4.246513000665856907e+01 0.000000000000000000e+00 0.000000000000000000e+00 -4.668570626620294206e-02
-6.705765758589294592e+02 -1.450578447452757246e+03 -3.625633191277461265e+01 0.000000000000000000e+00 0.000000000000000000e+00 2.158757298033719962e-03
-4.975038868011052955e+02 -1.225027739720749651e+03 -3.073611792035078949e+01 0.000000000000000000e+00 0.000000000000000000e+00 -1.346869183225152256e-02
-8.390639764371884439e+02 -1.226745148367293950e+03 -3.442424895836089149e+01 0.000000000000000000e+00 0.000000000000000000e+00 -1.085431598650927754e-01
-5.078433227003081356e+02 -9.487154936539643586e+02 -2.693576696337917653e+01 0.000000000000000000e+00 0.000000000000000000e+00 -3.739628846611253721e-02
-8.102999074258442533e+02 -9.381722069357986129e+02 -3.000778287109841713e+01 0.000000000000000000e+00 0.000000000000000000e+00 5.423880157956517678e-02
-6.969884792057608820e+02 -7.011169722890368803e+02 -2.612532466085331251e+01 0.000000000000000000e+00 0.000000000000000000e+00 5.597807342660843233e-02
-5.017143253680515613e+02 -4.694964383703232897e+02 -2.249323825450251491e+01 0.000000000000000000e+00 0.000000000000000000e+00 -1.002479718896154282e-02
-8.405006042461775451e+02 -5.377686347484122962e+02 -2.658639156498285416e+01 0.000000000000000000e+00 0.000000000000000000e+00 2.661594163095415411e-02
-4.821564891697331632e+02 -2.155254420482242494e+02 -2.121515060449570811e+01 0.000000000000000000e+00 0.000000000000000000e+00 -3.498081039526468317e-02
-8.528635399477906276e+02 -2.086941431186719456e+02 -2.516156350120948559e+01 0.000000000000000000e+00 0.000000000000000000e+00 7.304557700490121874e-02
-6.741832184476231760e+02 4.137776485547626493e+01 -2.270083295004096513e+01 0.000000000000000000e+00 0.000000000000000000e+00 3.891209588039856726e-02
-5.151165574167320074e+02 2.755864923297634732e+02 -2.165714150080148315e+01 0.000000000000000000e+00 0.000000000000000000e+00 3.133076054591299453e-02
-8.248637681526353163e+02 2.324324817944781785e+02 -2.483114466875619541e+01 0.000000000000000000e+00 0.000000000000000000e+00 4.314734315453350177e-02
-5.240366762705301653e+02 5.729843105816862590e+02 -2.333176597435393873e+01 0.000000000000000000e+00 0.000000000000000000e+00 1.746827037017339990e-02
-8.290600112820009144e+02 5.544652470451144382e+02 -2.648155376170998210e+01 0.000000000000000000e+00 0.000000000000000000e+00 4.955000759230543395e-02
-6.957970751955016340e+02 8.041778111401008573e+02 -2.700604342407502401e+01 0.000000000000000000e+00 0.000000000000000000e+00 6.651296073047419100e-02
-5.187981311688104142e+02 1.026855943817340176e+03 -2.786973137410854662e+01 0.000000000000000000e+00 0.000000000000000000e+00 -6.015825132507757189e-03
-8.568619895546630687e+02 9.537246808565926131e+02 -3.063516565248203705e+01 0.000000000000000000e+00 0.000000000000000000e+00 4.891974230093509846e-02
-5.085781069243230945e+02 1.297311186331212411e+03 -3.172754229814600535e+01 0.000000000000000000e+00 0.000000000000000000e+00 -6.352841377164963887e-03
-8.666872149762720028e+02 1.300290002676657195e+03 -3.564651936411222977e+01 0.000000000000000000e+00 0.000000000000000000e+00 3.919898715432168501e-02
-6.817658494305895829e+02 1.538688089473916307e+03 -3.761017553175787498e+01 0.000000000000000000e+00 0.000000000000000000e+00 3.455236127813066105e-03
-5.306555011201079424e+02 1.723847754310701930e+03 -3.992398830639245944e+01 0.000000000000000000e+00 0.000000000000000000e+00 -2.143695107226761820e-02
-8.702108289971189379e+02 1.715871419640624936e+03 -4.346232591087789388e+01 0.000000000000000000e+00 0.000000000000000000e+00 -5.487059831203566773e-03
-5.087338100193391028e+02 2.038458756407922692e+03 -4.704746868565941043e+01 0.000000000000000000e+00 0.000000000000000000e+00 6.604898033019424020e-02
-8.761039693032387277e+02 2.033434228612860352e+03 -5.086105623451580016e+01 0.000000000000000000e+00 0.000000000000000000e+00 3.733046546701501711e-02
-7.065057789408169810e+02 2.294465222940636977e+03 -5.569235377349644978e+01 0.000000000000000000e+00 0.000000000000000000e+00 4.375824750795942464e-02
-5.409259955587397144e+02 2.496725083712576634e+03 -6.000034520825869322e+01 0.000000000000000000e+00 0.000000000000000000e+00 2.127664433618292605e-02
-8.735495026788585164e+02 2.463326576401579587e+03 -6.260051349146333166e+01 0.000000000000000000e+00 0.000000000000000000e+00 3.930456245028324247e-02
1.044186722238391809e+02 2.492424984527708148e+03 -5.770860246894316248e+01 0.000000000000000000e+00 0.000000000000000000e+00 3.119703895306713548e-02
-1.658448466727178925e+02 2.467130217098116646e+03 -5.707286383233105198e+01 0.000000000000000000e+00 0.000000000000000000e+00 -5.484679368187528326e-03
-2.477100330183561994e+02 2.482788768294216425e+03 -5.780443371233323546e+01 0.000000000000000000e+00 0.000000000000000000e+00 6.349001238034190919e-02
-5.775612091858507569e+01 2.364265472757729640e+03 -5.385802775195224967e+01 0.000000000000000000e+00 0.000000000000000000e+00 4.586856328756994117e-02
1.313022465736015079e+02 2.106225005211804273e+03 -4.690115246946238869e+01 0.000000000000000000e+00 0.000000000000000000e+00 3.953685572314213914e-02
-1.934597967851124451e+02 2.046323431650820794e+03 -4.552814761406931154e+01 0.000000000000000000e+00 0.000000000000000000e+00 4.353307748681345402e-02
1.347771511737937544e+02 1.779253173563918381e+03 -3.907027658814763527e+01 0.000000000000000000e+00 0.000000000000000000e+00 -1.359918323204567514e-02
-1.996269197935997397e+02 1.709427344482822491e+03 -3.772926651048346969e+01 0.000000000000000000e+00 0.000000000000000000e+00 -1.155505284609859018e-02
-4.683359411089169555e+01 1.608781552860121792e+03 -3.535961558317602282e+01 0.000000000000000000e+00 0.000000000000000000e+00 -1.330604706643612190e-02
1.345080032966179715e+02 1.361415145965096372e+03 -3.090051221990985653e+01 0.000000000000000000e+00 0.000000000000000000e+00 -2.328973417174751148e-03
-2.005456532745157574e+02 1.300284755825653747e+03 -3.005607930944022144e+01 0.000000000000000000e+00 0.000000000000000000e+00 1.491014080187369473e-03
1.447655444902925979e+02 1.031723488150752473e+03 -2.596948019603740931e+01 0.000000000000000000e+00 0.000000000000000000e+00 -3.460519042210208340e-02
-2.073376336613420392e+02 1.026820978540504711e+03 -2.608027023698843294e+01 0.000000000000000000e+00 0.000000000000000000e+00 1.520204079925591145e-02
-3.748683129830926219e+01 8.500180189055275832e+02 -2.365578786558928570e+01 0.000000000000000000e+00 0.000000000000000000e+00 1.709009915037995597e-02
1.465460229386154367e+02 6.110260732003478097e+02 -2.160195351909089467e+01 0.000000000000000000e+00 0.000000000000000000e+00 2.934952911323307490e-02
-1.527387291007943588e+02 5.802929525403297930e+02 -2.138405845866954991e+01 0.000000000000000000e+00 0.000000000000000000e+00 4.688990098067336021e-02
1.434657390009020332e+02 2.843735228133725741e+02 -1.973213402644141468e+01 0.000000000000000000e+00 0.000000000000000000e+00 1.078727652081745703e-01
-1.500187965053461028e+02 2.374577097624983537e+02 -1.959110457204548794e+01 0.000000000000000000e+00 0.000000000000000000e+00 -8.210437164004247279e-02
1.423873512913337152e+02 -1.360861349463753527e+02 -1.933176285196474709e+01 0.000000000000000000e+00 0.000000000000000000e+00 7.566275448098735978e-04
-1.979301267993438103e+02 -1.453366144779041349e+02 -1.950027526317257554e+01 0.000000000000000000e+00 0.000000000000000000e+00 5.066217408554862800e-02
1.488679184586610234e+02 -4.793072202001196729e+02 -2.070792218221236070e+01 0.000000000000000000e+00 0.000000000000000000e+00 -6.632807296416842746e-02
-2.129277035075158437e+02 -4.860725936101057414e+02 -2.093649655599372039e+01 0.000000000000000000e+00 0.000000000000000000e+00 -1.142679353541886655e-01
-5.815035024474068592e+01 -6.590772490825410159e+02 -2.187793165819149976e+01 0.000000000000000000e+00 0.000000000000000000e+00 -4.475673598878415760e-02
1.696343960174641552e+02 -8.926582138773513861e+02 -2.442515560996224622e+01 0.000000000000000000e+00 0.000000000000000000e+00 -1.111433996196709018e-02
-2.222646327841865741e+02 -9.378218699519150050e+02 -2.512582346279093670e+01 0.000000000000000000e+00 0.000000000000000000e+00 -4.497051326562484519e-02
1.640346964573491846e+02 -1.232264931817364186e+03 -2.907822227618725464e+01 0.000000000000000000e+00 0.000000000000000000e+00 -1.557280773092273307e-02
-2.159012828965289259e+02 -1.235319928017456732e+03 -2.928545507654717994e+01 0.000000000000000000e+00 0.000000000000000000e+00 1.170984870781666132e-02
-3.773085799327613188e+01 -1.399885416970359074e+03 -3.172702664600816291e+01 0.000000000000000000e+00 0.000000000000000000e+00 -2.641262652021580948e-02
1.649387664297145761e+02 -1.644550863138052136e+03 -3.674724059113705721e+01 0.000000000000000000e+00 0.000000000000000000e+00 -9.309106125752464322e-02
-2.089157002073663136e+02 -1.655523087170023928e+03 -3.711277535793465887e+01 0.000000000000000000e+00 0.000000000000000000e+00 -2.502891369228876783e-02
1.539460648111613068e+02 -1.969654614633729352e+03 -4.429269729058334804e+01 0.000000000000000000e+00 0.000000000000000000e+00 -7.667325718797002310e-02
-1.580011512087571077e+02 -2.033863576730834666e+03 -4.595574316828597006e+01 0.000000000000000000e+00 0.000000000000000000e+00 -2.811033438571541865e-02
-1.709595085393020852e+01 -2.148597122382633188e+03 -4.884070395891836824e+01 0.000000000000000000e+00 0.000000000000000000e+00 -1.923423888875674947e-03
1.546168852153712123e+02 -2.434079110859930552e+03 -5.739626381795352472e+01 0.000000000000000000e+00 0.000000000000000000e+00 -2.411309716342202591e-02
-1.740439838205862202e+02 -2.448835167316220122e+03 -5.790603798032573479e+01 0.000000000000000000e+00 0.000000000000000000e+00 -5.060491425120261511e-02
1.720691335261474819e+02 -2.724973271611256678e+03 -6.697175458020224426e+01 0.000000000000000000e+00 0.000000000000000000e+00 3.500615807278961711e-02
-1.906897912603541556e+02 -2.736808691325010386e+03 -6.743339068124383573e+01 0.000000000000000000e+00 0.000000000000000000e+00 -2.739865622879733564e-02
-3.288366429225569654e+00 -2.910083382967354737e+03 -7.331695131084143213e+01 0.000000000000000000e+00 0.000000000000000000e+00 6.970653778779478671e-04
1.827445874789010816e+02 -3.141711856396841085e+03 -8.234429496942294691e+01 0.000000000000000000e+00 0.000000000000000000e+00 3.080990114187898143e-02
-2.015395831843521535e+02 -3.152325651588962046e+03 -8.281574395979330916e+01 0.000000000000000000e+00 0.000000000000000000e+00 1.974465530314262196e-02
1.199960398987786220e+03 2.503325955178747790e+03 -6.897202883661296369e+01 0.000000000000000000e+00 0.000000000000000000e+00 9.694167162521694081e-03
1.528311722615848112e+03 2.462846190649507662e+03 -7.458213268595068257e+01 0.000000000000000000e+00 0.000000000000000000e+00 -4.825937728392659665e-02
1.336967692488498869e+03 2.303297098617430038e+03 -6.582403738394856418e+01 0.000000000000000000e+00 0.000000000000000000e+00 -8.021432770414094193e-02
1.504246073647262392e+03 2.039443699723867894e+03 -6.253093621695595061e+01 0.000000000000000000e+00 0.000000000000000000e+00 -4.011711960664143817e-02
1.150579139016211002e+03 2.044338534926985403e+03 -5.542857073932890444e+01 0.000000000000000000e+00 0.000000000000000000e+00 1.021221834491825575e-04
1.136651004808152265e+03 1.706746647795359877e+03 -4.742852413877319862e+01 0.000000000000000000e+00 0.000000000000000000e+00 1.128721642389507451e-02
1.534138362406281431e+03 1.714510006741525785e+03 -5.581502625233071058e+01 0.000000000000000000e+00 0.000000000000000000e+00 -3.012802042673001779e-02
1.328471946134818154e+03 1.559978809358373837e+03 -4.815629444025183403e+01 0.000000000000000000e+00 0.000000000000000000e+00 -1.791496365730438356e-02
1.138825193050455937e+03 1.300702018322348522e+03 -3.993131443903615718e+01 0.000000000000000000e+00 0.000000000000000000e+00 2.873210638021106433e-02
1.525464873079871040e+03 1.297516991247345914e+03 -4.792296947250517292e+01 0.000000000000000000e+00 0.000000000000000000e+00 -8.508692481488822068e-02
1.147313226574169448e+03 9.748683179583155152e+02 -3.547862227870731999e+01 0.000000000000000000e+00 0.000000000000000000e+00 4.107350387313601914e-02
1.538055342546576412e+03 9.816174831255409572e+02 -4.379510821007369259e+01 0.000000000000000000e+00 0.000000000000000000e+00 -7.934242773032451623e-03
1.339806147579306071e+03 8.029790492958961750e+02 -3.734709634740863038e+01 0.000000000000000000e+00 0.000000000000000000e+00 -3.504959256820683322e-02
1.151793466511653378e+03 5.570954778296851373e+02 -3.156924892699762353e+01 0.000000000000000000e+00 0.000000000000000000e+00 3.219026693023963048e-02
1.517122591235172649e+03 5.612662721515156363e+02 -3.929605422500465295e+01 0.000000000000000000e+00 0.000000000000000000e+00 -5.944482255462446574e-02
1.162522264175694772e+03 2.198683617823256498e+02 -3.013693536882105661e+01 0.000000000000000000e+00 0.000000000000000000e+00 5.074850125529550837e-02
1.520159207355970921e+03 2.308623879633214244e+02 -3.776888303757257859e+01 0.000000000000000000e+00 0.000000000000000000e+00 -6.323272831350124079e-02
1.338764085677094499e+03 5.593936170188893442e+01 -3.336744180014314765e+01 0.000000000000000000e+00 0.000000000000000000e+00 -1.850204750016359867e-02
1.198233490519969564e+03 -1.801203825068012350e+02 -3.074397988563161022e+01 0.000000000000000000e+00 0.000000000000000000e+00 -4.152241031986747544e-02
1.569651476493362679e+03 -1.798447603404336235e+02 -3.890891192163219614e+01 0.000000000000000000e+00 0.000000000000000000e+00 -3.228586116961906782e-02
1.179917103920873615e+03 -5.277530908502577631e+02 -3.200145252530375473e+01 0.000000000000000000e+00 0.000000000000000000e+00 5.722019224612040489e-02
1.539443740371296371e+03 -5.320762178647306655e+02 -3.981085654276715502e+01 0.000000000000000000e+00 0.000000000000000000e+00 1.210635265583448472e-02
1.348633097231188003e+03 -7.008170767459198487e+02 -3.677945749577379075e+01 0.000000000000000000e+00 0.000000000000000000e+00 2.358504512433512446e-02
1.184615775169691005e+03 -9.515225062035108294e+02 -3.614406088152304619e+01 0.000000000000000000e+00 0.000000000000000000e+00 5.153932352631329650e-02
1.532855655664703363e+03 -9.449672879134741379e+02 -4.359340859072352714e+01 0.000000000000000000e+00 0.000000000000000000e+00 -2.697925101024623018e-03
1.170627296695890664e+03 -1.283316110925564089e+03 -4.066324443306575631e+01 0.000000000000000000e+00 0.000000000000000000e+00 1.442370209367993539e-01
1.547487363948183884e+03 -1.269486410812573013e+03 -4.857283451576191169e+01 0.000000000000000000e+00 0.000000000000000000e+00 -1.472421113632549350e-03
1.358795738506134967e+03 -1.442746431688149414e+03 -4.724332406916295213e+01 0.000000000000000000e+00 0.000000000000000000e+00 1.626074708056535201e-02
1.193502333944939664e+03 -1.692662234919615230e+03 -4.892370291335458887e+01 0.000000000000000000e+00 0.000000000000000000e+00 8.869100144374897354e-02
1.571607218994120103e+03 -1.687349643079147654e+03 -5.707426401633845359e+01 0.000000000000000000e+00 0.000000000000000000e+00 -7.321845634791657176e-03
1.160678541907748922e+03 -2.027213663810442767e+03 -5.627308414351412580e+01 0.000000000000000000e+00 0.000000000000000000e+00 -1.030366477686328608e-01
1.546674209956295954e+03 -2.014668599109505294e+03 -6.417186709514103882e+01 0.000000000000000000e+00 0.000000000000000000e+00 7.632300112625500788e-02
1.364885526916071285e+03 -2.188446924511414636e+03 -6.465411262573789486e+01 0.000000000000000000e+00 0.000000000000000000e+00 -5.186510595883930819e-02
1.174263297454310987e+03 -2.439895398461467721e+03 -6.822897214436058277e+01 0.000000000000000000e+00 0.000000000000000000e+00 1.622086039580494798e-02
1.563148020046196052e+03 -2.436366663277758562e+03 -7.641143302806915472e+01 0.000000000000000000e+00 0.000000000000000000e+00 2.358206034718079991e-02
1.169706249450403220e+03 -2.777050948965231328e+03 -7.919981858467835423e+01 0.000000000000000000e+00 0.000000000000000000e+00 6.486528594044216334e-02
1.564201497089702116e+03 -2.762396508547813482e+03 -8.700731186343884360e+01 0.000000000000000000e+00 0.000000000000000000e+00 -7.527587674346136737e-03
1.364179144405152783e+03 -2.940264635959217685e+03 -8.879670752179957560e+01 0.000000000000000000e+00 0.000000000000000000e+00 5.158187320442664259e-02
1.167969160256279565e+03 -3.187472440005945373e+03 -9.433762848508060017e+01 0.000000000000000000e+00 0.000000000000000000e+00 2.688339095629999065e-02
1.539140019807708313e+03 -3.187927290404712494e+03 -1.019724957829572816e+02 0.000000000000000000e+00 0.000000000000000000e+00 3.343124790531248891e-02
5.193211428692007985e+02 -3.138321881597068113e+03 -8.403406712394746592e+01 0.000000000000000000e+00 0.000000000000000000e+00 1.122546833813942158e-02
8.956005200610638894e+02 -3.130965199889334144e+03 -8.784100231743695986e+01 0.000000000000000000e+00 0.000000000000000000e+00 3.799412536957902375e-02
7.060615953858600733e+02 -2.881590742412343843e+03 -7.615907473384703508e+01 0.000000000000000000e+00 0.000000000000000000e+00 6.862559528144629439e-02
5.557279830809030727e+02 -2.744387966046790098e+03 -6.982780064377149642e+01 0.000000000000000000e+00 0.000000000000000000e+00 6.288605392715851394e-02
8.635949275358226487e+02 -2.758046320240560362e+03 -7.370924003543214553e+01 0.000000000000000000e+00 0.000000000000000000e+00 1.201770704703477577e-01
5.279464941566259313e+02 -2.443837627731132216e+03 -5.971124789139510369e+01 0.000000000000000000e+00 0.000000000000000000e+00 6.096507380686944089e-02
8.970886243343553588e+02 -2.446716573651886847e+03 -6.394056984606109495e+01 0.000000000000000000e+00 0.000000000000000000e+00 1.578108241218245666e-01
6.982311400724144050e+02 -2.207089487145769908e+03 -5.433912980889066091e+01 0.000000000000000000e+00 0.000000000000000000e+00 -2.753517695381901831e-04
5.151641346101168892e+02 -2.025419891012022390e+03 -4.765062411950746935e+01 0.000000000000000000e+00 0.000000000000000000e+00 1.131406764784514962e-02
8.656775156189276004e+02 -2.032289354536480232e+03 -5.167444502807077100e+01 0.000000000000000000e+00 0.000000000000000000e+00 -4.808067363451584697e-02
5.042737432437788812e+02 -1.702824084911989985e+03 -3.982396166891173550e+01 0.000000000000000000e+00 0.000000000000000000e+00 -6.811729960325862976e-03
8.498207193522596299e+02 -1.693220651351128026e+03 -4.335033194443526838e+01 0.000000000000000000e+00 0.000000000000000000e+00 1.505769669602585736e-02
6.878425339972760639e+02 -1.444767941311257800e+03 -3.633555865381489269e+01 0.000000000000000000e+00 0.000000000000000000e+00 4.568241258512983904e-02
4.983802211733113836e+02 -1.287696090300520609e+03 -3.176112480485253542e+01 0.000000000000000000e+00 0.000000000000000000e+00 -7.657919367961341095e-02
8.500998574511406787e+02 -1.263818466818006073e+03 -3.516965004398577577e+01 0.000000000000000000e+00 0.000000000000000000e+00 -3.746536046622139793e-02
4.996239011756667310e+02 -9.500370889236230596e+02 -2.688543131293851474e+01 0.000000000000000000e+00 0.000000000000000000e+00 7.553323459227101466e-03
8.737380410977143583e+02 -9.591400210630793026e+02 -3.112119070890992134e+01 0.000000000000000000e+00 0.000000000000000000e+00 8.002273905463042070e-02
6.766327182096435990e+02 -7.053446741226782706e+02 -2.593930048872658745e+01 0.000000000000000000e+00 0.000000000000000000e+00 4.685863297626724489e-02
4.968684492361128378e+02 -5.324693173396361772e+02 -2.286191168923449268e+01 0.000000000000000000e+00 0.000000000000000000e+00 8.447004674412283975e-03
8.645742885641391240e+02 -5.309755628292659821e+02 -2.686831233744904424e+01 0.000000000000000000e+00 0.000000000000000000e+00 3.522956406545318941e-03
4.974677906672245626e+02 -2.051340655828645367e+02 -2.130723697283899298e+01 0.000000000000000000e+00 0.000000000000000000e+00 5.532764078407836905e-02
8.548330144559704422e+02 -2.059873376006485444e+02 -2.518114749840438549e+01 0.000000000000000000e+00 0.000000000000000000e+00 4.069748239790982325e-02
6.784168578581392239e+02 1.024797735316857938e+02 -2.280091721142958860e+01 0.000000000000000000e+00 0.000000000000000000e+00 8.995915448210212162e-03
4.807191723337676876e+02 2.157929716856866094e+02 -2.119681599827235630e+01 0.000000000000000000e+00 0.000000000000000000e+00 -3.902430880714646833e-02
8.616668651889767716e+02 2.300572065394673871e+02 -2.531908832470771387e+01 0.000000000000000000e+00 0.000000000000000000e+00 -5.902646991835069912e-02
4.877178413320970662e+02 5.473913385940087437e+02 -2.285753571994727906e+01 0.000000000000000000e+00 0.000000000000000000e+00 -1.224817878306794228e-02
8.615826913992128766e+02 5.493352374642543055e+02 -2.688262268174456793e+01 0.000000000000000000e+00 0.000000000000000000e+00 -4.137926604878572334e-02
6.650744350767431570e+02 7.972200059945106432e+02 -2.660449721095734787e+01 0.000000000000000000e+00 0.000000000000000000e+00 -5.131169603582108607e-02
4.805598158278032770e+02 9.618895677439884366e+02 -2.675456690483227362e+01 0.000000000000000000e+00 0.000000000000000000e+00 -9.888088227928903962e-02
8.586050690975749831e+02 9.721319611875248938e+02 -3.088081662147925499e+01 0.000000000000000000e+00 0.000000000000000000e+00 -7.801536304745226857e-02
4.744542523063375370e+02 1.300403715227462271e+03 -3.151378898074566592e+01 0.000000000000000000e+00 0.000000000000000000e+00 -4.852334398462687659e-02
8.424912979781436206e+02 1.307665193910661628e+03 -3.544164176361571350e+01 0.000000000000000000e+00 0.000000000000000000e+00 -5.160970342110715592e-02
6.590682259610971414e+02 1.537298215758131846e+03 -3.734544390099210887e+01 0.000000000000000000e+00 0.000000000000000000e+00 -6.643471167564030111e-02
4.757047756443582784e+02 1.719452537260624240e+03 -3.939864598461163325e+01 0.000000000000000000e+00 0.000000000000000000e+00 -3.840077159497923276e-02
8.532807156822456136e+02 1.713345805110520814e+03 -4.318164684696807853e+01 0.000000000000000000e+00 0.000000000000000000e+00 -7.530313107523767258e-02
4.820368247831153212e+02 2.046314450843402255e+03 -4.703962265228303608e+01 0.000000000000000000e+00 0.000000000000000000e+00 -4.745119901077998747e-02
8.527386842763081631e+02 2.049817126577362160e+03 -5.095834446928977002e+01 0.000000000000000000e+00 0.000000000000000000e+00 -3.747378960343183962e-02
6.466877509017664352e+02 2.295814188539579845e+03 -5.510693074321433471e+01 0.000000000000000000e+00 0.000000000000000000e+00 -4.951481865760598566e-02
4.765075027440572626e+02 2.465366156634195704e+03 -5.855231378137907683e+01 0.000000000000000000e+00 0.000000000000000000e+00 -4.632051856388130773e-02
8.608757299501032776e+02 2.470067233056058285e+03 -6.263367467773383623e+01 0.000000000000000000e+00 0.000000000000000000e+00 1.041332695582042334e-02
