# x y z x_res y_res z_res
-1.876153814828970781e+03 3.242057575037377774e+03 -1.097601769622715722e+02 0.000000000000000000e+00 0.000000000000000000e+00 6.421683741702111092e-02
-1.888540216440771246e+03 2.805633550443664262e+03 -9.461352813151896157e+01 0.000000000000000000e+00 0.000000000000000000e+00 3.316263505595884453e-03
-1.853745973248505152e+03 3.189538195131015982e+03 -1.071672830889672525e+02 0.000000000000000000e+00 0.000000000000000000e+00 3.265846698312202534e-03
-2.264338421996384568e+03 3.222469569576687718e+03 -1.208769406746415171e+02 0.000000000000000000e+00 0.000000000000000000e+00 3.388735754226956942e-02
-2.241136873043974902e+03 2.858416660554574719e+03 -1.072278237066022513e+02 0.000000000000000000e+00 0.000000000000000000e+00 3.143137298152964831e-02
-2.070023950408607561e+03 3.066060508126569403e+03 -1.089438144544992895e+02 0.000000000000000000e+00 0.000000000000000000e+00 4.404897630348614257e-02
-1.589356104896835632e+03 3.226094093382872416e+03 -1.017798551727999552e+02 0.000000000000000000e+00 0.000000000000000000e+00 1.586159707913736838e-02
-1.589117727921404594e+03 2.827803313868432724e+03 -8.753747315912217175e+01 0.000000000000000000e+00 0.000000000000000000e+00 6.855180769626656456e-02
-1.409408775591787162e+03 3.091830452434605377e+03 -9.275341474777843587e+01 0.000000000000000000e+00 0.000000000000000000e+00 -3.950905832880380331e-03
-1.205111774346239599e+03 3.226714305074805452e+03 -9.379367540015059035e+01 0.000000000000000000e+00 0.000000000000000000e+00 -1.569509754595799222e-02
-1.211057876538513710e+03 2.842643415278944303e+03 -8.005647843306437039e+01 0.000000000000000000e+00 0.000000000000000000e+00 -2.806030063962339227e-02
-9.115727376756645981e+02 2.808145076178862382e+03 -7.407591704536451971e+01 0.000000000000000000e+00 0.000000000000000000e+00 -3.704970443941135727e-02
-9.200497397543347233e+02 3.248931259582609073e+03 -9.010930226695205647e+01 0.000000000000000000e+00 0.000000000000000000e+00 -4.216467461341721901e-02
-7.333052629048027029e+02 3.077501068226171810e+03 -8.134109051654601785e+01 0.000000000000000000e+00 0.000000000000000000e+00 -4.484815757969329297e-02
-5.489717885378495339e+02 2.843276601245277561e+03 -7.124715780117993802e+01 0.000000000000000000e+00 0.000000000000000000e+00 -2.950152822980101064e-02
-5.448959958829952939e+02 3.234977663330705127e+03 -8.544708815662912116e+01 0.000000000000000000e+00 0.000000000000000000e+00 -2.444985893859552561e-03
-2.517803413083805708e+02 3.251121279019039775e+03 -8.431386045076261837e+01 0.000000000000000000e+00 0.000000000000000000e+00 1.707055095458542837e-02
-2.585041611150697349e+02 2.845561861349963237e+03 -6.954215342304587466e+01 0.000000000000000000e+00 0.000000000000000000e+00 -4.321961156634301915e-03
-4.271762027521372573e+01 3.121427485572134174e+03 -7.892200028276177193e+01 0.000000000000000000e+00 0.000000000000000000e+00 1.100128558888968655e-02
1.689030015833393463e+02 3.284804287589826799e+03 -8.536106356102961001e+01 0.000000000000000000e+00 0.000000000000000000e+00 -3.390230167049423926e-02
1.361498683718349980e+02 2.879695238376459656e+03 -7.035112291139010665e+01 0.000000000000000000e+00 0.000000000000000000e+00 -2.287293164728509964e-02
5.029230072025175673e+02 3.241330623787279364e+03 -8.536107940944965833e+01 0.000000000000000000e+00 0.000000000000000000e+00 -1.715189543256201432e-02
5.010374764611320302e+02 2.844462060812070376e+03 -7.090519842371124071e+01 0.000000000000000000e+00 0.000000000000000000e+00 -1.622980329576364511e-01
6.307843092166760925e+02 3.054141331828897819e+03 -7.943068466231076741e+01 0.000000000000000000e+00 0.000000000000000000e+00 -3.210746856704815855e-02
8.341010031999626335e+02 3.229642759871522230e+03 -8.823773344656373752e+01 0.000000000000000000e+00 0.000000000000000000e+00 -5.088152261228628959e-02
8.423420572465083751e+02 2.870637441106845927e+03 -7.528325063232198033e+01 0.000000000000000000e+00 0.000000000000000000e+00 -4.376983147950852526e-02
4.633200693780917732e+02 2.789742711211390997e+03 -6.877269773030270983e+01 0.000000000000000000e+00 0.000000000000000000e+00 -1.255006952744963655e-01
8.549458299591487958e+02 2.796603104902480027e+03 -7.292836140635206732e+01 0.000000000000000000e+00 0.000000000000000000e+00 4.347826486718986416e-02
6.263599981356993567e+02 3.043961474860976068e+03 -7.901780841161045998e+01 0.000000000000000000e+00 0.000000000000000000e+00 -1.494941590195253411e-03
4.616721420339709425e+02 3.205312986810187795e+03 -8.368039937025027086e+01 0.000000000000000000e+00 0.000000000000000000e+00 -5.815210615352839341e-03
1.117217283524918685e+03 2.874065959656964878e+03 -7.947802092969898524e+01 0.000000000000000000e+00 0.000000000000000000e+00 -3.328051423167721623e-02
1.108636768284605068e+03 3.240679380118761856e+03 -9.265761536357399564e+01 0.000000000000000000e+00 0.000000000000000000e+00 -5.914221856693302470e-02
1.299477025830765797e+03 3.108614026792836739e+03 -9.113818356970827494e+01 0.000000000000000000e+00 0.000000000000000000e+00 -3.385614295856953504e-02
1.497707671859197035e+03 2.874587275945820238e+03 -8.699895304763703052e+01 0.000000000000000000e+00 0.000000000000000000e+00 -4.860766112852843435e-02
1.492205891207850073e+03 3.231968712349631915e+03 -9.977391751401620468e+01 0.000000000000000000e+00 0.000000000000000000e+00 -1.592905607616046382e-02
1.778410472299268804e+03 3.255980740421799055e+03 -1.076430922920846882e+02 0.000000000000000000e+00 0.000000000000000000e+00 2.566161565839308878e-02
1.776467917114412103e+03 2.881656073213096079e+03 -9.409073842667530130e+01 0.000000000000000000e+00 0.000000000000000000e+00 -2.801570981520740133e-02
1.958910588252663274e+03 3.082897662668511657e+03 -1.062287741422438216e+02 0.000000000000000000e+00 0.000000000000000000e+00 6.419155642447549326e-03
2.157618794300587979e+03 3.246208030295959361e+03 -1.182964863867491374e+02 0.000000000000000000e+00 0.000000000000000000e+00 3.342189400069628391e-02
2.160081406031321876e+03 2.874202042708372119e+03 -1.051067165902715459e+02 0.000000000000000000e+00 0.000000000000000000e+00 -2.107095695878058450e-02
2.880335241113587927e+03 2.539373893056581437e+03 -1.214232260134925525e+02 0.000000000000000000e+00 0.000000000000000000e+00 -6.766997748925973610e-03
2.684128601986057674e+03 2.375660149112289673e+03 -1.086798909309481189e+02 0.000000000000000000e+00 0.000000000000000000e+00 3.275288946975365434e-01
2.508744675537352578e+03 2.508535231186769124e+03 -1.056967230962495705e+02 0.000000000000000000e+00 0.000000000000000000e+00 5.535493752026354741e-02
2.471044473180856585e+03 2.144789076066393591e+03 -9.435355793030132077e+01 0.000000000000000000e+00 0.000000000000000000e+00 7.582020633824981815e-02
2.842615130904232501e+03 2.138147117572115803e+03 -1.089436721307161662e+02 0.000000000000000000e+00 0.000000000000000000e+00 8.960899050994441950e-02
2.202728700966414635e+03 2.082830142240597525e+03 -8.334476758958949461e+01 0.000000000000000000e+00 0.000000000000000000e+00 6.095813017221018981e-02
2.003826584630631260e+03 2.324398433574380306e+03 -8.335254523247247960e+01 0.000000000000000000e+00 0.000000000000000000e+00 -7.395777164568073658e-02
2.010948114528664746e+03 2.324306019985309831e+03 -8.356616371770157059e+01 0.000000000000000000e+00 0.000000000000000000e+00 -4.575288837814639464e-02
1.841433458936253373e+03 2.510271558385752087e+03 -8.398440468522306901e+01 0.000000000000000000e+00 0.000000000000000000e+00 -3.713027848174021983e-02
2.163304314969116604e+03 2.547464535061855258e+03 -9.479767508968279799e+01 0.000000000000000000e+00 0.000000000000000000e+00 -2.226531592465619269e-02
1.841728860716535110e+03 2.101347740385649558e+03 -7.271599584770999058e+01 0.000000000000000000e+00 0.000000000000000000e+00 3.846692950170904624e-02
1.824460788328162153e+03 1.800588058665165136e+03 -6.516003329455109849e+01 0.000000000000000000e+00 0.000000000000000000e+00 -3.687329543225814632e-02
2.188054637606056076e+03 1.801264023772529072e+03 -7.632967352376202541e+01 0.000000000000000000e+00 0.000000000000000000e+00 3.963480476198810720e-02
2.033288408338559975e+03 1.603089300658505181e+03 -6.728353828513557744e+01 0.000000000000000000e+00 0.000000000000000000e+00 4.568007665746165458e-02
1.843524548397548870e+03 1.372529707429678865e+03 -5.746275401022865026e+01 0.000000000000000000e+00 0.000000000000000000e+00 -4.511054146868787029e-02
2.199073221902740897e+03 1.385902684451009918e+03 -6.875948741995924252e+01 0.000000000000000000e+00 0.000000000000000000e+00 6.980964006656620313e-02
2.498386509322628172e+03 1.798053216892682030e+03 -8.729807470725849328e+01 0.000000000000000000e+00 0.000000000000000000e+00 -4.550263775726648419e-03
2.834934158677902815e+03 1.804281601644062448e+03 -1.009356220106999587e+02 0.000000000000000000e+00 0.000000000000000000e+00 4.258876886494533665e-02
2.657429591176367921e+03 1.641491509889179952e+03 -9.031025999196384646e+01 0.000000000000000000e+00 0.000000000000000000e+00 3.749845111597949199e-02
2.478376571745847286e+03 1.384570886268167214e+03 -7.872888951460582518e+01 0.000000000000000000e+00 0.000000000000000000e+00 7.361216266784254003e-02
2.817712469440833956e+03 1.367744474968557370e+03 -9.208739179535882613e+01 0.000000000000000000e+00 0.000000000000000000e+00 -1.753833542589688932e-02
2.851986555280962875e+03 1.056745561929465794e+03 -8.913714920130212249e+01 0.000000000000000000e+00 0.000000000000000000e+00 2.909699468844451076e-03
2.518497616725594980e+03 1.038891695646293783e+03 -7.527868777252615473e+01 0.000000000000000000e+00 0.000000000000000000e+00 -5.961743025906685034e-03
2.655602643079787867e+03 8.803755952801332114e+02 -7.890444481657151243e+01 0.000000000000000000e+00 0.000000000000000000e+00 5.941842742116421050e-02
2.519142504781123080e+03 6.258492383285567939e+02 -7.123671325198888837e+01 0.000000000000000000e+00 0.000000000000000000e+00 -4.289618742006950924e-03
2.852376865899469067e+03 6.444841403302172012e+02 -8.507253670839067183e+01 0.000000000000000000e+00 0.000000000000000000e+00 3.784720264144425528e-02
2.217784003202206350e+03 1.025357040992685370e+03 -6.416718315445254461e+01 0.000000000000000000e+00 0.000000000000000000e+00 3.206894525685299868e-02
1.848885525135576927e+03 1.016717940718864725e+03 -5.243879547497871840e+01 0.000000000000000000e+00 0.000000000000000000e+00 1.249193653700331197e-02
2.010530227828863417e+03 8.845015138147550715e+02 -5.576000735056410917e+01 0.000000000000000000e+00 0.000000000000000000e+00 2.230038184459459671e-02
1.847425761689123647e+03 6.235008927922966677e+02 -4.846751478883420816e+01 0.000000000000000000e+00 0.000000000000000000e+00 7.636717181507179930e-02
2.230173067791055928e+03 6.319299960362648108e+02 -6.068333869092057853e+01 0.000000000000000000e+00 0.000000000000000000e+00 9.346454840218854088e-02
2.220971322237133791e+03 2.933779085803323596e+02 -5.851870584741033099e+01 0.000000000000000000e+00 0.000000000000000000e+00 5.374703589778562218e-02
1.862317784236902753e+03 2.697986743439720954e+02 -4.699818611292928949e+01 0.000000000000000000e+00 0.000000000000000000e+00 5.051795542335213440e-02
2.040210999482660100e+03 1.237769771298738277e+02 -5.211206844750955014e+01 0.000000000000000000e+00 0.000000000000000000e+00 8.498856946002320001e-02
2.043641617790894770e+03 1.203221411169730146e+02 -5.221727813067108315e+01 0.000000000000000000e+00 0.000000000000000000e+00 4.646754584216239437e-02
2.204210940013358140e+03 -1.271295046996672227e+02 -5.762352325357012006e+01 0.000000000000000000e+00 0.000000000000000000e+00 1.648206941041436835e-01
1.851085597835391127e+03 -1.417528539147850779e+02 -4.642602480097899331e+01 0.000000000000000000e+00 0.000000000000000000e+00 6.715335263422872458e-02
2.487650116200334196e+03 2.863447045337341024e+02 -6.823016071630596002e+01 0.000000000000000000e+00 0.000000000000000000e+00 8.408773616260134531e-02
2.857067577375122255e+03 3.023649844293679507e+02 -8.344336407824732760e+01 0.000000000000000000e+00 0.000000000000000000e+00 1.077971840753946253e-01
2.677522465362004368e+03 1.385270102856262042e+02 -7.545283568734234336e+01 0.000000000000000000e+00 0.000000000000000000e+00 1.587670164328756073e-01
2.859953170173723265e+03 -1.186515995771716518e+02 -8.326644330941613248e+01 0.000000000000000000e+00 0.000000000000000000e+00 2.009384297932115260e-01
2.501389833718581940e+03 -1.151559700148334713e+02 -6.847047820174080357e+01 0.000000000000000000e+00 0.000000000000000000e+00 1.786313528110099469e-01
2.870612516531064102e+03 -4.373224106593566489e+02 -8.494402374502220709e+01 0.000000000000000000e+00 0.000000000000000000e+00 1.846031469710140982e-01
2.894202411793879946e+03 -5.229820349724996049e+02 -8.652026240820669045e+01 0.000000000000000000e+00 0.000000000000000000e+00 -2.583052089352122493e-02
2.491139576599563043e+03 -5.340538253098593486e+02 -6.989933626685771628e+01 0.000000000000000000e+00 0.000000000000000000e+00 -2.106594973145092808e-02
2.666223229159581479e+03 -6.625219220090399403e+02 -7.786760429985486098e+01 0.000000000000000000e+00 0.000000000000000000e+00 -4.021010508968458907e-02
2.541407996282490785e+03 -9.051978435134786878e+02 -7.528951930806871928e+01 0.000000000000000000e+00 0.000000000000000000e+00 -1.105083119210803488e-02
2.843948892788562262e+03 -8.870674212451950780e+02 -8.759888899708224130e+01 0.000000000000000000e+00 0.000000000000000000e+00 4.819253804356549153e-03
2.224502277235416841e+03 -5.173677299056164429e+02 -6.000613085710186567e+01 0.000000000000000000e+00 0.000000000000000000e+00 -3.103180720091103240e-02
1.823952771077625584e+03 -5.242458703193209431e+02 -4.732677137468462547e+01 0.000000000000000000e+00 0.000000000000000000e+00 -9.788869284221846101e-05
2.029951219184341426e+03 -6.944468635599456547e+02 -5.491887843078490050e+01 0.000000000000000000e+00 0.000000000000000000e+00 1.415277182318419591e-02
1.833710398381331061e+03 -9.501595680251555223e+02 -5.166524914686237935e+01 0.000000000000000000e+00 0.000000000000000000e+00 1.104729187944641922e-01
2.210701824458606552e+03 -9.487671041989714240e+02 -6.360509761858935462e+01 0.000000000000000000e+00 0.000000000000000000e+00 -2.559987580559663911e-02
1.843330994942037478e+03 -1.274126775480831157e+03 -5.656332769101871349e+01 0.000000000000000000e+00 0.000000000000000000e+00 1.622951408458561673e-02
2.241705326494734891e+03 -1.264971225839322869e+03 -6.914170338845758579e+01 0.000000000000000000e+00 0.000000000000000000e+00 -5.053235203446604373e-02
2.024188030664400912e+03 -1.436401183547754499e+03 -6.485007087544821047e+01 0.000000000000000000e+00 0.000000000000000000e+00 -4.924457272053928136e-02
1.841365948198172646e+03 -1.688278694213002836e+03 -6.432275579044855363e+01 0.000000000000000000e+00 0.000000000000000000e+00 1.817541365451802449e-02
2.232122552370283756e+03 -1.684434063314088235e+03 -7.662647459267337524e+01 0.000000000000000000e+00 0.000000000000000000e+00 2.614723582942701796e-02
2.539147731960224064e+03 -1.254702109711019148e+03 -7.998360744723049720e+01 0.000000000000000000e+00 0.000000000000000000e+00 -1.040202097840818851e-01
2.856121664196515212e+03 -1.253561831227938683e+03 -9.305743427324046024e+01 0.000000000000000000e+00 0.000000000000000000e+00 -8.385799391348314202e-03
2.693303131397201014e+03 -1.435955537825717101e+03 -8.923109640906126572e+01 0.000000000000000000e+00 0.000000000000000000e+00 -1.134040360390997648e-02
2.511955794603092727e+03 -1.696896348175595222e+03 -8.711037541669603002e+01 0.000000000000000000e+00 0.000000000000000000e+00 -1.138525401272403315e-01
2.900806150876572701e+03 -1.678268152538016466e+03 -1.027194980063153054e+02 0.000000000000000000e+00 0.000000000000000000e+00 4.452491764084243187e-05
2.896460132254702330e+03 -2.013505927047418027e+03 -1.100964485102694965e+02 0.000000000000000000e+00 0.000000000000000000e+00 -2.203528210326055614e-02
2.518915592900112642e+03 -2.020552278041846193e+03 -9.484390838925662592e+01 0.000000000000000000e+00 0.000000000000000000e+00 -5.901151318002462176e-02
2.733772089891490850e+03 -2.178930950076279260e+03 -1.074496262952641530e+02 0.000000000000000000e+00 0.000000000000000000e+00 -5.237878605630896800e-02
2.528695643639231548e+03 -2.442791831489711967e+03 -1.067646786154038381e+02 0.000000000000000000e+00 0.000000000000000000e+00 2.397489948894815370e-02
2.908177864619824504e+03 -2.423198992287218061e+03 -1.215572502977502864e+02 0.000000000000000000e+00 0.000000000000000000e+00 -2.329296689254078956e-03
2.231973089676211202e+03 -2.017748721838490610e+03 -8.435049155920103203e+01 0.000000000000000000e+00 0.000000000000000000e+00 -9.009747018697567000e-02
1.849259634288807774e+03 -2.029151403070333799e+03 -7.256417561898011570e+01 0.000000000000000000e+00 0.000000000000000000e+00 -4.656807373048366117e-02
2.066277138408017436e+03 -2.186728823875353555e+03 -8.330319992005848917e+01 0.000000000000000000e+00 0.000000000000000000e+00 -8.514380831164203300e-02
1.850092095707172120e+03 -2.445245235333989513e+03 -8.424822581230523610e+01 0.000000000000000000e+00 0.000000000000000000e+00 -2.886347544371403728e-02
2.247909012231059023e+03 -2.437836919601285445e+03 -9.648702130804359456e+01 0.000000000000000000e+00 0.000000000000000000e+00 -1.153413142067449826e-01
2.232845972709225862e+03 -2.769238791327389208e+03 -1.065172720677469442e+02 0.000000000000000000e+00 0.000000000000000000e+00 -3.598572251455323112e-02
1.862046146581704761e+03 -2.769688043126688626e+03 -9.505462687978906899e+01 0.000000000000000000e+00 0.000000000000000000e+00 5.081615743097245286e-02
2.034670226496097939e+03 -2.933292794218567451e+03 -1.058390733923895652e+02 0.000000000000000000e+00 0.000000000000000000e+00 -4.426140273037049155e-02
1.852963727003351323e+03 -3.205031779290197846e+03 -1.106266749647775072e+02 0.000000000000000000e+00 0.000000000000000000e+00 -1.144920417329018392e-01
2.240820483917136244e+03 -3.185756031087965312e+03 -1.216691659252370670e+02 0.000000000000000000e+00 0.000000000000000000e+00 -1.602913648300585692e-01
-1.891279965623067483e+03 2.473557125395961521e+03 -8.430031200906431366e+01 0.000000000000000000e+00 0.000000000000000000e+00 1.172175368544969842e-02
-2.201917855992343448e+03 2.440480260230968270e+03 -9.291131366000229264e+01 0.000000000000000000e+00 0.000000000000000000e+00 4.987299710137449438e-03
-2.066611092225203720e+03 2.349567988460758897e+03 -8.598291532757281175e+01 0.000000000000000000e+00 0.000000000000000000e+00 -4.739495626492384872e-02
-1.892680314228516409e+03 2.091826717813308278e+03 -7.392628570566668600e+01 0.000000000000000000e+00 0.000000000000000000e+00 7.773396381566044511e-03
-2.220251964363355000e+03 2.099550680385958458e+03 -8.434732741113226950e+01 0.000000000000000000e+00 0.000000000000000000e+00 -7.037844628356992871e-03
-2.267496574367819903e+03 2.498271650229523857e+03 -9.679307875376903780e+01 0.000000000000000000e+00 0.000000000000000000e+00 2.041409343969746715e-02
-2.511155750175450066e+03 2.499019507009427798e+03 -1.055081266816263081e+02 0.000000000000000000e+00 0.000000000000000000e+00 4.840280581007050387e-02
-2.526176161600180421e+03 2.096390655602877814e+03 -9.521302142559115111e+01 0.000000000000000000e+00 0.000000000000000000e+00 5.103817893781581461e-02
-2.688589987592562466e+03 2.318808960023497548e+03 -1.073011979493486621e+02 0.000000000000000000e+00 0.000000000000000000e+00 1.946571274106645433e-02
-2.845325711629338002e+03 2.457081720370395033e+03 -1.175681181848192409e+02 0.000000000000000000e+00 0.000000000000000000e+00 2.471373981992996960e-02
-2.890884409143321136e+03 2.082522616577059580e+03 -1.096348619941588822e+02 0.000000000000000000e+00 0.000000000000000000e+00 1.784071863363578814e-02
-2.504345314440507082e+03 1.773065116896159452e+03 -8.699495631856456157e+01 0.000000000000000000e+00 0.000000000000000000e+00 3.529407643489435031e-02
-2.887911256462328765e+03 1.762561375713687767e+03 -1.023350001795103736e+02 0.000000000000000000e+00 0.000000000000000000e+00 4.091592425793066923e-02
-2.699496144432897381e+03 1.608083641366285292e+03 -9.137113526695104326e+01 0.000000000000000000e+00 0.000000000000000000e+00 1.265590206590161415e-02
-2.519213096869454603e+03 1.356009716913225247e+03 -7.981842031420043782e+01 0.000000000000000000e+00 0.000000000000000000e+00 2.625269630476623206e-02
-2.895368195243094760e+03 1.361151960076715341e+03 -9.532731774903899691e+01 0.000000000000000000e+00 0.000000000000000000e+00 -1.492308213335036271e-02
-2.212992968594614467e+03 1.769018482523795228e+03 -7.647709408981890533e+01 0.000000000000000000e+00 0.000000000000000000e+00 -2.000349486378638630e-02
-1.827959402595939764e+03 1.761354307064945942e+03 -6.441310937658715829e+01 0.000000000000000000e+00 0.000000000000000000e+00 3.484103726894716146e-02
-2.026788385159017480e+03 1.598767067264914658e+03 -6.699759246669123058e+01 0.000000000000000000e+00 0.000000000000000000e+00 4.278721063141688319e-02
-1.852482617226288539e+03 1.352392019833023824e+03 -5.738515379586961984e+01 0.000000000000000000e+00 0.000000000000000000e+00 -1.124937490332911239e-02
-2.239509124859780059e+03 1.336342036094308924e+03 -6.932626849600022467e+01 0.000000000000000000e+00 0.000000000000000000e+00 -5.981611929223618063e-02
-1.831038090418614047e+03 1.015875519051145716e+03 -5.191739763094675197e+01 0.000000000000000000e+00 0.000000000000000000e+00 -4.074097637420948104e-03
-2.207568406110833166e+03 1.002021208195164945e+03 -6.353380844789729309e+01 0.000000000000000000e+00 0.000000000000000000e+00 -3.418615146253500825e-02
-2.034893304524297946e+03 8.523281961610629196e+02 -5.618720955306501708e+01 0.000000000000000000e+00 0.000000000000000000e+00 -1.622874865716283921e-02
-1.855581195060972050e+03 5.983944824315698270e+02 -4.851746060421024254e+01 0.000000000000000000e+00 0.000000000000000000e+00 2.426090072282249821e-02
-2.248622717719345928e+03 5.998559559000848367e+02 -6.108862613828723909e+01 0.000000000000000000e+00 0.000000000000000000e+00 2.347690152970471900e-02
-2.503100533009971969e+03 9.465757603045877886e+02 -7.359837994921704762e+01 0.000000000000000000e+00 0.000000000000000000e+00 5.318726899190551194e-03
-2.847758399746762279e+03 9.445925750355468153e+02 -8.764273291948398992e+01 0.000000000000000000e+00 0.000000000000000000e+00 -3.734479458749717651e-02
-2.712078918516129761e+03 7.814094472117092209e+02 -8.025473479064363858e+01 0.000000000000000000e+00 0.000000000000000000e+00 -9.596189654017450721e-02
-2.512506763678312836e+03 5.879280682709971870e+02 -7.071000622447733974e+01 0.000000000000000000e+00 0.000000000000000000e+00 -3.547792171764285740e-02
-2.886243429028563241e+03 5.968183702505790507e+02 -8.621150838046241915e+01 0.000000000000000000e+00 0.000000000000000000e+00 -1.617844891835318322e-02
-1.838583298702377988e+03 2.658953850813450686e+02 -4.629638583358263304e+01 0.000000000000000000e+00 0.000000000000000000e+00 -8.087485163059682236e-02
-2.174143474105471796e+03 2.433515165920858294e+02 -5.676292111490443659e+01 0.000000000000000000e+00 0.000000000000000000e+00 5.673778131701823213e-02
-2.029643449979342222e+03 1.057137306085238748e+02 -5.175390897381762301e+01 0.000000000000000000e+00 0.000000000000000000e+00 -1.422285918019383644e-02
-1.832882795148701234e+03 -1.417885094117299900e+02 -4.589805761332831224e+01 0.000000000000000000e+00 0.000000000000000000e+00 -8.452821370575236415e-03
-2.193094579100492410e+03 -1.517685788461874381e+02 -5.729163980623319219e+01 0.000000000000000000e+00 0.000000000000000000e+00 -3.746051842734487991e-02
-2.469652298566262743e+03 2.207083964615350737e+02 -6.735700638500932769e+01 0.000000000000000000e+00 0.000000000000000000e+00 -2.641240068608396996e-02
-2.848710975900422000e+03 2.264096768898312462e+02 -8.286477681941092044e+01 0.000000000000000000e+00 0.000000000000000000e+00 -7.247121870619821493e-03
-2.694143469841789283e+03 8.854569946461026575e+01 -7.608790060571340064e+01 0.000000000000000000e+00 0.000000000000000000e+00 4.813073221953345637e-03
-2.512906108977394979e+03 -1.549595150253059614e+02 -6.899726656686145532e+01 0.000000000000000000e+00 0.000000000000000000e+00 1.702893989673270880e-03
-2.866315664513046613e+03 -1.537265828787957958e+02 -8.361746765017751670e+01 0.000000000000000000e+00 0.000000000000000000e+00 2.339484329303331833e-02
-1.823330734010224205e+03 -4.780349724004349810e+02 -4.700683913407000603e+01 0.000000000000000000e+00 0.000000000000000000e+00 3.762221468271320646e-03
-2.186823992791132696e+03 -4.834912682428263793e+02 -5.848615417799121019e+01 0.000000000000000000e+00 0.000000000000000000e+00 3.366004624818685897e-02
-2.023043546101431957e+03 -6.457421687946247175e+02 -5.427677474930743529e+01 0.000000000000000000e+00 0.000000000000000000e+00 2.874531386370904329e-02
-1.839358701014367398e+03 -9.033383550954089287e+02 -5.127050017062288845e+01 0.000000000000000000e+00 0.000000000000000000e+00 1.958750678031861980e-02
-2.203169350567970923e+03 -9.048134754090095839e+02 -6.282375790809622629e+01 0.000000000000000000e+00 0.000000000000000000e+00 -3.318418721146798589e-02
-2.474981984484651093e+03 -5.378529857040422257e+02 -6.930413383610576261e+01 0.000000000000000000e+00 0.000000000000000000e+00 1.977475984958232402e-02
-2.841231379840623049e+03 -5.096711485693342638e+02 -8.410802437513540042e+01 0.000000000000000000e+00 0.000000000000000000e+00 -9.674027351707081834e-03
-2.683193977273552719e+03 -6.592832208926594149e+02 -7.853878554835053194e+01 0.000000000000000000e+00 0.000000000000000000e+00 -9.950943320021110594e-03
-2.496276078000204052e+03 -9.060966346639089579e+02 -7.354252192187969683e+01 0.000000000000000000e+00 0.000000000000000000e+00 5.251349185100195882e-02
-2.871054895274070986e+03 -9.053557586278324152e+02 -8.898910689089933612e+01 0.000000000000000000e+00 0.000000000000000000e+00 -9.620540016243239734e-03
-1.832690025957955186e+03 -1.235915353351851081e+03 -5.564215084321593707e+01 0.000000000000000000e+00 0.000000000000000000e+00 -2.110851276320602210e-03
-2.230366751237654171e+03 -1.248342151725970325e+03 -6.848181392011638025e+01 0.000000000000000000e+00 0.000000000000000000e+00 -2.907996896308873147e-02
-2.027918945562211320e+03 -1.409850329108271126e+03 -6.448781657208969875e+01 0.000000000000000000e+00 0.000000000000000000e+00 -3.479940574793261021e-02
-1.821082519064926828e+03 -1.648577506609133252e+03 -6.289959371896370044e+01 0.000000000000000000e+00 0.000000000000000000e+00 3.749994213293916800e-03
-2.209642022880896093e+03 -1.657153721940130254e+03 -7.527966750248573646e+01 0.000000000000000000e+00 0.000000000000000000e+00 -5.054795026040892481e-02
-2.456124707457673139e+03 -1.229373001353887275e+03 -7.638725970107864782e+01 0.000000000000000000e+00 0.000000000000000000e+00 -4.679429915644561788e-02
-2.860829927625710752e+03 -1.229718574226706096e+03 -9.289244552346539763e+01 0.000000000000000000e+00 0.000000000000000000e+00 -3.657424680680776419e-02
-2.687113317989090319e+03 -1.407411222963670298e+03 -8.846955892624087880e+01 0.000000000000000000e+00 0.000000000000000000e+00 -7.980621238831986375e-02
-2.498199533899074595e+03 -1.656406423423736214e+03 -8.573475375774727070e+01 0.000000000000000000e+00 0.000000000000000000e+00 -5.510897074327658629e-02
-2.834076509357637406e+03 -1.659036967964728774e+03 -9.943312076997312943e+01 0.000000000000000000e+00 0.000000000000000000e+00 -3.819596092201038573e-02
-1.822359096742669180e+03 -1.985844838012232231e+03 -7.069918403724868483e+01 0.000000000000000000e+00 0.000000000000000000e+00 6.817918535601563690e-02
-2.191242436188910688e+03 -1.985566377236901644e+03 -8.215992947952764780e+01 0.000000000000000000e+00 0.000000000000000000e+00 -3.233641603799242148e-03
-2.004119742597164986e+03 -2.159006496065908323e+03 -8.060078468898689152e+01 0.000000000000000000e+00 0.000000000000000000e+00 -1.238203248499161191e-01
-1.820100587923085186e+03 -2.401736788746160983e+03 -8.208625271290901537e+01 0.000000000000000000e+00 0.000000000000000000e+00 1.258900273765561906e-02
-2.197033661739865693e+03 -2.405033332904399231e+03 -9.378889214634104121e+01 0.000000000000000000e+00 0.000000000000000000e+00 2.147890192405554899e-02
-2.461977294215046641e+03 -1.984346725321438726e+03 -9.178684432569627916e+01 0.000000000000000000e+00 0.000000000000000000e+00 -4.299738417414289415e-02
-2.859113048066233205e+03 -1.995725709469185631e+03 -1.080518852969033077e+02 0.000000000000000000e+00 0.000000000000000000e+00 -3.201004962853915004e-02
-2.668073950842209797e+03 -2.149010528958667237e+03 -1.039911028646601352e+02 0.000000000000000000e+00 0.000000000000000000e+00 4.868794731372361184e-02
-2.483391178570632292e+03 -2.398178172419659404e+03 -1.037411089504988126e+02 0.000000000000000000e+00 0.000000000000000000e+00 -2.900763762080771357e-02
-2.848298906129207808e+03 -2.408874118608402114e+03 -1.185926396879837625e+02 0.000000000000000000e+00 0.000000000000000000e+00 -2.838653062832463547e-02
-1.819286138034194437e+03 -2.738944650370320232e+03 -9.281320777097896269e+01 0.000000000000000000e+00 0.000000000000000000e+00 -6.207243605913959072e-03
-2.174527585012693635e+03 -2.733181697474004977e+03 -1.033773056183992907e+02 0.000000000000000000e+00 0.000000000000000000e+00 -1.174507561492532659e-02
-1.994542507544669434e+03 -2.897634845606408362e+03 -1.033590606390025926e+02 0.000000000000000000e+00 0.000000000000000000e+00 3.535165429779851820e-02
-1.825439024813142851e+03 -3.155870169415309647e+03 -1.079832559866526367e+02 0.000000000000000000e+00 0.000000000000000000e+00 2.922407213081612554e-02
-2.191014900825512086e+03 -3.143392715309761570e+03 -1.184446292222300343e+02 0.000000000000000000e+00 0.000000000000000000e+00 1.801244818555858274e-02
-1.186641127824828118e+03 2.529756074040720705e+03 -6.953119066997177811e+01 0.000000000000000000e+00 0.000000000000000000e+00 1.083288492156952998e-02
-1.519097874569721625e+03 2.502768046004721782e+03 -7.555756330745413152e+01 0.000000000000000000e+00 0.000000000000000000e+00 -1.075936981038694285e-02
-1.361369064610911892e+03 2.371228973163862520e+03 -6.824415146398565923e+01 0.000000000000000000e+00 0.000000000000000000e+00 -3.190327933438652508e-03
-1.536666222055736171e+03 2.130039382325937822e+03 -6.557319117328850666e+01 0.000000000000000000e+00 0.000000000000000000e+00 2.127260280244058777e-02
-1.178918956943880403e+03 2.107309476967988303e+03 -5.753021455268300599e+01 0.000000000000000000e+00 0.000000000000000000e+00 -1.862301641218522263e-02
-1.204477745217204074e+03 1.816137229419966843e+03 -5.102476342461117298e+01 0.000000000000000000e+00 0.000000000000000000e+00 -2.476343057118413071e-03
-1.555087151147361510e+03 1.785471652852726947e+03 -5.782758693070286427e+01 0.000000000000000000e+00 0.000000000000000000e+00 3.586293932180240063e-03
-1.371912767013707935e+03 1.621200535900949262e+03 -5.026232143937444619e+01 0.000000000000000000e+00 0.000000000000000000e+00 -1.850319807104483516e-03
-1.189170726681084261e+03 1.388534253858779039e+03 -4.230932484018886441e+01 0.000000000000000000e+00 0.000000000000000000e+00 -2.267187604954301605e-02
-1.569608017350272348e+03 1.375774198831589274e+03 -5.026917815481614582e+01 0.000000000000000000e+00 0.000000000000000000e+00 -1.552015798207406760e-02
-1.187952424160726196e+03 1.028857962611102039e+03 -3.689791033010473598e+01 0.000000000000000000e+00 0.000000000000000000e+00 -4.515616296772151372e-02
-1.556473143882789600e+03 1.014293036208463150e+03 -4.464255052438887361e+01 0.000000000000000000e+00 0.000000000000000000e+00 2.584450651452385728e-02
-1.371074265963127118e+03 8.489078652416685600e+02 -3.848417926114323961e+01 0.000000000000000000e+00 0.000000000000000000e+00 7.815426477286280260e-03
-1.184383253655539193e+03 6.022809131198986279e+02 -3.249834554629021710e+01 0.000000000000000000e+00 0.000000000000000000e+00 1.308543415274954214e-02
-1.556478715446372462e+03 6.076130272929302691e+02 -4.058122596718227726e+01 0.000000000000000000e+00 0.000000000000000000e+00 -3.157431074981786878e-03
-1.185037098393688211e+03 2.896651449523078554e+02 -3.077599307014646968e+01 0.000000000000000000e+00 0.000000000000000000e+00 1.931907052492931598e-02
-1.532141214474125036e+03 2.813091303127876586e+02 -3.821339604513234178e+01 0.000000000000000000e+00 0.000000000000000000e+00 1.451749515058509132e-02
-1.365082842875188362e+03 1.128206268516902213e+02 -3.398617258299150734e+01 0.000000000000000000e+00 0.000000000000000000e+00 2.674439860112443057e-02
-1.171701263924061095e+03 -1.338475241398153912e+02 -3.014609755575588323e+01 0.000000000000000000e+00 0.000000000000000000e+00 1.195815781271036826e-02
-1.549445440489874272e+03 -1.482136526772071647e+02 -3.833912564081907703e+01 0.000000000000000000e+00 0.000000000000000000e+00 3.949595553272899906e-03
-1.157338135320203492e+03 -4.744284353253198105e+02 -3.123354146652489050e+01 0.000000000000000000e+00 0.000000000000000000e+00 2.727148152194658337e-02
-1.534882886684085406e+03 -4.708637877863323524e+02 -3.930011304720088106e+01 0.000000000000000000e+00 0.000000000000000000e+00 5.031752575831660579e-02
-1.346980658381341300e+03 -6.417645834361283050e+02 -3.623076633920760514e+01 0.000000000000000000e+00 0.000000000000000000e+00 4.294173794943390021e-02
-1.520246963900124683e+03 -9.030098181139254621e+02 -4.278804240132566861e+01 0.000000000000000000e+00 0.000000000000000000e+00 1.213193034398472037e-01
-1.185498602523570298e+03 -8.896541542347920313e+02 -3.542513855151869961e+01 0.000000000000000000e+00 0.000000000000000000e+00 -5.510443338202719588e-02
-1.169335146831437669e+03 -1.218627044215752676e+03 -3.959627892528819615e+01 0.000000000000000000e+00 0.000000000000000000e+00 -9.562494632425000418e-02
-1.516677710343434455e+03 -1.228794940164142417e+03 -4.717223267795800723e+01 0.000000000000000000e+00 0.000000000000000000e+00 -1.188709252574682296e-02
-1.360620152977211319e+03 -1.384327160515791547e+03 -4.622201310184937029e+01 0.000000000000000000e+00 0.000000000000000000e+00 -2.144291962400046714e-02
-1.167697387284208844e+03 -1.638055546260699884e+03 -4.727307946534573091e+01 0.000000000000000000e+00 0.000000000000000000e+00 9.072128447317595601e-02
-1.534292882894416380e+03 -1.639253836830715727e+03 -5.513926351479877042e+01 0.000000000000000000e+00 0.000000000000000000e+00 6.179691621689187286e-03
-1.145362517041063256e+03 -1.969611655278676380e+03 -5.452408864709187242e+01 0.000000000000000000e+00 0.000000000000000000e+00 5.028877841766643542e-02
-1.521892036342029542e+03 -1.967566847161759824e+03 -6.238478497761733621e+01 0.000000000000000000e+00 0.000000000000000000e+00 6.643090703797582819e-02
-1.345084244512562464e+03 -2.145303381968502435e+03 -6.304715133008408401e+01 0.000000000000000000e+00 0.000000000000000000e+00 -3.282378425885923434e-02
-1.153840731019051873e+03 -2.388808054409676060e+03 -6.629696220834463816e+01 0.000000000000000000e+00 0.000000000000000000e+00 -1.296700272069983839e-02
-1.525314825250055492e+03 -2.395727388661056921e+03 -7.427143809464455160e+01 0.000000000000000000e+00 0.000000000000000000e+00 8.856424600506329625e-02
-1.522676592263281918e+03 -2.726696278963645000e+03 -8.480584602358808866e+01 0.000000000000000000e+00 0.000000000000000000e+00 3.310945537236875680e-02
-1.154397818957167374e+03 -2.721890988712025319e+03 -7.702631405280041577e+01 0.000000000000000000e+00 0.000000000000000000e+00 9.071961865818423121e-02
-1.356701903178221528e+03 -2.908561731281361062e+03 -8.749304370377186046e+01 0.000000000000000000e+00 0.000000000000000000e+00 -2.944145116897800563e-02
-1.524791236664378175e+03 -3.153414581582442224e+03 -1.003070334521470244e+02 0.000000000000000000e+00 0.000000000000000000e+00 9.529707226164418898e-03
-1.159190589655409440e+03 -3.142373386693612247e+03 -9.242676225708073900e+01 0.000000000000000000e+00 0.000000000000000000e+00 8.013988333009081089e-02
-4.953206522328170536e+02 -3.134631477015710061e+03 -8.370256310349031992e+01 0.000000000000000000e+00 0.000000000000000000e+00 4.665831736934933360e-02
-8.733301927341093460e+02 -3.136761658026001442e+03 -8.776359142048720230e+01 0.000000000000000000e+00 0.000000000000000000e+00 3.303155086625508829e-02
-6.618221067354788829e+02 -2.882683520777613012e+03 -7.572844875626631733e+01 0.000000000000000000e+00 0.000000000000000000e+00 -9.684631591369452508e-03
-4.852114250775548498e+02 -2.719947489434763611e+03 -6.841084057629326765e+01 0.000000000000000000e+00 0.000000000000000000e+00 -2.708404702573830036e-03
-8.565588566453022850e+02 -2.727771399183121503e+03 -7.257076524466030776e+01 0.000000000000000000e+00 0.000000000000000000e+00 -6.169918513597849596e-02
-8.153601063428849329e+02 -2.414328851811847017e+03 -6.184108324714763683e+01 0.000000000000000000e+00 0.000000000000000000e+00 -2.780397858865768512e-02
-5.269059790418509692e+02 -2.413932625921318504e+03 -5.877773020493799550e+01 0.000000000000000000e+00 0.000000000000000000e+00 -1.700346947237818540e-02
-6.592143898577492109e+02 -2.199613300890718165e+03 -5.370908789217682511e+01 0.000000000000000000e+00 0.000000000000000000e+00 -1.427073242792431529e-02
-4.971601430492530085e+02 -2.015006514380528870e+03 -4.723540878678082322e+01 0.000000000000000000e+00 0.000000000000000000e+00 -2.424733002798973303e-02
-8.066575012882220790e+02 -2.018158788709187547e+03 -5.052481036763082045e+01 0.000000000000000000e+00 0.000000000000000000e+00 -2.703237873676300751e-02
-4.786952059423872470e+02 -1.640872333601723085e+03 -3.828688866673518021e+01 0.000000000000000000e+00 0.000000000000000000e+00 -1.015092900301794998e-02
-8.260657004050283376e+02 -1.667068444962060994e+03 -4.246729820056877003e+01 0.000000000000000000e+00 0.000000000000000000e+00 2.878020515935730828e-02
-6.702146003427230880e+02 -1.450875087841996674e+03 -3.625800087687836992e+01 0.000000000000000000e+00 0.000000000000000000e+00 -1.745193031256064842e-02
-4.971890414121598951e+02 -1.225223156760670236e+03 -3.073669852645554101e+01 0.000000000000000000e+00 0.000000000000000000e+00 -6.389953269195203234e-02
-8.387655726262388498e+02 -1.227042722447811684e+03 -3.442495493070631341e+01 0.000000000000000000e+00 0.000000000000000000e+00 2.212469232477332071e-02
-5.076129824262396255e+02 -9.487588116795380984e+02 -2.693441838282458889e+01 0.000000000000000000e+00 0.000000000000000000e+00 2.945310291819325244e-02
-8.100804039867599613e+02 -9.387086352859705585e+02 -3.001143860192409107e+01 0.000000000000000000e+00 0.000000000000000000e+00 -3.067660976971708919e-02
-6.968188745450133865e+02 -7.012843633334604192e+02 -2.612494471877186086e+01 0.000000000000000000e+00 0.000000000000000000e+00 -2.532132802794251347e-02
-5.015826324261468585e+02 -4.697585754501125166e+02 -2.249376704185040765e+01 0.000000000000000000e+00 0.000000000000000000e+00 -1.807344481592565444e-02
-8.403042087783519491e+02 -5.378763862247005818e+02 -2.658449612456612243e+01 0.000000000000000000e+00 0.000000000000000000e+00 3.792821817019031982e-02
-4.821007028899050511e+02 -2.155694741531211207e+02 -2.121484165717323478e+01 0.000000000000000000e+00 0.000000000000000000e+00 -1.865164679217201638e-02
-8.528290477308546542e+02 -2.089780714124940459e+02 -2.516186644187500576e+01 0.000000000000000000e+00 0.000000000000000000e+00 -1.919554214193652797e-02
-6.741867360517478573e+02 4.122408081546534930e+01 -2.270079443730297797e+01 0.000000000000000000e+00 0.000000000000000000e+00 4.102512873802410809e-02
-5.152169733725430660e+02 2.754652548157296224e+02 -2.165754377421371046e+01 0.000000000000000000e+00 0.000000000000000000e+00 2.173541228889064314e-02
-8.248843003238857818e+02 2.321110303915052100e+02 -2.483047801570927149e+01 0.000000000000000000e+00 0.000000000000000000e+00 -6.289048362997817776e-03
-5.242149383098397948e+02 5.727934288950364135e+02 -2.333186792544374910e+01 0.000000000000000000e+00 0.000000000000000000e+00 4.075118197533100783e-02
-8.292577876436705537e+02 5.542178980964290531e+02 -2.648243215358390401e+01 0.000000000000000000e+00 0.000000000000000000e+00 3.873081756855256685e-02
-6.961019823380206617e+02 8.039514817934817756e+02 -2.700711495440638998e+01 0.000000000000000000e+00 0.000000000000000000e+00 5.206135715054216462e-02
-5.190962325587208852e+02 1.026862888041416454e+03 -2.787226703766997105e+01 0.000000000000000000e+00 0.000000000000000000e+00 4.365899848824028595e-02
-8.570946573282313921e+02 9.534550766358547662e+02 -3.063509334607330814e+01 0.000000000000000000e+00 0.000000000000000000e+00 2.512912153847324248e-02
-5.082002422795916914e+02 1.297023235213550379e+03 -3.171984796911193882e+01 0.000000000000000000e+00 0.000000000000000000e+00 1.687437817530224038e-04
-8.671647773418209226e+02 1.300162314015562970e+03 -3.565095181321358098e+01 0.000000000000000000e+00 0.000000000000000000e+00 7.928649575362101132e-03
-6.822373296586581546e+02 1.538553837507288108e+03 -3.761264304986475793e+01 0.000000000000000000e+00 0.000000000000000000e+00 -9.727695258305857351e-03
-5.311790361996244201e+02 1.723782209069888950e+03 -3.992692721873963535e+01 0.000000000000000000e+00 0.000000000000000000e+00 -1.122971555659546539e-02
-8.707716600446217399e+02 1.715776769571892146e+03 -4.346792460486447851e+01 0.000000000000000000e+00 0.000000000000000000e+00 -1.262751776623360911e-02
-5.093197626707640779e+02 2.038473964508325935e+03 -4.705247385273760585e+01 0.000000000000000000e+00 0.000000000000000000e+00 2.866011050278416405e-02
-8.767407626585816161e+02 2.033163140454356380e+03 -5.086293711964184183e+01 0.000000000000000000e+00 0.000000000000000000e+00 2.285281129232430430e-02
-7.072270995272940581e+02 2.294589235004327747e+03 -5.570367193352252855e+01 0.000000000000000000e+00 0.000000000000000000e+00 4.259150308084969083e-02
-5.416975176235064282e+02 2.496717413975414274e+03 -6.000651686288873776e+01 0.000000000000000000e+00 0.000000000000000000e+00 1.665347539762507267e-02
-8.744087041162299556e+02 2.463045250818537625e+03 -6.260361616962305220e+01 0.000000000000000000e+00 0.000000000000000000e+00 3.282510979288133512e-02
1.036860107958102475e+02 2.492548783328776153e+03 -5.771118531035364185e+01 0.000000000000000000e+00 0.000000000000000000e+00 2.414248110262917635e-02
-1.666312526541918260e+02 2.467375800515384526e+03 -5.708224736823782308e+01 0.000000000000000000e+00 0.000000000000000000e+00 5.894347784469289309e-02
-2.484731411648833728e+02 2.482852048194110466e+03 -5.780925206415277273e+01 0.000000000000000000e+00 0.000000000000000000e+00 3.988869766934755035e-02
-5.847194736682433103e+01 2.364206192755178108e+03 -5.385695772803158832e+01 0.000000000000000000e+00 0.000000000000000000e+00 2.666020525223444793e-02
1.307031278654638982e+02 2.106524945873356501e+03 -4.690770037221496125e+01 0.000000000000000000e+00 0.000000000000000000e+00 -3.606250354187068297e-02
-1.941056212741702893e+02 2.046341678008197277e+03 -4.553054908853404470e+01 0.000000000000000000e+00 0.000000000000000000e+00 2.928354590650883438e-02
1.342331893908838083e+02 1.779554397150295245e+03 -3.907577605490113370e+01 0.000000000000000000e+00 0.000000000000000000e+00 -3.223583096040982809e-02
-2.001658563339177022e+02 1.709434040943447599e+03 -3.773109241987071272e+01 0.000000000000000000e+00 0.000000000000000000e+00 -9.694063786938045268e-04
-4.733616716469311569e+01 1.608774119187020915e+03 -3.535983745837567938e+01 0.000000000000000000e+00 0.000000000000000000e+00 3.740601140293620119e-03
1.341442874100355311e+02 1.361426839077878867e+03 -3.089994247903316449e+01 0.000000000000000000e+00 0.000000000000000000e+00 4.167528905447070997e-02
-2.009647607022527609e+02 1.300346742824981220e+03 -3.005841470299287721e+01 0.000000000000000000e+00 0.000000000000000000e+00 5.276665812943193146e-02
1.444915902717776817e+02 1.031745669845524162e+03 -2.596914140645273150e+01 0.000000000000000000e+00 0.000000000000000000e+00 -3.571177000374348154e-02
-2.076166940532822878e+02 1.026713816688004272e+03 -2.607980021317981567e+01 0.000000000000000000e+00 0.000000000000000000e+00 -8.174477336030605557e-03
-3.777175019170782377e+01 8.501499118859796909e+02 -2.365737663875426477e+01 0.000000000000000000e+00 0.000000000000000000e+00 2.384230047248792062e-02
1.463282132141662828e+02 6.110754593612626877e+02 -2.160182882724775766e+01 0.000000000000000000e+00 0.000000000000000000e+00 7.355649131799424367e-03
-1.528339174352920509e+02 5.802581699914672981e+02 -2.138403366114847870e+01 0.000000000000000000e+00 0.000000000000000000e+00 1.404898211823990550e-02
1.433890065658590629e+02 2.843888342068928523e+02 -1.973201360973806473e+01 0.000000000000000000e+00 0.000000000000000000e+00 1.194699379530561600e-02
-1.500854312477462713e+02 2.374716998881884820e+02 -1.959130704850062088e+01 0.000000000000000000e+00 0.000000000000000000e+00 -2.112821138429055168e-02
1.424406060078167684e+02 -1.359677672081562605e+02 -1.933167750424559372e+01 0.000000000000000000e+00 0.000000000000000000e+00 3.230213319801933380e-02
-1.978855108217056227e+02 -1.453166525467403858e+02 -1.950009613557147858e+01 0.000000000000000000e+00 0.000000000000000000e+00 9.753582481174305485e-03
1.490686330108415518e+02 -4.794037870999810593e+02 -2.070900051828244059e+01 0.000000000000000000e+00 0.000000000000000000e+00 -4.108771022288237873e-02
-2.128641642249138499e+02 -4.861495219370329437e+02 -2.093676152679677571e+01 0.000000000000000000e+00 0.000000000000000000e+00 -5.584956342081426328e-02
-5.793912651446044748e+01 -6.590126835165849570e+02 -2.187718455718958310e+01 0.000000000000000000e+00 0.000000000000000000e+00 -2.619340250551260851e-02
1.699220000534033943e+02 -8.927949612929456862e+02 -2.442752063958730702e+01 0.000000000000000000e+00 0.000000000000000000e+00 -6.397556891741729146e-02
-2.220012440227187085e+02 -9.380311014167413077e+02 -2.512742008697049201e+01 0.000000000000000000e+00 0.000000000000000000e+00 -4.415722708758806903e-02
1.643461274353580848e+02 -1.232077520916240474e+03 -2.907605709305929764e+01 0.000000000000000000e+00 0.000000000000000000e+00 4.994321592223016637e-02
-2.155647107935955091e+02 -1.235396958418115673e+03 -2.928551846006901371e+01 0.000000000000000000e+00 0.000000000000000000e+00 5.569373863156812376e-02
-3.733950298352063868e+01 -1.399947007665710544e+03 -3.172790569495157698e+01 0.000000000000000000e+00 0.000000000000000000e+00 -1.691686412990733857e-02
1.654028250131811433e+02 -1.643772527265113695e+03 -3.673194454094712569e+01 0.000000000000000000e+00 0.000000000000000000e+00 -4.532909072932511663e-02
-2.080371638660373605e+02 -1.655764351050601363e+03 -3.711499703522655125e+01 0.000000000000000000e+00 0.000000000000000000e+00 -3.923330353162413076e-02
1.545272723478977923e+02 -1.969867158094145907e+03 -4.429951471600627144e+01 0.000000000000000000e+00 0.000000000000000000e+00 -1.504903241870891861e-02
-1.573793535104455827e+02 -2.034014337648472747e+03 -4.595812152971841158e+01 0.000000000000000000e+00 0.000000000000000000e+00 -3.369901308811051877e-02
-1.643279944740992349e+01 -2.148747438314964256e+03 -4.884467129081126302e+01 0.000000000000000000e+00 0.000000000000000000e+00 -6.807949045450101266e-02
1.554331189293054081e+02 -2.433631478054553099e+03 -5.738437072410357587e+01 0.000000000000000000e+00 0.000000000000000000e+00 -9.592628727786944864e-02
-1.733256209419543552e+02 -2.448822513216536663e+03 -5.790367160143599534e+01 0.000000000000000000e+00 0.000000000000000000e+00 -4.399316543442921557e-02
1.730053411377532484e+02 -2.724808327421346803e+03 -6.696860211391170026e+01 0.000000000000000000e+00 0.000000000000000000e+00 2.259623528821919081e-02
-1.898776925985125672e+02 -2.736999555709585366e+03 -6.743757340779025355e+01 0.000000000000000000e+00 0.000000000000000000e+00 -3.097440090412817426e-02
-2.400451901666402321e+00 -2.910153965389337372e+03 -7.331949389366823766e+01 0.000000000000000000e+00 0.000000000000000000e+00 1.694235776129460191e-02
1.836455134104600688e+02 -3.141738694911038237e+03 -8.234789249010732703e+01 0.000000000000000000e+00 0.000000000000000000e+00 1.296173213606692798e-01
-2.007399456991976194e+02 -3.152510467924518707e+03 -8.282051159414386632e+01 0.000000000000000000e+00 0.000000000000000000e+00 -8.673787102144103756e-02
1.199214349350784460e+03 2.503971321315807472e+03 -6.897785641915304211e+01 0.000000000000000000e+00 0.000000000000000000e+00 -2.165911411756837879e-02
1.527828817449684720e+03 2.463398347020091023e+03 -7.458723501311328619e+01 0.000000000000000000e+00 0.000000000000000000e+00 -4.600374438066978655e-02
1.337011420031579519e+03 2.303914824284090628e+03 -6.584213036820381149e+01 0.000000000000000000e+00 0.000000000000000000e+00 -4.473638970462445741e-02
1.503835351278461076e+03 2.040027584937766505e+03 -6.253588886744159936e+01 0.000000000000000000e+00 0.000000000000000000e+00 -4.287336630686411354e-02
1.150018245986100737e+03 2.045402888908089835e+03 -5.544517031536138063e+01 0.000000000000000000e+00 0.000000000000000000e+00 -5.910008022731005894e-03
1.136143878335588397e+03 1.707256851350095985e+03 -4.743027821752829709e+01 0.000000000000000000e+00 0.000000000000000000e+00 -4.228993413363468790e-03
1.538261091844933389e+03 1.718844720690492977e+03 -5.600361696812106516e+01 0.000000000000000000e+00 0.000000000000000000e+00 -7.233054153727636049e-02
1.328116676969516675e+03 1.560346043866903074e+03 -4.815599837957429230e+01 0.000000000000000000e+00 0.000000000000000000e+00 -2.011102174532908293e-02
1.138446299139005077e+03 1.301245754854676079e+03 -3.993332585734691520e+01 0.000000000000000000e+00 0.000000000000000000e+00 1.067753569833911342e-01
1.525048287811070395e+03 1.298056258342121509e+03 -4.792166989869960503e+01 0.000000000000000000e+00 0.000000000000000000e+00 -3.370206408067843995e-02
1.146972504755161708e+03 9.755362062376799486e+02 -3.548057995838447454e+01 0.000000000000000000e+00 0.000000000000000000e+00 3.240731657840001390e-03
1.538026876465248506e+03 9.816860116273288668e+02 -4.379525172029602942e+01 0.000000000000000000e+00 0.000000000000000000e+00 1.504212810770866326e-02
1.343404453733889341e+03 8.002080001057540812e+02 -3.739552860598264772e+01 0.000000000000000000e+00 0.000000000000000000e+00 2.645942976251092205e-03
1.151721502616767793e+03 5.573765782648890763e+02 -3.156989125744856750e+01 0.000000000000000000e+00 0.000000000000000000e+00 4.361524086067802841e-02
1.517305618044233142e+03 5.614445280770943327e+02 -3.930165893254131504e+01 0.000000000000000000e+00 0.000000000000000000e+00 -3.794546966678780109e-02
1.162657987426369573e+03 2.196531817385259728e+02 -3.013886128260380559e+01 0.000000000000000000e+00 0.000000000000000000e+00 -3.908964387707314359e-02
1.519974643374870766e+03 2.311483162346129916e+02 -3.776524161787375533e+01 0.000000000000000000e+00 0.000000000000000000e+00 3.168309120798795675e-02
1.338837847808559900e+03 5.597404779643987638e+01 -3.336903001380774469e+01 0.000000000000000000e+00 0.000000000000000000e+00 -4.396368278200668556e-03
1.198222462592152169e+03 -1.799399490755708371e+02 -3.074333798230597736e+01 0.000000000000000000e+00 0.000000000000000000e+00 -2.405232173591542733e-02
1.569743472954898152e+03 -1.793919269659217548e+02 -3.891009745011361076e+01 0.000000000000000000e+00 0.000000000000000000e+00 -6.615953579968447684e-02
1.180094586733504229e+03 -5.277910414088380548e+02 -3.200505509700282403e+01 0.000000000000000000e+00 0.000000000000000000e+00 6.420183209586127759e-02
1.539670574041946793e+03 -5.317134318494615854e+02 -3.981388929380027975e+01 0.000000000000000000e+00 0.000000000000000000e+00 1.246304359099781323e-02
1.348939792822800428e+03 -7.009535411520257639e+02 -3.678728239276304635e+01 0.000000000000000000e+00 0.000000000000000000e+00 5.457466599964533316e-02
1.184816146376318557e+03 -9.514891581137486583e+02 -3.614743994981513708e+01 0.000000000000000000e+00 0.000000000000000000e+00 6.793524591816435532e-02
1.533163713907380952e+03 -9.446332661231205066e+02 -4.359683275256018931e+01 0.000000000000000000e+00 0.000000000000000000e+00 1.140473919317486207e-02
1.171225774944463183e+03 -1.284274391204630774e+03 -4.069026409994957305e+01 0.000000000000000000e+00 0.000000000000000000e+00 1.782305559682129115e-01
1.547897133445137342e+03 -1.268862474418373722e+03 -4.857270880082511155e+01 0.000000000000000000e+00 0.000000000000000000e+00 2.917495455662333370e-02
1.359229880821270854e+03 -1.442093177876274240e+03 -4.724058699366968739e+01 0.000000000000000000e+00 0.000000000000000000e+00 4.983244833539401952e-03
1.194250040634868128e+03 -1.692403727663472409e+03 -4.893225693814845556e+01 0.000000000000000000e+00 0.000000000000000000e+00 1.833220908163184504e-01
1.572199749983579522e+03 -1.686959184553309342e+03 -5.708053180511097935e+01 0.000000000000000000e+00 0.000000000000000000e+00 1.231952347146858529e-02
1.159612983730131418e+03 -2.027350094155374563e+03 -5.625709055543374149e+01 0.000000000000000000e+00 0.000000000000000000e+00 -1.362952308348042152e-02
1.547261210641827574e+03 -2.014328078975024027e+03 -6.417739964482228743e+01 0.000000000000000000e+00 0.000000000000000000e+00 1.539289300544055550e-02
1.365585360155687340e+03 -2.188381227102222056e+03 -6.466727111865239408e+01 0.000000000000000000e+00 0.000000000000000000e+00 6.281225140568835741e-03
1.175022266976327273e+03 -2.439585763708263130e+03 -6.823337048100725610e+01 0.000000000000000000e+00 0.000000000000000000e+00 3.931468326410936243e-02
1.563958708962008586e+03 -2.436020447932125535e+03 -7.642051627617520637e+01 0.000000000000000000e+00 0.000000000000000000e+00 1.004461011650903401e-02
1.169865994536686003e+03 -2.777311689576641129e+03 -7.921176237757816807e+01 0.000000000000000000e+00 0.000000000000000000e+00 9.023795536204204382e-02
1.565068619590119624e+03 -2.761938476019926384e+03 -8.701244981904581266e+01 0.000000000000000000e+00 0.000000000000000000e+00 -1.708541734696211734e-02
1.365069223380209678e+03 -2.939879715413946542e+03 -8.880132121126069933e+01 0.000000000000000000e+00 0.000000000000000000e+00 8.940835188855089655e-02
1.168814871056469656e+03 -3.187165279273377109e+03 -9.434065252127041390e+01 0.000000000000000000e+00 0.000000000000000000e+00 -4.467372970921701381e-03
1.539875384166531376e+03 -3.187598151941747801e+03 -1.019768130364878118e+02 0.000000000000000000e+00 0.000000000000000000e+00 2.203692498014220291e-03
5.202163672178508023e+02 -3.138286603087906315e+03 -8.403986080320805740e+01 0.000000000000000000e+00 0.000000000000000000e+00 1.006431752426806270e-01
8.965748011675154885e+02 -3.130866085867291076e+03 -8.785055647763054765e+01 0.000000000000000000e+00 0.000000000000000000e+00 9.276881672865044948e-02
7.069298463697045918e+02 -2.881544561788658939e+03 -7.616693521590178761e+01 0.000000000000000000e+00 0.000000000000000000e+00 1.527976143723748237e-01
5.566332893058694253e+02 -2.744261353276400314e+03 -6.983128810261143826e+01 0.000000000000000000e+00 0.000000000000000000e+00 5.749868517753498054e-02
8.645235273902294466e+02 -2.757737049336747077e+03 -7.371101277444699917e+01 0.000000000000000000e+00 0.000000000000000000e+00 -5.296106519848819971e-02
5.286269050957022273e+02 -2.443834997206538446e+03 -5.971683540870873230e+01 0.000000000000000000e+00 0.000000000000000000e+00 1.260738366172589053e-01
8.977913407669894923e+02 -2.446490900267996494e+03 -6.394347303740023136e+01 0.000000000000000000e+00 0.000000000000000000e+00 1.218474412162606768e-01
6.990159915787154432e+02 -2.206977525478565894e+03 -5.434465457360647633e+01 0.000000000000000000e+00 0.000000000000000000e+00 3.021879464595400577e-02
5.156769965144860635e+02 -2.025307457215777504e+03 -4.765190803655113427e+01 0.000000000000000000e+00 0.000000000000000000e+00 -9.003164216876768933e-02
8.664291048461918763e+02 -2.032113049339837744e+03 -5.168018124104054323e+01 0.000000000000000000e+00 0.000000000000000000e+00 -2.540975379336174456e-02
5.048606901274118854e+02 -1.702645095119029520e+03 -3.982476927378644405e+01 0.000000000000000000e+00 0.000000000000000000e+00 2.294036762476991953e-02
8.503423248315315277e+02 -1.693031482065473938e+03 -4.335328122582595967e+01 0.000000000000000000e+00 0.000000000000000000e+00 4.248333086067646036e-04
6.883994727935025821e+02 -1.444539541832587702e+03 -3.633743665999155326e+01 0.000000000000000000e+00 0.000000000000000000e+00 -1.004448399903878908e-02
4.987600182095324044e+02 -1.287488178758311733e+03 -3.176070419004215495e+01 0.000000000000000000e+00 0.000000000000000000e+00 -6.023363221212818530e-02
8.505282176430081336e+02 -1.263616694456931782e+03 -3.517218902938860481e+01 0.000000000000000000e+00 0.000000000000000000e+00 -9.698302096957434060e-02
4.998921892088723666e+02 -9.499866141522597900e+02 -2.688696670951188494e+01 0.000000000000000000e+00 0.000000000000000000e+00 3.091232635184226751e-02
8.739956923103005693e+02 -9.588625540657671991e+02 -3.112135957124732499e+01 0.000000000000000000e+00 0.000000000000000000e+00 7.180007854664438582e-03
6.768789864640116321e+02 -7.051887355457751028e+02 -2.594055463254476734e+01 0.000000000000000000e+00 0.000000000000000000e+00 8.557606355914160190e-02
4.969685065370990742e+02 -5.322558342194573697e+02 -2.286124245526374210e+01 0.000000000000000000e+00 0.000000000000000000e+00 9.124921518825601652e-03
8.647945374886852505e+02 -5.307646359592970384e+02 -2.686991462509717721e+01 0.000000000000000000e+00 0.000000000000000000e+00 1.614919537504633240e-02
4.973664644200850375e+02 -2.052176007305400276e+02 -2.130664990759123611e+01 0.000000000000000000e+00 0.000000000000000000e+00 2.976779800839324253e-03
8.549465671697876132e+02 -2.057710092188036697e+02 -2.518211948917372567e+01 0.000000000000000000e+00 0.000000000000000000e+00 1.232431689226842764e-02
6.784517181695440513e+02 1.027154815700970403e+02 -2.280159704096029571e+01 0.000000000000000000e+00 0.000000000000000000e+00 -4.804665938010543869e-03
4.806903437998387858e+02 2.160383294332041828e+02 -2.119726747140664713e+01 0.000000000000000000e+00 0.000000000000000000e+00 -4.768570758994172820e-03
8.616482377221425395e+02 2.301567347117633062e+02 -2.531911924365698852e+01 0.000000000000000000e+00 0.000000000000000000e+00 -1.797805848458011724e-02
4.876710160739448838e+02 5.477849295220618160e+02 -2.285990466629015572e+01 0.000000000000000000e+00 0.000000000000000000e+00 3.313569571388441659e-02
8.614966478744680671e+02 5.495413531195783889e+02 -2.688287041056310045e+01 0.000000000000000000e+00 0.000000000000000000e+00 -1.713544206967299033e-02
6.648536184381920293e+02 7.974628257983496269e+02 -2.660460875773463840e+01 0.000000000000000000e+00 0.000000000000000000e+00 -4.881274134887192417e-02
4.802782242013269070e+02 9.621029297119663397e+02 -2.675501005463282311e+01 0.000000000000000000e+00 0.000000000000000000e+00 -5.632645913222944500e-02
8.584569721288662549e+02 9.725761871424055016e+02 -3.088421949994167903e+01 0.000000000000000000e+00 0.000000000000000000e+00 -1.341954276115586708e-02
4.740949513430026627e+02 1.300596871265462596e+03 -3.151424868728533824e+01 0.000000000000000000e+00 0.000000000000000000e+00 -6.594655046177422264e-02
8.421407290726597239e+02 1.308014805092852612e+03 -3.544269970010331150e+01 0.000000000000000000e+00 0.000000000000000000e+00 -4.565797137261995431e-02
6.586122200878818376e+02 1.537661149112884004e+03 -3.734767214226766896e+01 0.000000000000000000e+00 0.000000000000000000e+00 -7.483933071836190720e-02
4.751252078330559812e+02 1.719669492659424350e+03 -3.939896626672874191e+01 0.000000000000000000e+00 0.000000000000000000e+00 -3.704139691718921767e-02
8.528398002202030739e+02 1.713697168060263039e+03 -4.318322030576557324e+01 0.000000000000000000e+00 0.000000000000000000e+00 -9.044483582557205636e-02
4.814686070779405895e+02 2.046581388192628083e+03 -4.704209264366197374e+01 0.000000000000000000e+00 0.000000000000000000e+00 -5.710861428855196209e-02
8.522542530393579909e+02 2.050141565069491662e+03 -5.096010336688077302e+01 0.000000000000000000e+00 0.000000000000000000e+00 -4.051744987627614591e-02
6.460587330789419411e+02 2.296133218869250868e+03 -5.510960311653460764e+01 0.000000000000000000e+00 0.000000000000000000e+00 -3.429299568880850302e-02
4.754443493593517474e+02 2.465338319109391705e+03 -5.854371128454269524e+01 0.000000000000000000e+00 0.000000000000000000e+00 -6.338645517381280570e-02
8.602257955067574358e+02 2.470274031804579863e+03 -6.263129984089512448e+01 0.000000000000000000e+00 0.000000000000000000e+00 1.191590950934795501e-02
