0.005553 35.097308
nan 42.426282
nan 49.755256
0.003680 57.084230
0.005025 64.413204
nan 71.742178
nan 79.071152
0.003514 86.400126
0.011897 93.729100
0.004214 101.058074
0.001237 108.387048
nan 115.716022
nan 123.044996
nan 130.373970
nan 137.702944
0.005949 145.031918
0.013134 152.360893
nan 159.689867
nan 167.018841
nan 174.347815
nan 181.676789
nan 189.005763
nan 196.334737
nan 203.663711
0.000411 210.992685
nan 218.321659
nan 225.650633
0.005142 232.979607
nan 240.308581
nan 247.637555
nan 254.966529
nan 262.295503
nan 269.624477
0.008422 276.953451
0.002869 284.282425
0.003103 291.611399
nan 298.940374
nan 306.269348
0.004712 313.598322
0.001635 320.927296
nan 328.256270
0.002579 335.585244
0.010265 342.914218
0.006046 350.243192
0.002453 357.572166
0.006133 364.901140
0.001632 372.230114
0.000404 379.559088
0.002473 386.888062
0.003657 394.217036
0.005422 401.546010
0.005890 408.874984
nan 416.203958
nan 423.532932
nan 430.861906
0.003670 438.190881
0.003353 445.519855
0.007165 452.848829
nan 460.177803
nan 467.506777
0.002042 474.835751
nan 482.164725
0.001518 489.493699
0.001052 496.822673
0.002289 504.151647
nan 511.480621
nan 518.809595
nan 526.138569
0.005969 533.467543
0.004965 540.796517
nan 548.125491
nan 555.454465
nan 562.783439
nan 570.112413
nan 577.441387
nan 584.770362
nan 592.099336
0.004738 599.428310
nan 606.757284
nan 614.086258
nan 621.415232
0.000524 628.744206
nan 636.073180
nan 643.402154
nan 650.731128
0.003273 658.060102
nan 665.389076
0.009861 672.718050
0.007487 680.047024
nan 687.375998
nan 694.704972
nan 702.033946
nan 709.362920
0.005647 716.691894
nan 724.020868
0.002036 731.349843
nan 738.678817
nan 746.007791
nan 753.336765
0.006250 760.665739
