# x y z x_res y_res z_res
-2.998932533894548214e+03 -1.662953429720940449e+03 1.667884851160688413e+02 0.000000000000000000e+00 0.000000000000000000e+00 1.224378121753488813e-02
-2.621317828937746526e+03 -1.652564419003834018e+03 1.383037976542532306e+02 0.000000000000000000e+00 0.000000000000000000e+00 9.154336874360069487e-03
-2.792255461041614581e+03 -1.421704794622464306e+03 1.425694699426915975e+02 0.000000000000000000e+00 0.000000000000000000e+00 -1.037301298080706147e-02
-2.622217440670425276e+03 -1.248632092033977187e+03 1.252898347191635935e+02 0.000000000000000000e+00 0.000000000000000000e+00 1.782535410347918514e-02
-2.960451035722709548e+03 -1.226573990997516376e+03 1.496633964916282764e+02 0.000000000000000000e+00 0.000000000000000000e+00 5.614010500295307793e-03
-2.999604317914460808e+03 -9.500995723969117535e+02 1.461811588207781085e+02 0.000000000000000000e+00 0.000000000000000000e+00 -2.858184364157523305e-03
-2.638436842925044402e+03 -9.241674708646862655e+02 1.186599461427974802e+02 0.000000000000000000e+00 0.000000000000000000e+00 9.212920135283297896e-03
-2.812630614494782549e+03 -7.157606896767331364e+02 1.275453227768277316e+02 0.000000000000000000e+00 0.000000000000000000e+00 -1.615242333433286603e-02
-3.013770618381808617e+03 -5.392589835924375166e+02 1.408746368733901022e+02 0.000000000000000000e+00 0.000000000000000000e+00 3.648637144237909524e-05
-2.630250991244491161e+03 -5.208629314731921340e+02 1.118799459719103169e+02 0.000000000000000000e+00 0.000000000000000000e+00 3.396859655850903437e-03
-2.978809324422526061e+03 -2.407029239859325855e+02 1.359077089909006020e+02 0.000000000000000000e+00 0.000000000000000000e+00 -2.653489987355328594e-02
-2.636447958652565376e+03 -2.000944593492743877e+02 1.101071147226778777e+02 0.000000000000000000e+00 0.000000000000000000e+00 -2.642423639224489307e-02
-2.794334438325473457e+03 8.893662215505329982e+00 1.214449594100919398e+02 0.000000000000000000e+00 0.000000000000000000e+00 -1.645432614452602138e-02
-2.606628175179277605e+03 1.597486207190208631e+02 1.084689797265314439e+02 0.000000000000000000e+00 0.000000000000000000e+00 -1.632376953732261882e-02
-2.952492154787504660e+03 1.726026024529139136e+02 1.343554730587549102e+02 0.000000000000000000e+00 0.000000000000000000e+00 -1.936587906953946003e-02
-2.981679479558095863e+03 4.689151150471701612e+02 1.396716676028052575e+02 0.000000000000000000e+00 0.000000000000000000e+00 2.338407452819524224e-02
-2.638276334443600263e+03 5.010650207005221546e+02 1.140223248241689760e+02 0.000000000000000000e+00 0.000000000000000000e+00 -1.531557204498312785e-02
-2.805052212965129456e+03 7.167903078206616101e+02 1.299251779926571260e+02 0.000000000000000000e+00 0.000000000000000000e+00 2.037196191213297425e-02
-2.980210473879216352e+03 8.639835413963538713e+02 1.469455784377086047e+02 0.000000000000000000e+00 0.000000000000000000e+00 -1.611766105935430460e-02
-2.632409198586934963e+03 8.899477053493309313e+02 1.209297382171585298e+02 0.000000000000000000e+00 0.000000000000000000e+00 -4.233364154018204317e-03
-2.992648085788880053e+03 1.178559181932663932e+03 1.567192249546669700e+02 0.000000000000000000e+00 0.000000000000000000e+00 3.659951278365269900e-03
-2.609658925230839486e+03 1.185218191786390435e+03 1.274272984855857658e+02 0.000000000000000000e+00 0.000000000000000000e+00 -2.449596943151277628e-03
-2.801804007288991670e+03 1.434484810086683183e+03 1.504081807297775413e+02 0.000000000000000000e+00 0.000000000000000000e+00 1.299655583247272261e-02
-2.979038845197676892e+03 1.575626887317911041e+03 1.703569755452795107e+02 0.000000000000000000e+00 0.000000000000000000e+00 3.022868565807357299e-03
-2.632404837777094599e+03 1.607712580406959660e+03 1.446580434375906634e+02 0.000000000000000000e+00 0.000000000000000000e+00 3.586675088226343178e-02
-2.327005318865853951e+03 2.308294337037053538e+03 1.598155160703698812e+02 0.000000000000000000e+00 0.000000000000000000e+00 -5.546738912386217635e-03
-1.944039757507344120e+03 2.303103780984096375e+03 1.365387643753905991e+02 0.000000000000000000e+00 0.000000000000000000e+00 7.063072031883166346e-04
-2.066251057263380517e+03 2.179320246172759653e+03 1.361215222399701474e+02 0.000000000000000000e+00 0.000000000000000000e+00 1.127700174350820816e-02
-1.945797975892513932e+03 1.921043236080465476e+03 1.156345572950043987e+02 0.000000000000000000e+00 0.000000000000000000e+00 6.723689551677125564e-03
-2.318137791467753686e+03 1.902064942330752501e+03 1.366744325100955848e+02 0.000000000000000000e+00 0.000000000000000000e+00 -2.185357737477033879e-02
-2.329181749823942482e+03 1.615974370272714168e+03 1.242259113867337561e+02 0.000000000000000000e+00 0.000000000000000000e+00 -5.388090405915590964e-03
-1.934844977022761441e+03 1.602713963514394209e+03 1.006172584755776285e+02 0.000000000000000000e+00 0.000000000000000000e+00 1.213004666780648222e-03
-2.110542586243727783e+03 1.476348707028887247e+03 1.053258893353369956e+02 0.000000000000000000e+00 0.000000000000000000e+00 -5.665071745781347090e-03
-2.309637457279612590e+03 1.244815260775558272e+03 1.091827435917043658e+02 0.000000000000000000e+00 0.000000000000000000e+00 -9.179152126321810101e-03
-1.941912303122073126e+03 1.239603142178174494e+03 8.781891612962697025e+01 0.000000000000000000e+00 0.000000000000000000e+00 1.700553605603261076e-02
-1.924973731324786513e+03 9.283802799019039185e+02 7.836767311163194449e+01 0.000000000000000000e+00 0.000000000000000000e+00 1.205892962943266866e-02
-2.308002867903227070e+03 9.387191662627056985e+02 1.004057738419713104e+02 0.000000000000000000e+00 0.000000000000000000e+00 2.468168292941186337e-02
-2.133485275986209217e+03 7.662155763591413233e+02 8.617595275848572101e+01 0.000000000000000000e+00 0.000000000000000000e+00 9.120287648926250768e-03
-2.322747160183597771e+03 5.033442236248968698e+02 9.306620209225955875e+01 0.000000000000000000e+00 0.000000000000000000e+00 -2.377033796054206505e-02
-1.944442243530413634e+03 5.031185000742217994e+02 7.159363462467987915e+01 0.000000000000000000e+00 0.000000000000000000e+00 -2.320544836175031378e-02
-1.934727570300996604e+03 2.014418582665117299e+02 6.826230900440592109e+01 0.000000000000000000e+00 0.000000000000000000e+00 1.924574447885163409e-02
-2.262811138663634665e+03 1.901861927202266145e+02 8.637469989313304097e+01 0.000000000000000000e+00 0.000000000000000000e+00 2.894876618827879611e-02
-2.133139321126258437e+03 3.396059833833801633e+01 7.823581803733742390e+01 0.000000000000000000e+00 0.000000000000000000e+00 8.312652940446696448e-03
-2.328947135646359129e+03 -1.910123635850993082e+02 8.987694385849479772e+01 0.000000000000000000e+00 0.000000000000000000e+00 -9.097845707117357961e-03
-1.941344558050602018e+03 -1.978601709683176466e+02 6.818996309322434968e+01 0.000000000000000000e+00 0.000000000000000000e+00 9.021713187976843074e-03
-1.929491835875251809e+03 -4.998657557693379658e+02 6.976536815483868281e+01 0.000000000000000000e+00 0.000000000000000000e+00 -1.361778209187036737e-03
-2.112258654527990984e+03 -6.497722416956058851e+02 8.122886489364110219e+01 0.000000000000000000e+00 0.000000000000000000e+00 -2.006348717613093413e-02
-2.274062788463947982e+03 -5.382733525899094502e+02 8.908216121046440605e+01 0.000000000000000000e+00 0.000000000000000000e+00 -7.493524336055656931e-03
-2.298763025662161908e+03 -8.914584560858469331e+02 9.601028669117728498e+01 0.000000000000000000e+00 0.000000000000000000e+00 -3.427657172765918858e-02
-1.934962305168848843e+03 -9.104536348859400050e+02 7.636645025746051374e+01 0.000000000000000000e+00 0.000000000000000000e+00 5.427772412389231249e-03
-1.929632549829355867e+03 -1.207350614454878269e+03 8.307209560991506692e+01 0.000000000000000000e+00 0.000000000000000000e+00 -1.522916692664466609e-04
-2.323552773567398617e+03 -1.201250918612654232e+03 1.046536344106328045e+02 0.000000000000000000e+00 0.000000000000000000e+00 -5.461016389105566304e-03
-2.136327717560769543e+03 -1.374136587173996759e+03 9.874224438746919930e+01 0.000000000000000000e+00 0.000000000000000000e+00 2.503549154394590914e-02
-2.290204236862709422e+03 -1.597422428603184699e+03 1.150052696832008934e+02 0.000000000000000000e+00 0.000000000000000000e+00 1.918166148108468860e-02
-1.922043093993756656e+03 -1.603892543156605825e+03 9.512969975374161891e+01 0.000000000000000000e+00 0.000000000000000000e+00 -3.177746855794794101e-02
-1.910292123233084794e+03 -1.916448270184331477e+03 1.068698901336913991e+02 0.000000000000000000e+00 0.000000000000000000e+00 9.519851699323567118e-03
-2.298046547054817438e+03 -1.907489328813898510e+03 1.276674544199871377e+02 0.000000000000000000e+00 0.000000000000000000e+00 9.712316321170533229e-03
-2.123438242541219097e+03 -2.096563611805905111e+03 1.261340662664366050e+02 0.000000000000000000e+00 0.000000000000000000e+00 -5.294234430536448599e-03
-1.924381773133699426e+03 -2.311452521366723886e+03 1.263458859700539421e+02 0.000000000000000000e+00 0.000000000000000000e+00 -2.173604613643931316e-02
-2.289626935875401614e+03 -2.307419432123885144e+03 1.461863789156199971e+02 0.000000000000000000e+00 0.000000000000000000e+00 -5.328182120791780108e-03
-1.614831635981745421e+03 -3.069092699249141333e+03 1.582658690974353135e+02 0.000000000000000000e+00 0.000000000000000000e+00 2.679319989726991480e-02
-1.219361868108694125e+03 -3.018706160614803593e+03 1.402300522641669147e+02 0.000000000000000000e+00 0.000000000000000000e+00 -6.422355133764767743e-03
-1.400052465295819729e+03 -2.830004999688506814e+03 1.338733139236223622e+02 0.000000000000000000e+00 0.000000000000000000e+00 4.482023596975182045e-02
-1.603756092055897625e+03 -2.663789027540017742e+03 1.314730464481256149e+02 0.000000000000000000e+00 0.000000000000000000e+00 8.391244890447069338e-03
-1.212379224618024637e+03 -2.675663701716145624e+03 1.179790884591044176e+02 0.000000000000000000e+00 0.000000000000000000e+00 1.595791801020141065e-02
-1.615643990541410631e+03 -2.356883211861905693e+03 1.146087048809262541e+02 0.000000000000000000e+00 0.000000000000000000e+00 -1.416251118268974096e-02
-1.221951942828363599e+03 -2.354180033139019542e+03 1.001265971664958840e+02 0.000000000000000000e+00 0.000000000000000000e+00 -1.443550013199512705e-02
-1.416646711111652166e+03 -2.120915912417796335e+03 9.500585852490203820e+01 0.000000000000000000e+00 0.000000000000000000e+00 -8.872806449119252648e-03
-1.618593591358476488e+03 -1.958412222780093316e+03 9.543859655408647313e+01 0.000000000000000000e+00 0.000000000000000000e+00 2.195451831298100842e-03
-1.193193265001790223e+03 -1.959826059184342967e+03 8.020616869573501617e+01 0.000000000000000000e+00 0.000000000000000000e+00 6.467934924347673586e-02
-1.197756818220460218e+03 -1.650158569876040019e+03 6.785676116467652719e+01 0.000000000000000000e+00 0.000000000000000000e+00 2.606171568514525916e-02
-1.595318230717241022e+03 -1.659017464021607793e+03 8.236276265133300001e+01 0.000000000000000000e+00 0.000000000000000000e+00 -4.586870870966208713e-03
-1.390290563965658521e+03 -1.411463189798499116e+03 6.604382527608741782e+01 0.000000000000000000e+00 0.000000000000000000e+00 2.171877409880096366e-02
-1.201505204415089338e+03 -1.250108045318507948e+03 5.500898235983888185e+01 0.000000000000000000e+00 0.000000000000000000e+00 2.546391252922575177e-02
-1.603831969607385417e+03 -1.251271882166217438e+03 6.946192707227147878e+01 0.000000000000000000e+00 0.000000000000000000e+00 5.004208020442035831e-02
-1.602303739330852295e+03 -9.419844357877282164e+02 6.184390155950272572e+01 0.000000000000000000e+00 0.000000000000000000e+00 2.704562929927334380e-02
-1.204218879197882188e+03 -9.391552876486529158e+02 4.748192530876183781e+01 0.000000000000000000e+00 0.000000000000000000e+00 3.772750864776241997e-03
-1.397009652199795255e+03 -7.091053928758869915e+02 4.966759648150109285e+01 0.000000000000000000e+00 0.000000000000000000e+00 5.099464847603485396e-03
-1.603884446264496773e+03 -5.437324542793248838e+02 5.536543620142663968e+01 0.000000000000000000e+00 0.000000000000000000e+00 -2.463971649758889271e-02
-1.207058069737127653e+03 -5.498846162848337826e+02 4.109693507381751942e+01 0.000000000000000000e+00 0.000000000000000000e+00 -5.730737658822704361e-03
-1.208869724451573120e+03 -2.330409983556806139e+02 3.841871883453718794e+01 0.000000000000000000e+00 0.000000000000000000e+00 2.107676699786509289e-03
-1.595424095640358928e+03 -2.426616478300214226e+02 5.247097191220228751e+01 0.000000000000000000e+00 0.000000000000000000e+00 -8.317624221781727556e-03
-1.400804705240298290e+03 6.628621850849456543e+00 4.437239691122563556e+01 0.000000000000000000e+00 0.000000000000000000e+00 -2.108415924471529479e-02
-1.201814998861852700e+03 1.729476052363854137e+02 3.807556245789950111e+01 0.000000000000000000e+00 0.000000000000000000e+00 -4.675711810534721735e-03
-1.595377904793515654e+03 1.586159582102916090e+02 5.234567022470822195e+01 0.000000000000000000e+00 0.000000000000000000e+00 -5.883785884073233774e-03
-1.585563696155697471e+03 4.768151783352090547e+02 5.454525945934998532e+01 0.000000000000000000e+00 0.000000000000000000e+00 2.965579720601851932e-03
-1.208257535001878750e+03 4.815654156594316646e+02 4.077783672094333411e+01 0.000000000000000000e+00 0.000000000000000000e+00 -5.059032431901755444e-03
-1.411916300931028445e+03 7.189690526996923836e+02 5.129159196486365602e+01 0.000000000000000000e+00 0.000000000000000000e+00 -1.265881796982881724e-02
-1.584929471517238198e+03 8.770450700851920374e+02 6.128574434230034740e+01 0.000000000000000000e+00 0.000000000000000000e+00 1.647470025211816846e-03
-1.242344649401239622e+03 8.996762560415243115e+02 4.894045793039575898e+01 0.000000000000000000e+00 0.000000000000000000e+00 -9.738928275297098480e-03
-1.602732331491884452e+03 1.193243102777307740e+03 7.021377748932596319e+01 0.000000000000000000e+00 0.000000000000000000e+00 -2.780744749971120200e-02
-1.216010547392021408e+03 1.189019520294247513e+03 5.550862643604345692e+01 0.000000000000000000e+00 0.000000000000000000e+00 -4.073621874937316534e-03
-1.435885786983111757e+03 1.442390678705672372e+03 7.161188965325699485e+01 0.000000000000000000e+00 0.000000000000000000e+00 -8.307348484720478154e-03
-1.596405379788542859e+03 1.588240191769692274e+03 8.375637727953736089e+01 0.000000000000000000e+00 0.000000000000000000e+00 1.451381916194804944e-02
-1.202635381054484014e+03 1.570887684268809608e+03 6.814700019547674970e+01 0.000000000000000000e+00 0.000000000000000000e+00 -1.351809863373887310e-02
-1.202206409732024440e+03 1.905187595357633882e+03 8.272503294774639926e+01 0.000000000000000000e+00 0.000000000000000000e+00 -2.306451213385685151e-03
-1.609088195942365473e+03 1.894164370626464915e+03 9.784650078806309637e+01 0.000000000000000000e+00 0.000000000000000000e+00 2.126334032848831157e-02
-1.405853243568771177e+03 2.137207973840402701e+03 1.019497297631705948e+02 0.000000000000000000e+00 0.000000000000000000e+00 1.774863994219799679e-02
-1.209148177343116231e+03 2.293713721254216580e+03 1.037339745256904280e+02 0.000000000000000000e+00 0.000000000000000000e+00 6.933684955882313261e-03
-1.600060268712934885e+03 2.292406550877919017e+03 1.188946629685743233e+02 0.000000000000000000e+00 0.000000000000000000e+00 7.512408350933696966e-03
-1.602101972455087889e+03 2.608779214573341505e+03 1.392047091684300710e+02 0.000000000000000000e+00 0.000000000000000000e+00 -9.532490240076185728e-04
-1.212148814946306857e+03 2.607491362831139213e+03 1.237093984044919210e+02 0.000000000000000000e+00 0.000000000000000000e+00 2.404540257251142066e-02
-1.397590810888031001e+03 2.852201891727721431e+03 1.480326347524303969e+02 0.000000000000000000e+00 0.000000000000000000e+00 6.973871538718867669e-03
-1.196218682673549665e+03 3.004281214510926475e+03 1.523863382078264976e+02 0.000000000000000000e+00 0.000000000000000000e+00 1.504988971532839059e-02
-1.598481782885188068e+03 3.008082729826274772e+03 1.687181893443035108e+02 0.000000000000000000e+00 0.000000000000000000e+00 2.170086906764367995e-02
-9.329063621792373624e+02 3.033762593196749549e+03 1.467692789498130139e+02 0.000000000000000000e+00 0.000000000000000000e+00 -2.907571686259302624e-02
-5.098745468610057969e+02 3.057906738960694383e+03 1.400424621766575513e+02 0.000000000000000000e+00 0.000000000000000000e+00 -2.819528984178987230e-02
-7.115580428546012399e+02 2.909945198374616666e+03 1.319420510145076832e+02 0.000000000000000000e+00 0.000000000000000000e+00 -2.215328809012362399e-02
-8.897809616107621196e+02 2.670829082752209160e+03 1.185636326104562954e+02 0.000000000000000000e+00 0.000000000000000000e+00 -5.882801933893233581e-03
-5.240539881626526721e+02 2.674190403361819335e+03 1.115640202138184520e+02 0.000000000000000000e+00 0.000000000000000000e+00 -1.122617368832834472e-02
-5.087054089973452164e+02 2.353891881795844711e+03 9.067733206978641647e+01 0.000000000000000000e+00 0.000000000000000000e+00 -7.079410020608634113e-03
-7.020974897721246180e+02 2.200529584766498829e+03 8.502641466397685122e+01 0.000000000000000000e+00 0.000000000000000000e+00 -1.045035596693821844e-02
-9.055837534927092065e+02 2.297026174021813858e+03 9.505343504499778362e+01 0.000000000000000000e+00 0.000000000000000000e+00 -2.360941685365958165e-02
-9.053435428364277868e+02 1.972428261338809534e+03 7.747383115504183593e+01 0.000000000000000000e+00 0.000000000000000000e+00 -1.509539379983948493e-02
-5.210649671541119687e+02 1.972939523122836817e+03 7.002810022482893260e+01 0.000000000000000000e+00 0.000000000000000000e+00 1.574821142929749840e-02
-5.051620324630928280e+02 1.654124758046097895e+03 5.542155352722483741e+01 0.000000000000000000e+00 0.000000000000000000e+00 -1.085696288978255097e-02
-7.041292793219253099e+02 1.497791340745165371e+03 5.257898671570951876e+01 0.000000000000000000e+00 0.000000000000000000e+00 -2.195615975181652857e-02
-8.946988469569724884e+02 1.599356943082475482e+03 6.056002467020876168e+01 0.000000000000000000e+00 0.000000000000000000e+00 -2.028852153735272168e-03
-9.025157964383308808e+02 1.258170019179098745e+03 4.873307358632148123e+01 0.000000000000000000e+00 0.000000000000000000e+00 2.419315696528201443e-03
-5.095561790702588496e+02 1.255635766529094781e+03 4.127153672266405948e+01 0.000000000000000000e+00 0.000000000000000000e+00 -1.133105727407013319e-02
-5.023531151322960682e+02 9.377600233151156317e+02 3.275302216294971913e+01 0.000000000000000000e+00 0.000000000000000000e+00 -1.336623030711336924e-02
-7.069044102681471031e+02 7.809824098920679489e+02 3.277019138212111926e+01 0.000000000000000000e+00 0.000000000000000000e+00 1.845359747271402284e-03
-8.828393753221766929e+02 8.946358132318498519e+02 3.874176864053022484e+01 0.000000000000000000e+00 0.000000000000000000e+00 -2.193290892262211855e-02
-9.148252009204114756e+02 5.357279425169622300e+02 3.330620267285569014e+01 0.000000000000000000e+00 0.000000000000000000e+00 -1.300271981023115586e-03
-5.317262028154489144e+02 5.200231738261963983e+02 2.588601121199537047e+01 0.000000000000000000e+00 0.000000000000000000e+00 -1.576120666952363081e-02
-5.086556155963243668e+02 2.243720132643231864e+02 2.297334260812896289e+01 0.000000000000000000e+00 0.000000000000000000e+00 -3.444997566855789728e-03
-7.068294913359944758e+02 7.313676267051684476e+01 2.554195264853760605e+01 0.000000000000000000e+00 0.000000000000000000e+00 4.143842831680899508e-04
-8.965117620850236335e+02 1.717923456747633679e+02 2.976771772028078544e+01 0.000000000000000000e+00 0.000000000000000000e+00 -3.614863850366134557e-03
-9.069016349376191783e+02 -1.684737869334166476e+02 2.991964415349445261e+01 0.000000000000000000e+00 0.000000000000000000e+00 -1.990304421154931447e-02
-5.074993519250313625e+02 -1.735731763689736340e+02 2.269257096551602260e+01 0.000000000000000000e+00 0.000000000000000000e+00 -4.258809018929454737e-02
-5.077054927837386913e+02 -4.827469206052091408e+02 2.499659362352264225e+01 0.000000000000000000e+00 0.000000000000000000e+00 1.037413474157844462e-02
-7.106807273005192656e+02 -6.443779533482411352e+02 3.020427899223424362e+01 0.000000000000000000e+00 0.000000000000000000e+00 -6.475782387024509035e-03
-8.802629219504843832e+02 -5.238809605457051930e+02 3.205868282819859161e+01 0.000000000000000000e+00 0.000000000000000000e+00 2.026241473678425109e-02
-9.032687624969664739e+02 -8.820187777531400570e+02 3.823767943701281524e+01 0.000000000000000000e+00 0.000000000000000000e+00 2.299352907881058172e-02
-5.003767026454779625e+02 -9.330855040467233721e+02 3.210234249508177129e+01 0.000000000000000000e+00 0.000000000000000000e+00 7.690106546711206192e-03
-4.957923823846391542e+02 -1.250726002235929855e+03 3.983273275703429306e+01 0.000000000000000000e+00 0.000000000000000000e+00 3.937207652827368065e-02
-6.983181541344105199e+02 -1.352581286186791431e+03 4.585910530665654505e+01 0.000000000000000000e+00 0.000000000000000000e+00 8.360600160294495709e-03
-8.702285101892500734e+02 -1.222351755131178834e+03 4.552127225348374395e+01 0.000000000000000000e+00 0.000000000000000000e+00 -1.107030040195411402e-03
-8.996738873508786583e+02 -1.646839392032638443e+03 5.979554493388451419e+01 0.000000000000000000e+00 0.000000000000000000e+00 2.081918318617681507e-02
-5.044415232276371626e+02 -1.648231933340510977e+03 5.282655641367915678e+01 0.000000000000000000e+00 0.000000000000000000e+00 1.081296252067431851e-03
-5.059028555461118231e+02 -1.964359002399249448e+03 6.558627563923990067e+01 0.000000000000000000e+00 0.000000000000000000e+00 1.675954161068204940e-02
-7.002814487288208056e+02 -2.122551859019063613e+03 7.576625621611444217e+01 0.000000000000000000e+00 0.000000000000000000e+00 -4.680022563405827896e-02
-8.936182995021168836e+02 -1.960036686952596256e+03 7.226854310915558699e+01 0.000000000000000000e+00 0.000000000000000000e+00 4.248292361211269963e-03
-8.907843763089963431e+02 -2.351775062478649488e+03 9.107239146571362198e+01 0.000000000000000000e+00 0.000000000000000000e+00 -5.974124436659167259e-02
-5.079655366598692581e+02 -2.361597126604767709e+03 8.478472013891135362e+01 0.000000000000000000e+00 0.000000000000000000e+00 -5.411077112567852510e-02
-5.116361897885329313e+02 -2.677780268345675722e+03 1.026476031085645531e+02 0.000000000000000000e+00 0.000000000000000000e+00 -9.180231361298751835e-03
-7.105327449713613532e+02 -2.761261978397910298e+03 1.108403814575951714e+02 0.000000000000000000e+00 0.000000000000000000e+00 -9.290153993475769312e-03
-8.948627419642072027e+02 -2.671301380245635301e+03 1.091407875191877679e+02 0.000000000000000000e+00 0.000000000000000000e+00 2.654561771950625371e-02
-9.028341605296764101e+02 -3.006185962017083966e+03 1.307107370187158892e+02 0.000000000000000000e+00 0.000000000000000000e+00 1.537138674791549420e-03
-5.149762041512561836e+02 -3.006654797885045355e+03 1.236764159189153247e+02 0.000000000000000000e+00 0.000000000000000000e+00 -2.554710261631498724e-02
1.856277093623435803e+02 -3.068492513555357618e+03 1.249451980547222263e+02 0.000000000000000000e+00 0.000000000000000000e+00 -3.439463290416711061e-02
-1.934929595322963110e+02 -3.069332011249936386e+03 1.250414365466938023e+02 0.000000000000000000e+00 0.000000000000000000e+00 -2.855066461292210533e-02
6.500016213832618739e+00 -2.832432461074058210e+03 1.088583318353117022e+02 0.000000000000000000e+00 0.000000000000000000e+00 -8.200999429590183354e-03
1.886141703824719116e+02 -2.676601268853590227e+03 9.969622857773006785e+01 0.000000000000000000e+00 0.000000000000000000e+00 -3.648490179843122405e-02
-2.036521204288858371e+02 -2.670683728955509650e+03 9.941723377331186384e+01 0.000000000000000000e+00 0.000000000000000000e+00 1.478988084694776717e-02
-2.015764195376019075e+02 -2.358802691716598019e+03 8.188148037925562051e+01 0.000000000000000000e+00 0.000000000000000000e+00 1.383954098884032646e-02
1.806291234585491452e+02 -2.348585734102878178e+03 8.124342038004175492e+01 0.000000000000000000e+00 0.000000000000000000e+00 -2.467232053778900536e-02
-3.798236766113059382e+00 -2.115809250224970128e+03 6.924206455924444015e+01 0.000000000000000000e+00 0.000000000000000000e+00 5.295127141067723642e-03
1.971744285069794955e+02 -1.965332077834993015e+03 6.288692239695387798e+01 0.000000000000000000e+00 0.000000000000000000e+00 1.857198314134222983e-02
-2.045624579589481300e+02 -1.965608498203725276e+03 6.293650340676619948e+01 0.000000000000000000e+00 0.000000000000000000e+00 1.816670572104328585e-03
-1.997908862346754972e+02 -1.651077231211659182e+03 5.022406180749410254e+01 0.000000000000000000e+00 0.000000000000000000e+00 3.053884044620502891e-02
1.931379333771924394e+02 -1.645195641218343553e+03 4.997467360647601708e+01 0.000000000000000000e+00 0.000000000000000000e+00 1.026373036723526866e-02
-7.555646763912557518e+00 -1.409828007113350623e+03 4.147006856396775731e+01 0.000000000000000000e+00 0.000000000000000000e+00 2.269362307352196240e-03
1.957229850745611657e+02 -1.252833133518983914e+03 3.727140705618990069e+01 0.000000000000000000e+00 0.000000000000000000e+00 -2.217025263639982313e-02
-1.982325173198611310e+02 -1.256138675812136398e+03 3.737684896523310840e+01 0.000000000000000000e+00 0.000000000000000000e+00 1.458189426114131493e-02
-1.937573045570106274e+02 -9.380244094505331987e+02 2.951241360503869515e+01 0.000000000000000000e+00 0.000000000000000000e+00 -1.910138564191754540e-03
2.026969271185319030e+02 -9.306216165317447349e+02 2.940136924480856351e+01 0.000000000000000000e+00 0.000000000000000000e+00 -1.597586663191208345e-02
-7.972703111339090043e+00 -6.414412668709749141e+02 2.374372614865577802e+01 0.000000000000000000e+00 0.000000000000000000e+00 -1.490786249872755320e-02
1.965545754855946257e+02 -5.451199863155806042e+02 2.293606477573662872e+01 0.000000000000000000e+00 0.000000000000000000e+00 -3.896792670398596670e-02
-2.012584080078599982e+02 -5.435216985558041642e+02 2.294007752635647179e+01 0.000000000000000000e+00 0.000000000000000000e+00 -6.966569885729967382e-03
-1.964665505408389095e+02 -2.291270696704042962e+02 2.014655334817916099e+01 0.000000000000000000e+00 0.000000000000000000e+00 -1.867401107439548014e-02
1.855431766562808775e+02 -2.223311222206969830e+02 2.005810624709015855e+01 0.000000000000000000e+00 0.000000000000000000e+00 -4.985243901948877010e-03
-5.254111406620951108e+00 1.083413539930965364e+01 1.905171021398589204e+01 0.000000000000000000e+00 0.000000000000000000e+00 3.187545233870991979e-03
-1.884631685856052741e+02 1.654196486909648343e+02 1.982464151972278898e+01 0.000000000000000000e+00 0.000000000000000000e+00 -1.214955026101094404e-02
2.033062201123146338e+02 1.704615590496239577e+02 1.991927638894721042e+01 0.000000000000000000e+00 0.000000000000000000e+00 -3.555398745671922711e-02
-1.852592357595861472e+02 4.823942573575303072e+02 2.221242286994757009e+01 0.000000000000000000e+00 0.000000000000000000e+00 -1.105577268338819863e-02
1.885162972002530637e+02 4.743164660060558617e+02 2.213739546594030116e+01 0.000000000000000000e+00 0.000000000000000000e+00 -3.432370570388343367e-02
-1.504717728876989646e+01 7.132941887580254843e+02 2.502680891804899943e+01 0.000000000000000000e+00 0.000000000000000000e+00 1.671921733407444322e-02
1.825733844762783633e+02 8.763128699708762497e+02 2.854089270617846097e+01 0.000000000000000000e+00 0.000000000000000000e+00 1.164169828380323679e-02
-2.093879099023378103e+02 8.773415698054889162e+02 2.870033648528438874e+01 0.000000000000000000e+00 0.000000000000000000e+00 2.112106288919335384e-03
-2.150441299106566362e+02 1.192303589260867511e+03 3.656126923644976046e+01 0.000000000000000000e+00 0.000000000000000000e+00 -5.329821363623921116e-03
1.857695896041175843e+02 1.196460919642582894e+03 3.652581445986716346e+01 0.000000000000000000e+00 0.000000000000000000e+00 3.274385933380585811e-04
-6.932106909730443078e+00 1.432254034533043296e+03 4.359399487429158171e+01 0.000000000000000000e+00 0.000000000000000000e+00 8.621192301490054888e-03
-2.081481555421955250e+02 1.591409826733347472e+03 5.006587197869872341e+01 0.000000000000000000e+00 0.000000000000000000e+00 3.047115992124815875e-02
1.959020906897873147e+02 1.593061712183347026e+03 5.006410969168223346e+01 0.000000000000000000e+00 0.000000000000000000e+00 -2.948585379911605742e-03
1.820154926560713875e+02 1.902327217832788847e+03 6.337064018154665490e+01 0.000000000000000000e+00 0.000000000000000000e+00 2.910929461798161810e-02
-1.974672593281735544e+02 1.903122744208000768e+03 6.348789524477245294e+01 0.000000000000000000e+00 0.000000000000000000e+00 6.452832763230276214e-03
7.538389412914209053e+00 2.143070691590362912e+03 7.511636334791658953e+01 0.000000000000000000e+00 0.000000000000000000e+00 5.561829537327867001e-03
-2.019445491090382916e+02 2.289710657850715052e+03 8.388632881391521323e+01 0.000000000000000000e+00 0.000000000000000000e+00 2.158339913314932801e-02
1.949375266900399879e+02 2.303132958467724166e+03 8.462972966077470005e+01 0.000000000000000000e+00 0.000000000000000000e+00 7.332917020477225378e-03
-2.048510979780089656e+02 2.609007599615057643e+03 1.038783579249366369e+02 0.000000000000000000e+00 0.000000000000000000e+00 3.306685339714476868e-02
1.847998248679415383e+02 2.617846031776617565e+03 1.043638760688072011e+02 0.000000000000000000e+00 0.000000000000000000e+00 2.077122591430224929e-02
-9.913479943926697402e+00 2.855097245438416394e+03 1.206859931320044126e+02 0.000000000000000000e+00 0.000000000000000000e+00 -4.996390097048220014e-03
-2.077067573612742422e+02 3.006406955119881786e+03 1.328709823102769860e+02 0.000000000000000000e+00 0.000000000000000000e+00 -3.713406909753302898e-03
1.944303281189870631e+02 3.013883930776622037e+03 1.333853382460816874e+02 0.000000000000000000e+00 0.000000000000000000e+00 -2.230398907633457384e-02
8.746158799915220925e+02 -3.005981126051162846e+03 1.300513030576505571e+02 0.000000000000000000e+00 0.000000000000000000e+00 2.542475651807762915e-03
4.934459375306156517e+02 -3.003538403599814501e+03 1.231871944069762890e+02 0.000000000000000000e+00 0.000000000000000000e+00 1.263840477307098809e-02
7.088505547725980023e+02 -2.832876521116131244e+03 1.153074693314283508e+02 0.000000000000000000e+00 0.000000000000000000e+00 -8.263619030500990448e-03
8.736504132179352382e+02 -2.681558100329873469e+03 1.092770019094479892e+02 0.000000000000000000e+00 0.000000000000000000e+00 8.463172719515910103e-03
5.180897475834910892e+02 -2.673527490367536757e+03 1.024774414063079178e+02 0.000000000000000000e+00 0.000000000000000000e+00 -7.109115777637953215e-03
8.736280296064435333e+02 -2.355149436380402221e+03 9.086466965695151998e+01 0.000000000000000000e+00 0.000000000000000000e+00 -2.179450291261275652e-02
5.354604874058270525e+02 -2.354205213465579163e+03 8.475947761279367398e+01 0.000000000000000000e+00 0.000000000000000000e+00 -1.551441101450734550e-02
6.792837011699396044e+02 -2.127144862449385073e+03 7.561693294176784264e+01 0.000000000000000000e+00 0.000000000000000000e+00 1.158750004606190487e-03
8.723469010343558239e+02 -1.974233478694833366e+03 7.241550902391350064e+01 0.000000000000000000e+00 0.000000000000000000e+00 -1.905041310067190352e-03
4.704764600885644086e+02 -1.958997439421521221e+03 6.491448328658118783e+01 0.000000000000000000e+00 0.000000000000000000e+00 -2.209441852386362370e-03
8.690029225956337768e+02 -1.650907081637136343e+03 5.925799000604493472e+01 0.000000000000000000e+00 0.000000000000000000e+00 -1.918846834051635142e-03
4.935976042419073337e+02 -1.648558609634539835e+03 5.270192129405383241e+01 0.000000000000000000e+00 0.000000000000000000e+00 1.496585262141536532e-02
6.838779608094557716e+02 -1.412358427472632684e+03 4.745531052809687367e+01 0.000000000000000000e+00 0.000000000000000000e+00 1.864206529976542015e-02
8.904513318527626780e+02 -1.255040866151134196e+03 4.687918351927659444e+01 0.000000000000000000e+00 0.000000000000000000e+00 3.763827781849471421e-02
4.797896261544817094e+02 -1.253910933941861231e+03 3.972483870666965089e+01 0.000000000000000000e+00 0.000000000000000000e+00 -2.171359327840605147e-02
8.892237622821461400e+02 -9.476278684820828175e+02 3.926469389186543424e+01 0.000000000000000000e+00 0.000000000000000000e+00 3.339857905949372707e-03
5.034616671788107851e+02 -9.350435881195845695e+02 3.218273651289966608e+01 0.000000000000000000e+00 0.000000000000000000e+00 8.839516923188739383e-03
6.883392973843890559e+02 -7.005560350801305276e+02 3.065847638911403550e+01 0.000000000000000000e+00 0.000000000000000000e+00 5.751041515523525050e-03
8.702462999880985990e+02 -5.450220546036275664e+02 3.208879711103797661e+01 0.000000000000000000e+00 0.000000000000000000e+00 2.047541536551023000e-02
4.957051401094190624e+02 -4.887445141154032058e+02 2.490927087678949192e+01 0.000000000000000000e+00 0.000000000000000000e+00 -4.406255522869884089e-03
8.594767694888384995e+02 -2.128164192695681152e+02 2.902978982810549979e+01 0.000000000000000000e+00 0.000000000000000000e+00 3.449970487945819286e-03
4.990269041291687699e+02 -2.268620135107722149e+02 2.282508115896272471e+01 0.000000000000000000e+00 0.000000000000000000e+00 5.399031271799970000e-03
6.905249741179482044e+02 2.283562286337212655e+01 2.518587320124666107e+01 0.000000000000000000e+00 0.000000000000000000e+00 1.983090798307074465e-02
4.848962393234372144e+02 1.736989085772899557e+02 2.243044514660590494e+01 0.000000000000000000e+00 0.000000000000000000e+00 -2.025515844567848944e-02
8.616779372384190765e+02 1.620508307197890758e+02 2.893561340608489729e+01 0.000000000000000000e+00 0.000000000000000000e+00 3.005177318532048503e-02
8.932627717365762692e+02 4.864526612365379492e+02 3.219202241527931108e+01 0.000000000000000000e+00 0.000000000000000000e+00 1.039054292539276503e-02
5.023210936231920414e+02 4.850342373156902340e+02 2.507421258228123406e+01 0.000000000000000000e+00 0.000000000000000000e+00 -5.028147146745709506e-03
6.784615756684772805e+02 7.135421163492912910e+02 3.104652636438597568e+01 0.000000000000000000e+00 0.000000000000000000e+00 -1.244529993700993487e-02
8.768639993588433299e+02 8.872268389081175428e+02 3.844356194363310664e+01 0.000000000000000000e+00 0.000000000000000000e+00 2.070571766583384488e-02
5.219064945357412171e+02 8.764746912863140551e+02 3.168306565407592501e+01 0.000000000000000000e+00 0.000000000000000000e+00 3.061233006069130624e-02
8.795711238539726082e+02 1.186422463258655171e+03 4.604452200104348236e+01 0.000000000000000000e+00 0.000000000000000000e+00 -8.432623666713823241e-03
4.986841475080428268e+02 1.182063090300440763e+03 3.895003697631018724e+01 0.000000000000000000e+00 0.000000000000000000e+00 -1.534849795930881555e-02
7.055069065361070670e+02 1.430201930190733492e+03 5.017274292181551942e+01 0.000000000000000000e+00 0.000000000000000000e+00 1.507344653170150650e-02
8.631598308135775142e+02 1.594808611301020164e+03 5.963320781253662517e+01 0.000000000000000000e+00 0.000000000000000000e+00 1.871711848934154432e-02
4.892740302083134338e+02 1.587543234957173809e+03 5.254706906531757227e+01 0.000000000000000000e+00 0.000000000000000000e+00 1.738761813783185062e-02
4.769014772207982560e+02 1.914235560676972909e+03 6.657493722731527441e+01 0.000000000000000000e+00 0.000000000000000000e+00 -1.155416129159902994e-02
8.710139482853477375e+02 1.907849560907877503e+03 7.349259187463241005e+01 0.000000000000000000e+00 0.000000000000000000e+00 3.190116530649333981e-02
6.718778571026863347e+02 2.137757898830912382e+03 8.100991795781665417e+01 0.000000000000000000e+00 0.000000000000000000e+00 4.395533654147243396e-03
4.599383280287710818e+02 2.294458267613878888e+03 8.651266855565326352e+01 0.000000000000000000e+00 0.000000000000000000e+00 1.079339871461115763e-02
8.781265851384782763e+02 2.355544693330400150e+03 9.785615564516851350e+01 0.000000000000000000e+00 0.000000000000000000e+00 -1.752580125571512326e-02
8.601516188510636312e+02 2.620910197594688270e+03 1.144154452780124416e+02 0.000000000000000000e+00 0.000000000000000000e+00 1.182673036311143733e-03
4.919998715679278121e+02 2.607338430330581559e+03 1.065535326807164864e+02 0.000000000000000000e+00 0.000000000000000000e+00 -1.461555660058877493e-02
6.711573113002694981e+02 2.863929549977194711e+03 1.276813129768314781e+02 0.000000000000000000e+00 0.000000000000000000e+00 1.231210686978556623e-02
4.599736376426003517e+02 3.003446929262242065e+03 1.350207053021455579e+02 0.000000000000000000e+00 0.000000000000000000e+00 -1.338095874027089849e-02
8.831075561161345604e+02 3.071303153625312461e+03 1.485099628623700596e+02 0.000000000000000000e+00 0.000000000000000000e+00 8.482203979923497172e-03
1.590774622286302019e+03 3.002529003984112478e+03 1.679217039249728032e+02 0.000000000000000000e+00 0.000000000000000000e+00 -3.417903953737777556e-02
1.195148494887096831e+03 3.013800623469865968e+03 1.531081617889440452e+02 0.000000000000000000e+00 0.000000000000000000e+00 5.049775314489579614e-04
1.355456089698058577e+03 2.906228893525998501e+03 1.504957413254778373e+02 0.000000000000000000e+00 0.000000000000000000e+00 -1.145206695153433429e-02
1.192894180056253617e+03 2.667098097853408945e+03 1.271543615532046374e+02 0.000000000000000000e+00 0.000000000000000000e+00 5.437355568176371889e-04
1.565582635414124297e+03 2.679136474715101031e+03 1.424613555664863043e+02 0.000000000000000000e+00 0.000000000000000000e+00 -1.247983373136207774e-02
1.573496963587266919e+03 2.306286007506711030e+03 1.185489593392718888e+02 0.000000000000000000e+00 0.000000000000000000e+00 2.014368629393459287e-02
1.175531246659550789e+03 2.299853719271417049e+03 1.029862170628284872e+02 0.000000000000000000e+00 0.000000000000000000e+00 1.886301615431307255e-02
1.379896124123069967e+03 2.208319507113053078e+03 1.049146699315086551e+02 0.000000000000000000e+00 0.000000000000000000e+00 4.130640535834118054e-03
1.187138119256565915e+03 1.967643460341539139e+03 8.529225044428332581e+01 0.000000000000000000e+00 0.000000000000000000e+00 7.534948550556919145e-03
1.553905943073165190e+03 1.975101780830223788e+03 9.945167188096181121e+01 0.000000000000000000e+00 0.000000000000000000e+00 2.856704405134280478e-02
1.599490279487259386e+03 1.648759476683045023e+03 8.636869405312290837e+01 0.000000000000000000e+00 0.000000000000000000e+00 -3.664379491397085076e-04
1.177824634423488533e+03 1.657907270563792508e+03 7.085885414126634885e+01 0.000000000000000000e+00 0.000000000000000000e+00 -6.658065724792550100e-03
1.348788946714897520e+03 1.475907377762867327e+03 6.956493043127922249e+01 0.000000000000000000e+00 0.000000000000000000e+00 1.092868290626825001e-02
1.540341819815730105e+03 1.226312619811378227e+03 6.858410288548564893e+01 0.000000000000000000e+00 0.000000000000000000e+00 2.597992373611646144e-02
1.210870006428187253e+03 1.248149219120919952e+03 5.712014856886104752e+01 0.000000000000000000e+00 0.000000000000000000e+00 1.105892260309104813e-02
1.587265344281022408e+03 9.411235360323530585e+02 6.283579291916102960e+01 0.000000000000000000e+00 0.000000000000000000e+00 -3.882643050004475072e-02
1.198124686319797547e+03 9.357803021981760594e+02 4.832406072152210186e+01 0.000000000000000000e+00 0.000000000000000000e+00 1.226498668521003310e-02
1.410787974911967694e+03 7.899117473040168989e+02 5.257058922324379324e+01 0.000000000000000000e+00 0.000000000000000000e+00 -3.221781868603557086e-03
1.566455107332299121e+03 4.795750396436045548e+02 5.378658025480241633e+01 0.000000000000000000e+00 0.000000000000000000e+00 2.368502740232258930e-03
1.170523858313376650e+03 4.850593831563014078e+02 3.964540548055133939e+01 0.000000000000000000e+00 0.000000000000000000e+00 1.939004316057690858e-02
1.545932085711149966e+03 2.106204312410224588e+02 5.057745036383821002e+01 0.000000000000000000e+00 0.000000000000000000e+00 -2.254232212307982763e-02
1.193766316360684868e+03 2.266320315203869313e+02 3.809710594968713337e+01 0.000000000000000000e+00 0.000000000000000000e+00 1.994114933010848745e-02
1.388556075021859442e+03 7.535092674982196570e+01 4.403012258907453713e+01 0.000000000000000000e+00 0.000000000000000000e+00 2.295023451520705748e-02
1.576735604431336924e+03 -1.612785657231248990e+02 5.137285655623011138e+01 0.000000000000000000e+00 0.000000000000000000e+00 1.118127970683246986e-02
1.202079441854818469e+03 -1.678923520344758913e+02 3.793036669815897710e+01 0.000000000000000000e+00 0.000000000000000000e+00 2.314688893942218328e-02
1.576240072010992662e+03 -4.832453274753108872e+02 5.355256030672402545e+01 0.000000000000000000e+00 0.000000000000000000e+00 -1.070795491168752278e-02
1.182671704063118796e+03 -4.781662521646396726e+02 3.953014886968347241e+01 0.000000000000000000e+00 0.000000000000000000e+00 1.115697183009700666e-02
1.385776454778516836e+03 -6.879442717049888643e+02 4.893812790818011393e+01 0.000000000000000000e+00 0.000000000000000000e+00 -1.906984185053772762e-02
1.571916721060508507e+03 -8.724311944771485514e+02 5.920261400845670607e+01 0.000000000000000000e+00 0.000000000000000000e+00 1.452040061947457161e-02
1.192020915511489193e+03 -8.839367729667139884e+02 4.598340450008177527e+01 0.000000000000000000e+00 0.000000000000000000e+00 1.965294194734212851e-02
1.580774344791957219e+03 -1.191983242776216230e+03 6.690531279903828477e+01 0.000000000000000000e+00 0.000000000000000000e+00 -5.282072204693122330e-03
1.188638668559620555e+03 -1.184655386272097985e+03 5.283614447520371016e+01 0.000000000000000000e+00 0.000000000000000000e+00 2.557735374541891815e-02
1.375665414105063746e+03 -1.365715514999967354e+03 6.410864234398269446e+01 0.000000000000000000e+00 0.000000000000000000e+00 2.471857961069190424e-02
1.577080617167438959e+03 -1.600542913475319438e+03 7.949159992655806661e+01 0.000000000000000000e+00 0.000000000000000000e+00 1.758725398278215835e-02
1.180701765973148667e+03 -1.589011849980465286e+03 6.512843476080610117e+01 0.000000000000000000e+00 0.000000000000000000e+00 -1.094629795250057214e-02
1.573383525799324616e+03 -1.957933212826486624e+03 9.356617571010377787e+01 0.000000000000000000e+00 0.000000000000000000e+00 -4.393333614028449574e-02
1.181646914041213904e+03 -1.959654736070923036e+03 7.984942392692279611e+01 0.000000000000000000e+00 0.000000000000000000e+00 5.372069281932567719e-03
1.390227516458181526e+03 -2.069239316255881477e+03 9.163286531108954591e+01 0.000000000000000000e+00 0.000000000000000000e+00 -4.571620953825572542e-03
1.199586260905661447e+03 -2.332580660678960612e+03 9.830004763804373624e+01 0.000000000000000000e+00 0.000000000000000000e+00 1.501784837227688740e-01
1.555305079323414930e+03 -2.360471003262535305e+03 1.123356375899105331e+02 0.000000000000000000e+00 0.000000000000000000e+00 1.432241202508066635e-02
1.595455686247449194e+03 -2.613327398987820288e+03 1.281247781525503626e+02 0.000000000000000000e+00 0.000000000000000000e+00 8.675758561679458580e-03
1.169171319139637262e+03 -2.620532058240982224e+03 1.133760677913422938e+02 0.000000000000000000e+00 0.000000000000000000e+00 -1.908502006479295687e-02
1.372271668841712881e+03 -2.786365822140090586e+03 1.301117933451356805e+02 0.000000000000000000e+00 0.000000000000000000e+00 7.728455162123282207e-03
1.178496436095774243e+03 -3.019206608425308787e+03 1.389973490868788701e+02 0.000000000000000000e+00 0.000000000000000000e+00 -1.375654860609643038e-02
1.574843716879232716e+03 -3.015903512794055132e+03 1.529252028484187065e+02 0.000000000000000000e+00 0.000000000000000000e+00 3.035771933284081570e-02
2.275637566360910114e+03 -2.286345288550181067e+03 1.442549482529380214e+02 0.000000000000000000e+00 0.000000000000000000e+00 -9.974286851559099887e-03
1.901166943344288939e+03 -2.302833792689069924e+03 1.247466691239168028e+02 0.000000000000000000e+00 0.000000000000000000e+00 -9.784712208315227144e-03
2.070973359213170625e+03 -2.122857973538933948e+03 1.245237981790624104e+02 0.000000000000000000e+00 0.000000000000000000e+00 -6.083703112281568792e-03
2.276558431491034753e+03 -1.968999698181351732e+03 1.290682591780495443e+02 0.000000000000000000e+00 0.000000000000000000e+00 1.882258872296915797e-02
1.889468011785223325e+03 -1.946570271106659447e+03 1.071532966328880434e+02 0.000000000000000000e+00 0.000000000000000000e+00 1.332408719565592037e-02
2.258712255056255799e+03 -1.656017064644339598e+03 1.152737571494552924e+02 0.000000000000000000e+00 0.000000000000000000e+00 -4.123230588675141917e-03
1.881119644013591142e+03 -1.643978980653379949e+03 9.457797158831228046e+01 0.000000000000000000e+00 0.000000000000000000e+00 1.068595417255835400e-02
2.066640956273273787e+03 -1.410016976161138246e+03 9.605962159915165444e+01 0.000000000000000000e+00 0.000000000000000000e+00 2.522382955379498526e-02
2.276624203385007149e+03 -1.257510431596190529e+03 1.033749178572904839e+02 0.000000000000000000e+00 0.000000000000000000e+00 4.939065119089036671e-03
1.922366844114859987e+03 -1.240054179782544679e+03 8.360121059325632586e+01 0.000000000000000000e+00 0.000000000000000000e+00 1.364964307475702299e-02
2.270757399473010082e+03 -9.287049125814613717e+02 9.508306471793278547e+01 0.000000000000000000e+00 0.000000000000000000e+00 -9.744217427410717391e-03
1.885506646871512430e+03 -9.410067083395255167e+02 7.454862923399420538e+01 0.000000000000000000e+00 0.000000000000000000e+00 -2.077146238623583940e-02
2.089092742333384194e+03 -7.071272804593661476e+02 8.080536646056849293e+01 0.000000000000000000e+00 0.000000000000000000e+00 9.116453089475839988e-03
2.288445042014004684e+03 -5.482454476804118713e+02 9.005580251153538995e+01 0.000000000000000000e+00 0.000000000000000000e+00 -1.251800513725243036e-02
1.886135264824373962e+03 -5.388252977656821940e+02 6.805215200457678293e+01 0.000000000000000000e+00 0.000000000000000000e+00 -3.570917195257550247e-02
2.291693319103727845e+03 -2.137727088985928958e+02 8.768864131904695114e+01 0.000000000000000000e+00 0.000000000000000000e+00 5.258678724629817225e-03
1.872849753046404658e+03 -2.338339496794183390e+02 6.493089392891127432e+01 0.000000000000000000e+00 0.000000000000000000e+00 -2.459106203561134407e-02
2.092180162117875170e+03 1.926191496722467988e+01 7.593247711524642796e+01 0.000000000000000000e+00 0.000000000000000000e+00 -2.892137090582025394e-02
2.288813202064872712e+03 1.608596033340560609e+02 8.778051799721090731e+01 0.000000000000000000e+00 0.000000000000000000e+00 -1.034403407032868927e-02
1.884583299158192631e+03 1.693766004679878563e+02 6.557395096609670304e+01 0.000000000000000000e+00 0.000000000000000000e+00 -4.402902579030865127e-03
2.277400293431064256e+03 4.702927805999701150e+02 8.984917106606579296e+01 0.000000000000000000e+00 0.000000000000000000e+00 1.298671827449027205e-02
1.911793269552155834e+03 4.722207355197385823e+02 6.953611475911114326e+01 0.000000000000000000e+00 0.000000000000000000e+00 -1.382570401975158347e-02
2.080158081198435866e+03 7.156191607628151132e+02 8.220419799260419325e+01 0.000000000000000000e+00 0.000000000000000000e+00 -2.107153372854497775e-02
2.274729618466953980e+03 8.835020606767691334e+02 9.704205790894656047e+01 0.000000000000000000e+00 0.000000000000000000e+00 -9.695611347609656150e-03
1.906721026931372990e+03 8.894719202554736057e+02 7.653460598471949083e+01 0.000000000000000000e+00 0.000000000000000000e+00 -9.634222146800652808e-03
2.284345899886172901e+03 1.193206460674839491e+03 1.059723207696915210e+02 0.000000000000000000e+00 0.000000000000000000e+00 -3.091441398220240444e-02
1.902014339500799224e+03 1.192387543537066222e+03 8.429068544014131703e+01 0.000000000000000000e+00 0.000000000000000000e+00 -1.217109542450600657e-02
2.084220340012875567e+03 1.421947766583844668e+03 1.017934633689299773e+02 0.000000000000000000e+00 0.000000000000000000e+00 1.439779740287860932e-02
2.246276206741483747e+03 1.597468108633656129e+03 1.182356280727442908e+02 0.000000000000000000e+00 0.000000000000000000e+00 1.202822928996738483e-02
1.937375745058041275e+03 1.620158593916973359e+03 1.014713778446992904e+02 0.000000000000000000e+00 0.000000000000000000e+00 -8.443435899863516170e-03
2.287012791031101187e+03 1.899971626552909356e+03 1.345796406751504151e+02 0.000000000000000000e+00 0.000000000000000000e+00 9.390579276242760898e-03
1.908980744277710301e+03 1.907823465792371280e+03 1.130228363657147383e+02 0.000000000000000000e+00 0.000000000000000000e+00 -1.081652315939152231e-02
2.098721675112049070e+03 2.151499779938150368e+03 1.364308656057236817e+02 0.000000000000000000e+00 0.000000000000000000e+00 3.991157949997159449e-03
2.277657950213596450e+03 2.298468353715443754e+03 1.560161148300640832e+02 0.000000000000000000e+00 0.000000000000000000e+00 2.884494161335737772e-02
1.884651189304809350e+03 2.309600844908440195e+03 1.337516356790933969e+02 0.000000000000000000e+00 0.000000000000000000e+00 -1.285341578380894134e-03
2.971844204355390502e+03 -1.578837095913522489e+03 1.615722621428468528e+02 0.000000000000000000e+00 0.000000000000000000e+00 1.600371764527608320e-02
2.590441299249045642e+03 -1.584457979561995671e+03 1.337169825140460375e+02 0.000000000000000000e+00 0.000000000000000000e+00 1.995649156242507161e-03
2.785813210346601409e+03 -1.419344507459898750e+03 1.420195714025253722e+02 0.000000000000000000e+00 0.000000000000000000e+00 -5.805192838380435205e-03
2.980750274481003544e+03 -1.267962656096922274e+03 1.524096849619736815e+02 0.000000000000000000e+00 0.000000000000000000e+00 1.739123912045670295e-02
2.588812333176751508e+03 -1.257277038583652029e+03 1.232411009175150411e+02 0.000000000000000000e+00 0.000000000000000000e+00 -1.313902031142788474e-03
2.995978424714205175e+03 -9.428029355862397551e+02 1.457419461600701709e+02 0.000000000000000000e+00 0.000000000000000000e+00 2.635538365652223547e-02
2.593501251870278338e+03 -9.488642417699677480e+02 1.160674846494398622e+02 0.000000000000000000e+00 0.000000000000000000e+00 2.869167654624504848e-02
2.762327816379450269e+03 -6.990289556603399888e+02 1.235755825922128253e+02 0.000000000000000000e+00 0.000000000000000000e+00 -2.793114507781524480e-03
2.968936339768586549e+03 -5.485624656863893733e+02 1.373897445673615039e+02 0.000000000000000000e+00 0.000000000000000000e+00 -2.880661021947616973e-03
2.601201325961390921e+03 -5.437894006235194411e+02 1.101221581057777996e+02 0.000000000000000000e+00 0.000000000000000000e+00 3.833340374242766302e-03
2.972046575179278989e+03 -2.284843010762948268e+02 1.353247997892583783e+02 0.000000000000000000e+00 0.000000000000000000e+00 -3.695087509527184011e-02
2.606629241373357218e+03 -2.258944079456171039e+02 1.081187999095303951e+02 0.000000000000000000e+00 0.000000000000000000e+00 9.282902299801776280e-03
2.779426738397799454e+03 -1.917245174183324741e+00 1.203110451429751464e+02 0.000000000000000000e+00 0.000000000000000000e+00 -2.273008156264211266e-02
2.974069776184302100e+03 1.575753355717456543e+02 1.359883634475841632e+02 0.000000000000000000e+00 0.000000000000000000e+00 -2.542718315535807960e-02
2.650336112627458988e+03 2.060367436724750689e+02 1.118254134383606555e+02 0.000000000000000000e+00 0.000000000000000000e+00 -3.009183163278805750e-02
2.987559908800619723e+03 4.710488471668327861e+02 1.401778496603299686e+02 0.000000000000000000e+00 0.000000000000000000e+00 1.776884228237918251e-02
2.584304135217787007e+03 4.690172194191356425e+02 1.097983733984342649e+02 0.000000000000000000e+00 0.000000000000000000e+00 -9.171212944920625887e-04
2.780567268284852616e+03 7.072747541814446777e+02 1.278819649671842456e+02 0.000000000000000000e+00 0.000000000000000000e+00 2.787282937819668405e-02
2.973313067752203096e+03 8.781363461985333743e+02 1.467212706349139637e+02 0.000000000000000000e+00 0.000000000000000000e+00 -2.011440989207358143e-03
2.612844168992261530e+03 8.870961096686993415e+02 1.194686440885545267e+02 0.000000000000000000e+00 0.000000000000000000e+00 -8.123398955802940691e-03
2.980583008777934992e+03 1.184525298865875584e+03 1.559143804308680217e+02 0.000000000000000000e+00 0.000000000000000000e+00 7.082645101917250940e-03
2.596694792704705833e+03 1.192320522540778256e+03 1.267267965945854655e+02 0.000000000000000000e+00 0.000000000000000000e+00 4.783056522697393120e-03
2.774927986211478128e+03 1.425392540435534102e+03 1.479872265427365221e+02 0.000000000000000000e+00 0.000000000000000000e+00 -2.997331782566448055e-02
2.977397537120962625e+03 1.583208218900625525e+03 1.705433689959745607e+02 0.000000000000000000e+00 0.000000000000000000e+00 6.632183919407452777e-03
2.661520050230153629e+03 1.621707728840458230e+03 1.473940333515206760e+02 0.000000000000000000e+00 0.000000000000000000e+00 -2.843008660696000334e-02
