# x y z x_res y_res z_res
-2.999200587886440644e+03 -1.662625493109426316e+03 1.667976368299430305e+02 0.000000000000000000e+00 0.000000000000000000e+00 2.041747539834659619e-02
-2.621582331921732020e+03 -1.652404377113040255e+03 1.383161093354045192e+02 0.000000000000000000e+00 0.000000000000000000e+00 1.152795434751396897e-02
-2.792435769497139063e+03 -1.421454509545743576e+03 1.425748529225141681e+02 0.000000000000000000e+00 0.000000000000000000e+00 9.468804666227015332e-03
-2.622213178126153252e+03 -1.248319424379083102e+03 1.252808893263942878e+02 0.000000000000000000e+00 0.000000000000000000e+00 5.552796254022496214e-03
-2.960535259992096144e+03 -1.226307576456916195e+03 1.496628100763047655e+02 0.000000000000000000e+00 0.000000000000000000e+00 4.890845790157527517e-02
-2.638541517776585351e+03 -9.238232842289421569e+02 1.186603055062378331e+02 0.000000000000000000e+00 0.000000000000000000e+00 -6.776006510662568871e-03
-2.812655753819045913e+03 -7.155471249572160559e+02 1.275439690755494411e+02 0.000000000000000000e+00 0.000000000000000000e+00 -2.188112205342918060e-02
-3.013842484070518822e+03 -5.389746119418796297e+02 1.408773650557664325e+02 0.000000000000000000e+00 0.000000000000000000e+00 -1.560191987010739467e-03
-2.630420862723306072e+03 -5.204843922117842112e+02 1.118877278104881725e+02 0.000000000000000000e+00 0.000000000000000000e+00 4.904080903955332360e-03
-2.978756276031648213e+03 -2.404380129751526169e+02 1.359024985909562986e+02 0.000000000000000000e+00 0.000000000000000000e+00 -2.326122609096614724e-02
-2.794390899922905191e+03 9.144010201386301162e+00 1.214497215966585344e+02 0.000000000000000000e+00 0.000000000000000000e+00 -1.875326930395715408e-02
-2.606667281165189252e+03 1.599852610606301369e+02 1.084730180591762405e+02 0.000000000000000000e+00 0.000000000000000000e+00 -1.810464097277986184e-02
-2.952537205949497547e+03 1.728704630373937334e+02 1.343607634379241347e+02 0.000000000000000000e+00 0.000000000000000000e+00 -2.191743097941412088e-02
-2.981698603763053598e+03 4.691916632945361698e+02 1.396770156402778582e+02 0.000000000000000000e+00 0.000000000000000000e+00 2.094323432206124380e-02
-2.638285535159136998e+03 5.013114917692706740e+02 1.140264237269582992e+02 0.000000000000000000e+00 0.000000000000000000e+00 -1.697545893870255895e-02
-2.805045523852658789e+03 7.170561289532266755e+02 1.299298945537298380e+02 0.000000000000000000e+00 0.000000000000000000e+00 1.844189782505623043e-02
-2.980194202050466174e+03 8.642680575159458840e+02 1.469510043405657598e+02 0.000000000000000000e+00 0.000000000000000000e+00 -1.840395199667455017e-02
-2.632383466792094623e+03 8.902016237921914126e+02 1.209339275385823669e+02 0.000000000000000000e+00 0.000000000000000000e+00 -5.758382670876471821e-03
-2.992603909280839162e+03 1.178851259806875305e+03 1.567248996359205364e+02 0.000000000000000000e+00 0.000000000000000000e+00 1.390602353609438069e-03
-2.609606294949368475e+03 1.185476126766694279e+03 1.274316162153089635e+02 0.000000000000000000e+00 0.000000000000000000e+00 -3.903646403330185422e-03
-2.801733005782275086e+03 1.434765052483323188e+03 1.504134022589634014e+02 0.000000000000000000e+00 0.000000000000000000e+00 1.113422390199048095e-02
-2.978958845708017179e+03 1.575925885892846281e+03 1.703630261153167567e+02 0.000000000000000000e+00 0.000000000000000000e+00 7.436159352209870121e-04
-2.632314854300586831e+03 1.607981211251230434e+03 1.446629100473840310e+02 0.000000000000000000e+00 0.000000000000000000e+00 3.430420145335233428e-02
-2.326846358499369217e+03 2.308549990432718914e+03 1.598207607129500047e+02 0.000000000000000000e+00 0.000000000000000000e+00 -6.982562487451104971e-03
-1.943873405548775736e+03 2.303325049343268347e+03 1.365430644160436771e+02 0.000000000000000000e+00 0.000000000000000000e+00 -2.054648392970648274e-04
-2.066098292449180008e+03 2.179549916929004212e+03 1.361258192807670468e+02 0.000000000000000000e+00 0.000000000000000000e+00 1.031517839490447841e-02
-1.945665859353915266e+03 1.921256832084743337e+03 1.156380710634193179e+02 0.000000000000000000e+00 0.000000000000000000e+00 6.088259500401704827e-03
-2.318015011922975646e+03 1.902311477036726046e+03 1.366788237999003570e+02 0.000000000000000000e+00 0.000000000000000000e+00 -2.299583656420622901e-02
-2.329084806034044959e+03 1.616216029971402122e+03 1.242298768101384354e+02 0.000000000000000000e+00 0.000000000000000000e+00 -6.421820370874797845e-03
-1.934741130845799262e+03 1.602920054809289468e+03 1.006202316859856722e+02 0.000000000000000000e+00 0.000000000000000000e+00 7.441417265994232366e-04
-2.110453655842854459e+03 1.476567934857801447e+03 1.053290984354255926e+02 0.000000000000000000e+00 0.000000000000000000e+00 -6.326727761916117743e-03
-2.309573337073396488e+03 1.245047563386338197e+03 1.091862144163489461e+02 0.000000000000000000e+00 0.000000000000000000e+00 -1.010268158205462896e-02
-1.941841106051819452e+03 1.239802423239953669e+03 8.782146658547208062e+01 0.000000000000000000e+00 0.000000000000000000e+00 1.661916105483385309e-02
-1.924930046547372285e+03 9.285716649551642377e+02 7.836993414681924719e+01 0.000000000000000000e+00 0.000000000000000000e+00 1.170456202225977904e-02
-2.307966114952605039e+03 9.389450478695567881e+02 1.004090012990096312e+02 0.000000000000000000e+00 0.000000000000000000e+00 2.375751010194449009e-02
-2.133460385116007274e+03 7.664223007602612370e+02 8.617862611195265288e+01 0.000000000000000000e+00 0.000000000000000000e+00 8.447801397764465037e-03
-2.322164689833771718e+03 5.032812056047534384e+02 9.302921647124551896e+01 0.000000000000000000e+00 0.000000000000000000e+00 -2.330653218564293638e-03
-1.944084274435833777e+03 5.036666631071229290e+02 7.158235898543875919e+01 0.000000000000000000e+00 0.000000000000000000e+00 -1.513268763598318856e-02
-1.934548947043806265e+03 2.014294754350627841e+02 6.825314716272259830e+01 0.000000000000000000e+00 0.000000000000000000e+00 1.895447633806668364e-02
-2.133263314672015895e+03 3.354436210060346468e+01 7.824196367817594933e+01 0.000000000000000000e+00 0.000000000000000000e+00 6.066783356857285980e-04
-2.328979524260849303e+03 -1.910621094095381238e+02 8.987908908231813143e+01 0.000000000000000000e+00 0.000000000000000000e+00 2.724052627564788054e-02
-1.941223462708946954e+03 -1.977754402606000497e+02 6.818351321045372515e+01 0.000000000000000000e+00 0.000000000000000000e+00 2.078259142734850684e-04
-1.929527386829331817e+03 -4.997694772647027435e+02 6.976612096719226486e+01 0.000000000000000000e+00 0.000000000000000000e+00 -1.888352293292427930e-03
-2.274157560012773047e+03 -5.380807927975539542e+02 8.908562080993598897e+01 0.000000000000000000e+00 0.000000000000000000e+00 -9.190987014520146658e-03
-2.298889922291490166e+03 -8.912709286553753145e+02 9.601424644112886142e+01 0.000000000000000000e+00 0.000000000000000000e+00 -3.641130833690908730e-02
-1.935083439542947417e+03 -9.102990606751028508e+02 7.636940854827815883e+01 0.000000000000000000e+00 0.000000000000000000e+00 3.943316595382384548e-03
-1.929780154504834172e+03 -1.207202606691377468e+03 8.307547723033793829e+01 0.000000000000000000e+00 0.000000000000000000e+00 -1.984852935777325911e-03
-2.323728112941330892e+03 -1.201050689275087279e+03 1.046589305431526782e+02 0.000000000000000000e+00 0.000000000000000000e+00 -7.907339241313593448e-03
-2.136528544967569815e+03 -1.374037272318164241e+03 9.875033531164476130e+01 0.000000000000000000e+00 0.000000000000000000e+00 2.693710229631562925e-02
-2.290293681116354037e+03 -1.597292323552406287e+03 1.150059562328070797e+02 0.000000000000000000e+00 0.000000000000000000e+00 1.493631050661292647e-02
-1.922228295318367373e+03 -1.603654508313209362e+03 9.513035142932196209e+01 0.000000000000000000e+00 0.000000000000000000e+00 -2.404893412527542296e-02
-1.910395078645169633e+03 -1.916283956275260607e+03 1.068679072106151580e+02 0.000000000000000000e+00 0.000000000000000000e+00 3.497827524427066237e-03
-2.298006715080344293e+03 -1.907487378120399853e+03 1.276649823835981010e+02 0.000000000000000000e+00 0.000000000000000000e+00 2.102091758003155064e-02
-2.123570657317432051e+03 -2.096448464312307806e+03 1.261359409533338294e+02 0.000000000000000000e+00 0.000000000000000000e+00 -8.715983506618840693e-03
-1.924471752986868296e+03 -2.311576785881215528e+03 1.263568514083092396e+02 0.000000000000000000e+00 0.000000000000000000e+00 -1.769284381053637389e-02
-2.289632755321742934e+03 -2.307382572212145078e+03 1.461848019151184701e+02 0.000000000000000000e+00 0.000000000000000000e+00 -1.630329358570747900e-02
-1.615069412424942811e+03 -3.068975499110877990e+03 1.582677002722207362e+02 0.000000000000000000e+00 0.000000000000000000e+00 -1.553626294497689742e-02
-1.220040149564548301e+03 -3.018575175018271693e+03 1.402425048826514171e+02 0.000000000000000000e+00 0.000000000000000000e+00 3.956828070784013107e-03
-1.399723870618414821e+03 -2.831750695874132361e+03 1.339730612558277301e+02 0.000000000000000000e+00 0.000000000000000000e+00 3.993856720327926269e-02
-1.603906170253102573e+03 -2.663675663649010403e+03 1.314724557167155297e+02 0.000000000000000000e+00 0.000000000000000000e+00 -5.174112643402395406e-03
-1.212619739066531565e+03 -2.675505569948573338e+03 1.179770640790456611e+02 0.000000000000000000e+00 0.000000000000000000e+00 1.473075490210362659e-02
-1.615919699968755367e+03 -2.356704029074607206e+03 1.146106871790949810e+02 0.000000000000000000e+00 0.000000000000000000e+00 -1.648708956949462845e-02
-1.222093882422119577e+03 -2.354236052478783677e+03 1.001339892911196330e+02 0.000000000000000000e+00 0.000000000000000000e+00 -8.809890281739285456e-03
-1.416274176431033311e+03 -2.120951821574222777e+03 9.499405496313343633e+01 0.000000000000000000e+00 0.000000000000000000e+00 1.794595033985046939e-03
-1.618768433786322703e+03 -1.958375782912739851e+03 9.544426332087402898e+01 0.000000000000000000e+00 0.000000000000000000e+00 1.130695472214426900e-02
-1.193272262665007702e+03 -1.959613056238561512e+03 8.019924057477820156e+01 0.000000000000000000e+00 0.000000000000000000e+00 6.495355476705810815e-02
-1.197559824335141684e+03 -1.650068774949477302e+03 6.784744739493035581e+01 0.000000000000000000e+00 0.000000000000000000e+00 2.543714321757306607e-02
-1.595495899581378353e+03 -1.658752369203052695e+03 8.236019637635382651e+01 0.000000000000000000e+00 0.000000000000000000e+00 -1.421286361008355925e-03
-1.390426847564622221e+03 -1.411255803971706655e+03 6.604212492182277572e+01 0.000000000000000000e+00 0.000000000000000000e+00 1.972304837153160406e-02
-1.603952915538543721e+03 -1.251188252752589506e+03 6.946456731540448004e+01 0.000000000000000000e+00 0.000000000000000000e+00 4.593193850976717840e-02
-1.602598998086633856e+03 -9.414835391511053331e+02 6.184556939347471882e+01 0.000000000000000000e+00 0.000000000000000000e+00 1.476587283936225958e-02
-1.204233187813278164e+03 -9.389704447512700654e+02 4.747848372007619844e+01 0.000000000000000000e+00 0.000000000000000000e+00 -4.383885477743376669e-03
-1.397045822125989616e+03 -7.090490853418044708e+02 4.966800545201219563e+01 0.000000000000000000e+00 0.000000000000000000e+00 -5.036714168369371691e-03
-1.603973682540740811e+03 -5.435505619118837330e+02 5.536696453486555924e+01 0.000000000000000000e+00 0.000000000000000000e+00 -1.608546188887771677e-02
-1.206908726901099044e+03 -5.500945438171066826e+02 4.109488425704493153e+01 0.000000000000000000e+00 0.000000000000000000e+00 -8.235493481670630445e-03
-1.208821928627535726e+03 -2.330004728383809436e+02 3.841702760520000481e+01 0.000000000000000000e+00 0.000000000000000000e+00 2.884086846052014153e-03
-1.400832783516123300e+03 6.754189275646534263e+00 4.437350236273027804e+01 0.000000000000000000e+00 0.000000000000000000e+00 -2.109728130348997865e-02
-1.201824106810681997e+03 1.730587705801800951e+02 3.807634002244618898e+01 0.000000000000000000e+00 0.000000000000000000e+00 -4.424427802447894464e-03
-1.595396367926256744e+03 1.587620588828826271e+02 5.234708358171847919e+01 0.000000000000000000e+00 0.000000000000000000e+00 -6.038100297857340593e-03
-1.585553472801218959e+03 4.769669246635423860e+02 5.454665682899005219e+01 0.000000000000000000e+00 0.000000000000000000e+00 2.941539551329697133e-03
-1.208239147623417011e+03 4.816834854100693519e+02 4.077864796087537513e+01 0.000000000000000000e+00 0.000000000000000000e+00 -4.721503481597721930e-03
-1.411880838519302870e+03 7.191102199839406239e+02 5.129277633680744941e+01 0.000000000000000000e+00 0.000000000000000000e+00 -1.245932116043491078e-02
-1.584883407110917233e+03 8.772049649577496666e+02 6.128729827665597441e+01 0.000000000000000000e+00 0.000000000000000000e+00 1.690091920330871744e-03
-1.242289532425190373e+03 8.998059489821741863e+02 4.894150664777345128e+01 0.000000000000000000e+00 0.000000000000000000e+00 -9.387999513535305596e-03
-1.602444293960307959e+03 1.192989934996045122e+03 7.019383594443503682e+01 0.000000000000000000e+00 0.000000000000000000e+00 -2.785300951322255969e-02
-1.215697398636041498e+03 1.189168305428500162e+03 5.550283102011847092e+01 0.000000000000000000e+00 0.000000000000000000e+00 -2.022222777306126318e-03
-1.435884013310557748e+03 1.442732037784408931e+03 7.162414514072315797e+01 0.000000000000000000e+00 0.000000000000000000e+00 -4.266641571163631852e-03
-1.596397969897652729e+03 1.588652515219167299e+03 8.377261144462372044e+01 0.000000000000000000e+00 0.000000000000000000e+00 8.129427663050137198e-03
-1.202332911214604792e+03 1.570961840089830730e+03 6.814008740510503515e+01 0.000000000000000000e+00 0.000000000000000000e+00 -1.601026389667481453e-02
-1.202033468554121782e+03 1.905513606588433504e+03 8.273505254233060668e+01 0.000000000000000000e+00 0.000000000000000000e+00 -1.014592503943845259e-02
-1.608062252351935513e+03 1.893018152264177388e+03 9.774579221062451495e+01 0.000000000000000000e+00 0.000000000000000000e+00 1.292207974547920912e-02
-1.406860419710579663e+03 2.137803383146658234e+03 1.020214284011490804e+02 0.000000000000000000e+00 0.000000000000000000e+00 2.159703311592409136e-02
-1.208819809662432590e+03 2.293781664291972447e+03 1.037269837877806253e+02 0.000000000000000000e+00 0.000000000000000000e+00 6.932789667217775786e-04
-1.599902854380378130e+03 2.292861843884053087e+03 1.189147044561126449e+02 0.000000000000000000e+00 0.000000000000000000e+00 1.124316116357704232e-02
-1.602014603725512643e+03 2.608805611122002119e+03 1.392025767723068839e+02 0.000000000000000000e+00 0.000000000000000000e+00 -5.338912730451284006e-03
-1.211694374027191316e+03 2.607768923952541627e+03 1.237127996432570001e+02 0.000000000000000000e+00 0.000000000000000000e+00 2.634211467804448148e-02
-1.397165277574247966e+03 2.852182674886385939e+03 1.480143384170926595e+02 0.000000000000000000e+00 0.000000000000000000e+00 4.759217845020202731e-03
-1.195520983606204027e+03 3.003440056497118803e+03 1.522957356665633313e+02 0.000000000000000000e+00 0.000000000000000000e+00 2.121309192310150138e-02
-1.598200199589764452e+03 3.008362544587459524e+03 1.687277849615546188e+02 0.000000000000000000e+00 0.000000000000000000e+00 1.726978924540389926e-02
-9.326833955063469830e+02 3.033981703944018136e+03 1.467809150506239462e+02 0.000000000000000000e+00 0.000000000000000000e+00 -3.409032381773613452e-02
-5.095604996973276002e+02 3.058313796768743032e+03 1.400706709392856624e+02 0.000000000000000000e+00 0.000000000000000000e+00 -3.022960327115242762e-02
-7.105351825934266117e+02 2.909604089481230403e+03 1.318955372341218890e+02 0.000000000000000000e+00 0.000000000000000000e+00 -2.999308166545233689e-02
-8.896086854193555382e+02 2.670659822598278424e+03 1.185476097762386871e+02 0.000000000000000000e+00 0.000000000000000000e+00 -4.642659699726436884e-03
-5.230978582030485313e+02 2.674003968100346810e+03 1.115371434834086699e+02 0.000000000000000000e+00 0.000000000000000000e+00 -9.624629285411856472e-03
-7.020964239147386934e+02 2.200929012937150674e+03 8.504868060412013619e+01 0.000000000000000000e+00 0.000000000000000000e+00 -1.129281113439617457e-02
-9.050670936881922444e+02 2.296975822391953443e+03 9.503756569599501347e+01 0.000000000000000000e+00 0.000000000000000000e+00 -2.470519494031009344e-02
-9.052302507445084530e+02 1.972520925054291411e+03 7.747563490048847257e+01 0.000000000000000000e+00 0.000000000000000000e+00 -9.134827164686498691e-03
-5.209686262565430752e+02 1.972976606283546062e+03 7.002856631486989158e+01 0.000000000000000000e+00 0.000000000000000000e+00 1.852801230351985851e-02
-5.040282157786749053e+02 1.652381412654148789e+03 5.533495114373411639e+01 0.000000000000000000e+00 0.000000000000000000e+00 -2.215172925076558386e-03
-7.040302430933799087e+02 1.497828271717367443e+03 5.257847839145573232e+01 0.000000000000000000e+00 0.000000000000000000e+00 -1.546502294515050835e-02
-8.945857162944651009e+02 1.599571032919842537e+03 6.056578995385411446e+01 0.000000000000000000e+00 0.000000000000000000e+00 -4.598861198083170621e-03
-9.024644725294531327e+02 1.258226201887233401e+03 4.873357027525653962e+01 0.000000000000000000e+00 0.000000000000000000e+00 4.553721056424819835e-03
-5.094020444734030661e+02 1.255990815900585176e+03 4.128028567680613037e+01 0.000000000000000000e+00 0.000000000000000000e+00 2.169951688848925642e-03
-5.022636204727552354e+02 9.376398572695121629e+02 3.274913404724169652e+01 0.000000000000000000e+00 0.000000000000000000e+00 -1.435426130649375409e-02
-7.068645953641647566e+02 7.811823503267149817e+02 3.277319939692201700e+01 0.000000000000000000e+00 0.000000000000000000e+00 -8.007732843715587023e-03
-8.831715656061375057e+02 8.949219050599393768e+02 3.875569269355140989e+01 0.000000000000000000e+00 0.000000000000000000e+00 -2.140412128051849550e-02
-9.149779360239392645e+02 5.359484584610265756e+02 3.331269402825927273e+01 0.000000000000000000e+00 0.000000000000000000e+00 -2.317635357506730998e-03
-5.317216841177846618e+02 5.198951831144602238e+02 2.588437132300800414e+01 0.000000000000000000e+00 0.000000000000000000e+00 -9.021364714815405250e-03
-5.087721113470151408e+02 2.245372667292363360e+02 2.297574935657788586e+01 0.000000000000000000e+00 0.000000000000000000e+00 -2.591322485120883812e-02
-7.068929019086498329e+02 7.309618956915122112e+01 2.554303365418459038e+01 0.000000000000000000e+00 0.000000000000000000e+00 -6.760040811119694126e-03
-8.965610188604975974e+02 1.717409416844163559e+02 2.976864322787498907e+01 0.000000000000000000e+00 0.000000000000000000e+00 2.342382496099304490e-03
-9.073925810867127666e+02 -1.689120622023149565e+02 2.993269971384445682e+01 0.000000000000000000e+00 0.000000000000000000e+00 -6.630103985528990052e-03
-5.074905680545335827e+02 -1.735098823415870868e+02 2.269220843442375468e+01 0.000000000000000000e+00 0.000000000000000000e+00 -2.447693343917833886e-02
-7.107529312810046349e+02 -6.443275126039987981e+02 3.020485232398833375e+01 0.000000000000000000e+00 0.000000000000000000e+00 -6.281011797035773725e-03
-8.803278164767143608e+02 -5.238128681953455725e+02 3.205934016448107116e+01 0.000000000000000000e+00 0.000000000000000000e+00 2.041172911300748183e-02
-9.033661906242297164e+02 -8.819559708522804158e+02 3.823867432039140368e+01 0.000000000000000000e+00 0.000000000000000000e+00 2.285261920708592243e-02
-5.005411317275033980e+02 -9.332036692143702794e+02 3.210690916095109770e+01 0.000000000000000000e+00 0.000000000000000000e+00 3.273821577138846806e-03
-4.959390196845501464e+02 -1.250952659141762297e+03 3.984092379801495554e+01 0.000000000000000000e+00 0.000000000000000000e+00 2.946689469010266293e-02
-6.984668980374685816e+02 -1.352550529779036424e+03 4.586080285441295956e+01 0.000000000000000000e+00 0.000000000000000000e+00 2.865590706120002551e-02
-8.702525700928295009e+02 -1.222305878707215697e+03 4.552054769417202351e+01 0.000000000000000000e+00 0.000000000000000000e+00 2.429105079838222991e-02
-9.007042057321840502e+02 -1.646475737746828827e+03 5.980567935012119563e+01 0.000000000000000000e+00 0.000000000000000000e+00 -1.135424360939651933e-02
-5.044861239645201181e+02 -1.647836813704122733e+03 5.281258531170256276e+01 0.000000000000000000e+00 0.000000000000000000e+00 1.653309634834698727e-02
-5.061684118613303554e+02 -1.964513034885161687e+03 6.559642232425154873e+01 0.000000000000000000e+00 0.000000000000000000e+00 8.084461089239880494e-03
-7.005662276390049783e+02 -2.122553921753937630e+03 7.577141048213216834e+01 0.000000000000000000e+00 0.000000000000000000e+00 -4.591717136007389399e-02
-8.937746600433000594e+02 -1.959804874683691878e+03 7.226194531072098926e+01 0.000000000000000000e+00 0.000000000000000000e+00 1.181668068980457065e-02
-8.912401694646624719e+02 -2.352601130313926660e+03 9.112618728996972095e+01 0.000000000000000000e+00 0.000000000000000000e+00 -5.195348142552802528e-02
-5.075784432240445767e+02 -2.362235890007571470e+03 8.481342437705431792e+01 0.000000000000000000e+00 0.000000000000000000e+00 -5.241972400945371646e-02
-5.127715196514194531e+02 -2.677881119201333604e+03 1.026684750321159925e+02 0.000000000000000000e+00 0.000000000000000000e+00 -7.139800975764387658e-03
-7.107806017901336872e+02 -2.761381940574356122e+03 1.108523191111105035e+02 0.000000000000000000e+00 0.000000000000000000e+00 -1.612211189045353876e-02
-8.952464075616029504e+02 -2.671321552121765308e+03 1.091507804188987336e+02 0.000000000000000000e+00 0.000000000000000000e+00 1.203649505970361133e-02
-9.040262851819716161e+02 -3.005742116151076061e+03 1.307083682846674719e+02 0.000000000000000000e+00 0.000000000000000000e+00 3.037489072767129983e-03
-5.152093505817063033e+02 -3.006397494152221498e+03 1.236620848596287914e+02 0.000000000000000000e+00 0.000000000000000000e+00 -3.610029850977980459e-02
-1.939323145521975107e+02 -3.069147336486729728e+03 1.250308595380577401e+02 0.000000000000000000e+00 0.000000000000000000e+00 -2.221663138877261190e-02
5.967676376773575875e+00 -2.832537440190259531e+03 1.088649142324025831e+02 0.000000000000000000e+00 0.000000000000000000e+00 2.953208385406469461e-03
1.884072431626543676e+02 -2.676649075997531327e+03 9.969809943947745978e+01 0.000000000000000000e+00 0.000000000000000000e+00 -3.990470071784102402e-02
-2.038221934850678565e+02 -2.670854350036545839e+03 9.942831306773845768e+01 0.000000000000000000e+00 0.000000000000000000e+00 1.654968875784845750e-02
-2.023611200914353105e+02 -2.358834064744080479e+03 8.188714727967828821e+01 0.000000000000000000e+00 0.000000000000000000e+00 9.019079004900731888e-03
1.803934748546565174e+02 -2.348535282921041016e+03 8.123969878303302039e+01 0.000000000000000000e+00 0.000000000000000000e+00 1.739405374547686733e-02
-3.948983399640270786e+00 -2.115688768189006169e+03 6.923639611204609423e+01 0.000000000000000000e+00 0.000000000000000000e+00 -3.293375129175046823e-03
1.971213478936782906e+02 -1.965241311622255353e+03 6.288268088502377395e+01 0.000000000000000000e+00 0.000000000000000000e+00 2.745457957630748069e-02
-2.047221667117460129e+02 -1.965465992080610249e+03 6.293108323001268190e+01 0.000000000000000000e+00 0.000000000000000000e+00 5.274367885213848695e-03
-1.999474218010336699e+02 -1.650757014543923106e+03 5.021304822345760499e+01 0.000000000000000000e+00 0.000000000000000000e+00 2.314441425679802933e-02
1.890023178884767958e+02 -1.645806232312850398e+03 4.997717780256742515e+01 0.000000000000000000e+00 0.000000000000000000e+00 1.861758002725366623e-03
-7.635551104860369698e+00 -1.409725701338221825e+03 4.146685660470686230e+01 0.000000000000000000e+00 0.000000000000000000e+00 1.350030921894074254e-02
1.956851928317706211e+02 -1.252925710181312297e+03 3.727382073062861423e+01 0.000000000000000000e+00 0.000000000000000000e+00 -8.236663052521464579e-03
-1.983481697018826821e+02 -1.256166220996659831e+03 3.737820348091423739e+01 0.000000000000000000e+00 0.000000000000000000e+00 2.272048555032313288e-02
-1.938277784477565433e+02 -9.378914752171104965e+02 2.950994925815447090e+01 0.000000000000000000e+00 0.000000000000000000e+00 1.181878300613448118e-04
2.027161281351467892e+02 -9.307381905405526368e+02 2.940391292805143308e+01 0.000000000000000000e+00 0.000000000000000000e+00 -8.490107962369819461e-03
-8.006743644607199784e+00 -6.409113758180654941e+02 2.373602569276014407e+01 0.000000000000000000e+00 0.000000000000000000e+00 -1.824234372890387590e-02
1.972538808775996131e+02 -5.454109221912872272e+02 2.294317000491862402e+01 0.000000000000000000e+00 0.000000000000000000e+00 -3.782854239196709045e-02
-2.012808170569842616e+02 -5.433925755023224156e+02 2.293859745973321296e+01 0.000000000000000000e+00 0.000000000000000000e+00 -1.021002985567065480e-02
-1.963518389641156432e+02 -2.292175877784744955e+02 2.014645256844432453e+01 0.000000000000000000e+00 0.000000000000000000e+00 -2.021315160890679863e-02
1.854259926213494225e+02 -2.225605525553613404e+02 2.005871965079926866e+01 0.000000000000000000e+00 0.000000000000000000e+00 -2.326623894650836633e-02
-5.225129427536831628e+00 1.105898588602592980e+01 1.905176318834219629e+01 0.000000000000000000e+00 0.000000000000000000e+00 -2.409818987331391327e-03
-1.884059796998241154e+02 1.654230931995741116e+02 1.982437715816974944e+01 0.000000000000000000e+00 0.000000000000000000e+00 -1.556736116553736338e-02
2.033717196266794360e+02 1.703830327134592721e+02 1.991930776260781144e+01 0.000000000000000000e+00 0.000000000000000000e+00 -3.670715340424024475e-02
-1.851870899411817959e+02 4.827486979798856055e+02 2.221609701353790101e+01 0.000000000000000000e+00 0.000000000000000000e+00 1.416870162362471319e-03
1.886432548353872107e+02 4.742901449189234881e+02 2.213772349684024476e+01 0.000000000000000000e+00 0.000000000000000000e+00 -2.947196339399127396e-02
-1.509317655820826332e+01 7.135791910286029633e+02 2.503164413372390129e+01 0.000000000000000000e+00 0.000000000000000000e+00 1.659697549443350795e-02
1.827127329482104869e+02 8.764471588105399178e+02 2.854436836257593768e+01 0.000000000000000000e+00 0.000000000000000000e+00 6.982647939889119471e-03
-2.093188464949727745e+02 8.776326920911435536e+02 2.870605290106519902e+01 0.000000000000000000e+00 0.000000000000000000e+00 3.993916918396678284e-04
-2.149979271041963216e+02 1.192531853964817401e+03 3.656758420909206109e+01 0.000000000000000000e+00 0.000000000000000000e+00 -4.377179602805369996e-03
1.858684833324890064e+02 1.196618421337410155e+03 3.653085605522250034e+01 0.000000000000000000e+00 0.000000000000000000e+00 -1.209285525312964182e-03
-6.747480338772471775e+00 1.432240147780254574e+03 4.359347590362867919e+01 0.000000000000000000e+00 0.000000000000000000e+00 -2.544283277593706316e-03
-2.079544924046774952e+02 1.591570898107522908e+03 5.007109102254734267e+01 0.000000000000000000e+00 0.000000000000000000e+00 3.411838865225291784e-02
1.960630345886431485e+02 1.592951389301225163e+03 5.006063676894999048e+01 0.000000000000000000e+00 0.000000000000000000e+00 -3.373953702485721351e-03
1.822191162944604343e+02 1.902609862584958364e+03 6.338504272672143713e+01 0.000000000000000000e+00 0.000000000000000000e+00 3.597701970584665787e-02
-1.972702447154339325e+02 1.903436500893738184e+03 6.350171906231880570e+01 0.000000000000000000e+00 0.000000000000000000e+00 4.898873551695714923e-03
7.881932239064274981e+00 2.143010958777496398e+03 7.511321314582326636e+01 0.000000000000000000e+00 0.000000000000000000e+00 5.857656263373201000e-03
-2.015972768631023939e+02 2.289316383257957568e+03 8.386151578263415729e+01 0.000000000000000000e+00 0.000000000000000000e+00 1.857317266728841787e-02
1.952103119333588950e+02 2.302817966060844810e+03 8.461279280854294882e+01 0.000000000000000000e+00 0.000000000000000000e+00 2.684107691422354947e-03
-2.045866446476277645e+02 2.609143512596655455e+03 1.038859727050954262e+02 0.000000000000000000e+00 0.000000000000000000e+00 3.696759510656022485e-02
1.851228411025893479e+02 2.617759355451814372e+03 1.043597012310813739e+02 0.000000000000000000e+00 0.000000000000000000e+00 1.994366384874979303e-02
-9.573679583031688978e+00 2.855141627851568501e+03 1.206891962213507128e+02 0.000000000000000000e+00 0.000000000000000000e+00 -8.014251614540057744e-03
-2.073840918802245596e+02 3.006534367952705907e+03 1.328791261017222780e+02 0.000000000000000000e+00 0.000000000000000000e+00 -2.034041373264017238e-03
1.952254247040413873e+02 3.014304487128769324e+03 1.334229492355539151e+02 0.000000000000000000e+00 0.000000000000000000e+00 -1.526100674561803316e-02
4.931872153379900396e+02 -3.003644152264096647e+03 1.231910690128266879e+02 0.000000000000000000e+00 0.000000000000000000e+00 1.112050611328641025e-02
8.734283133199888880e+02 -2.681691280171483413e+03 1.092800534775244898e+02 0.000000000000000000e+00 0.000000000000000000e+00 7.608646338269409171e-03
5.178610768203525367e+02 -2.673628673873665321e+03 1.024804811273865539e+02 0.000000000000000000e+00 0.000000000000000000e+00 -8.143534657264694943e-03
8.734351525324624390e+02 -2.355275917265976659e+03 9.086704239924114290e+01 0.000000000000000000e+00 0.000000000000000000e+00 -2.227919362296404415e-02
5.352607616241684809e+02 -2.354301400528102477e+03 8.476182136481000384e+01 0.000000000000000000e+00 0.000000000000000000e+00 -1.614603996868879676e-02
6.791072525916264340e+02 -2.127249266910730057e+03 7.561885200749075864e+01 0.000000000000000000e+00 0.000000000000000000e+00 8.345291679887623104e-04
8.721881005305665440e+02 -1.974352030265780741e+03 7.241722032201369075e+01 0.000000000000000000e+00 0.000000000000000000e+00 -2.025629978916754226e-03
4.703107842757509616e+02 -1.959079701056271233e+03 6.491610774879411849e+01 0.000000000000000000e+00 0.000000000000000000e+00 -2.454469004149473221e-03
8.688730000800721882e+02 -1.651018701222281379e+03 5.925924494906288942e+01 0.000000000000000000e+00 0.000000000000000000e+00 -1.784834132912749283e-03
4.934601952312063986e+02 -1.648636572938171184e+03 5.270307853311877011e+01 0.000000000000000000e+00 0.000000000000000000e+00 1.500728815238261404e-02
6.837655992326169780e+02 -1.412448580485465754e+03 4.745621480231156397e+01 0.000000000000000000e+00 0.000000000000000000e+00 1.890777484640437933e-02
8.903572894244299505e+02 -1.255146285933028366e+03 4.688002135832861939e+01 0.000000000000000000e+00 0.000000000000000000e+00 3.802355616680586081e-02
4.796872653122335350e+02 -1.253979566090934441e+03 3.972552632045553622e+01 0.000000000000000000e+00 0.000000000000000000e+00 -2.138778484789582990e-02
8.891572158207840175e+02 -9.477268732160855507e+02 3.926529542466069245e+01 0.000000000000000000e+00 0.000000000000000000e+00 3.869611307521836352e-03
5.033883382587200686e+02 -9.351077994207087158e+02 3.218315282709057357e+01 0.000000000000000000e+00 0.000000000000000000e+00 9.353797205619684973e-03
6.882907512371997427e+02 -7.006319883377549331e+02 3.065882627649056502e+01 0.000000000000000000e+00 0.000000000000000000e+00 6.378082197034729006e-03
8.702154072326954974e+02 -5.451111034644135316e+02 3.208920202490796214e+01 0.000000000000000000e+00 0.000000000000000000e+00 2.113752425685788694e-02
4.956924994867172813e+02 -4.886230574121890982e+02 2.490776553555537376e+01 0.000000000000000000e+00 0.000000000000000000e+00 -2.475494721458915137e-03
8.594990025012366459e+02 -2.129282439289894455e+02 2.903080688410019405e+01 0.000000000000000000e+00 0.000000000000000000e+00 1.074536379188018032e-02
4.991122782549682597e+02 -2.266183944796237597e+02 2.282491865318938196e+01 0.000000000000000000e+00 0.000000000000000000e+00 2.803568224010177801e-03
6.906245853104430807e+02 2.279369906423609748e+01 2.518761664225109342e+01 0.000000000000000000e+00 0.000000000000000000e+00 1.107693946237020555e-02
4.848808204891973332e+02 1.738110492588006935e+02 2.243071268136056773e+01 0.000000000000000000e+00 0.000000000000000000e+00 -2.165234387102543678e-02
8.617506758856301303e+02 1.619298149677451590e+02 2.893675302773338487e+01 0.000000000000000000e+00 0.000000000000000000e+00 2.137282730974376932e-02
8.923825411865710748e+02 4.863112782700250705e+02 3.216988180861357449e+01 0.000000000000000000e+00 0.000000000000000000e+00 6.987976287689434685e-03
4.996493429660340553e+02 4.850303508992573711e+02 2.503937525699682354e+01 0.000000000000000000e+00 0.000000000000000000e+00 -1.254044697310874312e-02
6.785487168952814727e+02 7.138512710533238987e+02 3.105335299701527063e+01 0.000000000000000000e+00 0.000000000000000000e+00 3.301929789920166058e-03
8.769506756937074670e+02 8.873228965946540256e+02 3.844762577004244974e+01 0.000000000000000000e+00 0.000000000000000000e+00 1.744271464838931252e-02
5.220150319410339534e+02 8.767564799825094042e+02 3.169047313987704229e+01 0.000000000000000000e+00 0.000000000000000000e+00 2.763015880806918290e-02
4.987587362919107363e+02 1.181912306247058041e+03 3.894670522753651198e+01 0.000000000000000000e+00 0.000000000000000000e+00 -2.076734994545859081e-02
7.056521710495907200e+02 1.430141640649006376e+03 5.017336874120422152e+01 0.000000000000000000e+00 0.000000000000000000e+00 1.994730101663577670e-02
8.633489673429749018e+02 1.594708326196317103e+03 5.963364208637859321e+01 0.000000000000000000e+00 0.000000000000000000e+00 2.251926608606424907e-02
4.880640717914419042e+02 1.587811660324026889e+03 5.254168235481084537e+01 0.000000000000000000e+00 0.000000000000000000e+00 1.715208465540740690e-02
4.769888114096918343e+02 1.914050719613303272e+03 6.656723233519424809e+01 0.000000000000000000e+00 0.000000000000000000e+00 -1.279593872233419916e-02
8.712635330422997413e+02 1.907791704648431505e+03 7.349574029777498652e+01 0.000000000000000000e+00 0.000000000000000000e+00 3.343473769857041589e-02
6.720975820895679362e+02 2.137861383147610923e+03 8.101955651696592042e+01 0.000000000000000000e+00 0.000000000000000000e+00 4.220821086207138251e-03
4.600221492994380128e+02 2.294671349714835287e+03 8.652614713477625230e+01 0.000000000000000000e+00 0.000000000000000000e+00 9.228435907971288543e-03
8.784750895289457731e+02 2.355630283877326747e+03 9.786978346339311940e+01 0.000000000000000000e+00 0.000000000000000000e+00 -1.162636812104267392e-02
8.604648584158293261e+02 2.620778693774456769e+03 1.144140549225036239e+02 0.000000000000000000e+00 0.000000000000000000e+00 -6.893930742407405887e-03
4.921141272352330134e+02 2.607247214406627791e+03 1.065489720376136233e+02 0.000000000000000000e+00 0.000000000000000000e+00 -1.019650905008973041e-02
6.714275850196432884e+02 2.863946506209598738e+03 1.276876926218491235e+02 0.000000000000000000e+00 0.000000000000000000e+00 1.429887373240035231e-02
4.602593570951968331e+02 3.003502533604977543e+03 1.350288072833805018e+02 0.000000000000000000e+00 0.000000000000000000e+00 -8.164884136306227447e-03
8.833962165476897326e+02 3.071345840453215715e+03 1.485206799220187861e+02 0.000000000000000000e+00 0.000000000000000000e+00 3.472190997030111248e-03
1.591163908367250997e+03 3.002480204393284566e+03 1.679354929551834914e+02 0.000000000000000000e+00 0.000000000000000000e+00 -2.662971883111708848e-02
1.195206386968738798e+03 3.014208958731228449e+03 1.531427157044459477e+02 0.000000000000000000e+00 0.000000000000000000e+00 -1.076195765449483588e-03
1.355778379933868791e+03 2.906155633047330412e+03 1.505025153198323551e+02 0.000000000000000000e+00 0.000000000000000000e+00 -1.281898177956009022e-02
1.193180000880094212e+03 2.667281383304076826e+03 1.271766805076331082e+02 0.000000000000000000e+00 0.000000000000000000e+00 -3.244693671845766403e-03
1.565901618153044183e+03 2.679007830538399958e+03 1.424663810349097730e+02 0.000000000000000000e+00 0.000000000000000000e+00 -1.449087173659791006e-02
1.573714961533523820e+03 2.306332720303885253e+03 1.185612942784201351e+02 0.000000000000000000e+00 0.000000000000000000e+00 2.380861841746195751e-02
1.175791279326558424e+03 2.300132281743527074e+03 1.030111209587445131e+02 0.000000000000000000e+00 0.000000000000000000e+00 1.883229893003601774e-02
1.378144625323682703e+03 2.208226865611826270e+03 1.048426222239496894e+02 0.000000000000000000e+00 0.000000000000000000e+00 9.763305402103128472e-03
1.187465652444580201e+03 1.967838588596657928e+03 8.531261293847288130e+01 0.000000000000000000e+00 0.000000000000000000e+00 -4.472159010504128673e-03
1.554136058178689609e+03 1.974995395494163859e+03 9.945612895438003420e+01 0.000000000000000000e+00 0.000000000000000000e+00 2.716531982581216198e-02
1.599688809016095320e+03 1.648658756713954517e+03 8.637312820212814302e+01 0.000000000000000000e+00 0.000000000000000000e+00 3.296377897825664149e-03
1.177753849197656791e+03 1.657851645191852185e+03 7.085429026383863516e+01 0.000000000000000000e+00 0.000000000000000000e+00 -6.926509397828795045e-03
1.348883979411869859e+03 1.476042951965639986e+03 6.957338555889234044e+01 0.000000000000000000e+00 0.000000000000000000e+00 7.519610520319019997e-03
1.540602475005495990e+03 1.226391892199712174e+03 6.859730224135324761e+01 0.000000000000000000e+00 0.000000000000000000e+00 -8.649796967574729933e-04
1.210988608820589889e+03 1.248282636201428204e+03 5.712809965226258413e+01 0.000000000000000000e+00 0.000000000000000000e+00 1.002423435529919971e-03
1.587507229126752691e+03 9.410136701683064757e+02 6.284343777906040884e+01 0.000000000000000000e+00 0.000000000000000000e+00 -3.639340545916525116e-03
1.197979759117907406e+03 9.357444655808892549e+02 4.831864276009723369e+01 0.000000000000000000e+00 0.000000000000000000e+00 2.601879443906085498e-02
1.411863103294635948e+03 7.896908316835549613e+02 5.260640263412093987e+01 0.000000000000000000e+00 0.000000000000000000e+00 1.238454672924405031e-02
1.566496019885542410e+03 4.796340503774306399e+02 5.378897723873026848e+01 0.000000000000000000e+00 0.000000000000000000e+00 -4.289673496263191055e-02
1.170582656454036623e+03 4.851138894271586537e+02 3.964785084753422950e+01 0.000000000000000000e+00 0.000000000000000000e+00 2.101672482207561643e-02
1.546023241687848213e+03 2.103638280846669204e+02 5.057969602929837549e+01 0.000000000000000000e+00 0.000000000000000000e+00 -1.466760304727898756e-02
1.193787988919919599e+03 2.266324323279252724e+02 3.809778078014238645e+01 0.000000000000000000e+00 0.000000000000000000e+00 2.534327044916295790e-02
1.388563716302174498e+03 7.512175388329194448e+01 4.402987748898570430e+01 0.000000000000000000e+00 0.000000000000000000e+00 3.006314437638479831e-02
1.576736558961148376e+03 -1.614283155797805307e+02 5.137336184625572599e+01 0.000000000000000000e+00 0.000000000000000000e+00 1.061968180867722822e-02
1.182653201509582232e+03 -4.782819004182182994e+02 3.953081600317907629e+01 0.000000000000000000e+00 0.000000000000000000e+00 1.177063014665691298e-02
1.385743335908493236e+03 -6.880824056487531379e+02 4.893906215499153234e+01 0.000000000000000000e+00 0.000000000000000000e+00 -1.854481799916385398e-02
1.571870901966352221e+03 -8.725897770289157052e+02 5.920383763959709711e+01 0.000000000000000000e+00 0.000000000000000000e+00 1.495619927190716680e-02
1.191966278620659523e+03 -8.840615799055678963e+02 4.598420924795694020e+01 0.000000000000000000e+00 0.000000000000000000e+00 2.017682946087262508e-02
1.580700099478132870e+03 -1.192149172347139711e+03 6.690671460556154670e+01 0.000000000000000000e+00 0.000000000000000000e+00 -4.933342004804330827e-03
1.188557040585785671e+03 -1.184786058145894231e+03 5.283713473508579739e+01 0.000000000000000000e+00 0.000000000000000000e+00 2.599208023778487586e-02
1.375571410708210124e+03 -1.365866644780285696e+03 6.410995197729241113e+01 0.000000000000000000e+00 0.000000000000000000e+00 2.503491957509140775e-02
1.576969719453533344e+03 -1.600716892607809314e+03 7.949334308920187198e+01 0.000000000000000000e+00 0.000000000000000000e+00 1.776598879173718615e-02
1.180583774922069551e+03 -1.589150105299551115e+03 6.512979888500572656e+01 0.000000000000000000e+00 0.000000000000000000e+00 -1.074107145804248375e-02
1.573240556148486348e+03 -1.958114192284622959e+03 9.356834175162632050e+01 0.000000000000000000e+00 0.000000000000000000e+00 -4.396647068087133903e-02
1.181495759745801024e+03 -1.959800679193707310e+03 7.985126688763546099e+01 0.000000000000000000e+00 0.000000000000000000e+00 5.322211488703487703e-03
1.390070827205421665e+03 -2.069406181306359485e+03 9.163502330645978589e+01 0.000000000000000000e+00 0.000000000000000000e+00 -4.686815355668727534e-03
1.199402086870695712e+03 -2.332735860579132350e+03 9.830251085285667045e+01 0.000000000000000000e+00 0.000000000000000000e+00 1.498133315159861922e-01
1.555125700459733707e+03 -2.360658622384896262e+03 1.123384116625733782e+02 0.000000000000000000e+00 0.000000000000000000e+00 1.397925047712078594e-02
1.595254492282216688e+03 -2.613523800633213341e+03 1.281280611297980272e+02 0.000000000000000000e+00 0.000000000000000000e+00 8.099809743612240709e-03
1.168960741435399086e+03 -2.620690442991060536e+03 1.133790786723938027e+02 0.000000000000000000e+00 0.000000000000000000e+00 -1.975780011447625384e-02
1.372050407558847382e+03 -2.786545792672120115e+03 1.301152732358082744e+02 0.000000000000000000e+00 0.000000000000000000e+00 6.925922653351790359e-03
1.178250355906804998e+03 -3.019374008266118381e+03 1.390012844732055726e+02 0.000000000000000000e+00 0.000000000000000000e+00 -1.491143447682929946e-02
1.574606057415330042e+03 -3.016106329357209233e+03 1.529293562316896953e+02 0.000000000000000000e+00 0.000000000000000000e+00 2.933191757787767528e-02
2.275447567414788409e+03 -2.286708899879258297e+03 1.442624524659212000e+02 0.000000000000000000e+00 0.000000000000000000e+00 -1.568726526031127833e-02
1.900722939015389102e+03 -2.303057769187260419e+03 1.247364218760109225e+02 0.000000000000000000e+00 0.000000000000000000e+00 -3.078606842151998535e-03
2.070868832792907597e+03 -2.123135791652190164e+03 1.245314578909957817e+02 0.000000000000000000e+00 0.000000000000000000e+00 8.854418289701015965e-03
2.276471232269982465e+03 -1.969360127061996309e+03 1.290790598617628007e+02 0.000000000000000000e+00 0.000000000000000000e+00 -5.981593899718973262e-03
1.889426119295859280e+03 -1.946817099323509865e+03 1.071620329953366877e+02 0.000000000000000000e+00 0.000000000000000000e+00 7.336673833108875442e-03
2.259477701315154263e+03 -1.656284038066465428e+03 1.153286810241445437e+02 0.000000000000000000e+00 0.000000000000000000e+00 -1.530083950760285916e-02
1.881056905235180466e+03 -1.644067601216490857e+03 9.457818710365687309e+01 0.000000000000000000e+00 0.000000000000000000e+00 4.104918218558850640e-03
2.276422902284210977e+03 -1.257719221162059966e+03 1.033688136998241305e+02 0.000000000000000000e+00 0.000000000000000000e+00 1.299981948955064581e-02
1.922079850715366319e+03 -1.240180238863313889e+03 8.359044653993532847e+01 0.000000000000000000e+00 0.000000000000000000e+00 1.522927784534999773e-02
2.270731724634949842e+03 -9.290365466469007742e+02 9.508830420268451178e+01 0.000000000000000000e+00 0.000000000000000000e+00 -4.810283707115559082e-03
1.885434427914056869e+03 -9.411939982737784476e+02 7.454900995805913055e+01 0.000000000000000000e+00 0.000000000000000000e+00 -2.056845090746151072e-02
2.089021448680912727e+03 -7.071595080905002533e+02 8.080198664989703161e+01 0.000000000000000000e+00 0.000000000000000000e+00 1.682486330594201718e-03
2.288464056136148429e+03 -5.485196191277070739e+02 9.006011539259027643e+01 0.000000000000000000e+00 0.000000000000000000e+00 -1.669915937770838354e-02
1.886064478322049354e+03 -5.388284799432713044e+02 6.804872443809745164e+01 0.000000000000000000e+00 0.000000000000000000e+00 -2.960318600858613536e-02
2.291708819041118659e+03 -2.141487185268867677e+02 8.769098208567979214e+01 0.000000000000000000e+00 0.000000000000000000e+00 2.223422869590763185e-03
1.872888375997444200e+03 -2.338545806558852576e+02 6.493287324993154641e+01 0.000000000000000000e+00 0.000000000000000000e+00 -2.759019213689839489e-02
2.092001766539470282e+03 1.901352648105797272e+01 7.592226935590457515e+01 0.000000000000000000e+00 0.000000000000000000e+00 -2.453432414337441969e-02
2.288856889974585101e+03 1.606543479587561762e+02 8.778210362271042300e+01 0.000000000000000000e+00 0.000000000000000000e+00 -1.814437822382330978e-02
1.884697923540433976e+03 1.693940603468685993e+02 6.557971037398408498e+01 0.000000000000000000e+00 0.000000000000000000e+00 4.342915495797683434e-03
2.277503742524510471e+03 4.699040235454781964e+02 8.985052240092004183e+01 0.000000000000000000e+00 0.000000000000000000e+00 1.258345616314215931e-02
1.910665869315761029e+03 4.719749685828324459e+02 6.947610464417957132e+01 0.000000000000000000e+00 0.000000000000000000e+00 -5.911874347219736592e-03
2.080350452664456498e+03 7.155428303548335407e+02 8.221347378831772801e+01 0.000000000000000000e+00 0.000000000000000000e+00 -1.421473094970338025e-02
2.274910331112150288e+03 8.833920728049802165e+02 9.705060244615292220e+01 0.000000000000000000e+00 0.000000000000000000e+00 -7.932707368283331562e-03
1.906805815642591369e+03 8.894901906707434591e+02 7.653933996429995545e+01 0.000000000000000000e+00 0.000000000000000000e+00 -9.944491068551997159e-03
2.284597223309948731e+03 1.192911573542857923e+03 1.059788043691924031e+02 0.000000000000000000e+00 0.000000000000000000e+00 1.867406283821537727e-03
1.902220566415147687e+03 1.192482955873351557e+03 8.430414728644451827e+01 0.000000000000000000e+00 0.000000000000000000e+00 -1.802429620724410597e-03
2.084410276391382922e+03 1.421842683653443828e+03 1.018004078688094296e+02 0.000000000000000000e+00 0.000000000000000000e+00 1.291912591457844428e-02
2.246463620536557301e+03 1.597291222627831530e+03 1.182398580006568096e+02 0.000000000000000000e+00 0.000000000000000000e+00 1.214798234649094866e-02
1.937858544227823586e+03 1.619805427594675393e+03 1.014822821772966392e+02 0.000000000000000000e+00 0.000000000000000000e+00 -1.082421437118341601e-02
2.287328045847596513e+03 1.899847482457712204e+03 1.345934825196753764e+02 0.000000000000000000e+00 0.000000000000000000e+00 1.477914923157186422e-02
1.909192286753172993e+03 1.907749425876728310e+03 1.130303271949150599e+02 0.000000000000000000e+00 0.000000000000000000e+00 -9.911796354501234418e-03
2.099036664046167061e+03 2.151099628108362595e+03 1.364267645142446952e+02 0.000000000000000000e+00 0.000000000000000000e+00 3.879424998075364783e-03
2.277829187855349119e+03 2.298483845585385097e+03 1.560280336503957130e+02 0.000000000000000000e+00 0.000000000000000000e+00 2.175504681721918132e-02
1.884722176391109997e+03 2.309533732224896085e+03 1.337513229888095623e+02 0.000000000000000000e+00 0.000000000000000000e+00 -5.658433883061775305e-02
2.971756646368511156e+03 -1.579146196190953333e+03 1.615762851488198351e+02 0.000000000000000000e+00 0.000000000000000000e+00 1.693942307585416529e-02
2.590230117127806352e+03 -1.584636799478672401e+03 1.337089501266970331e+02 0.000000000000000000e+00 0.000000000000000000e+00 -6.161629508966370850e-03
2.785828535735520745e+03 -1.419559060348204639e+03 1.420274899134280417e+02 0.000000000000000000e+00 0.000000000000000000e+00 1.476472245127524729e-02
2.980581589132747467e+03 -1.268636537680738002e+03 1.524152259612271507e+02 0.000000000000000000e+00 0.000000000000000000e+00 3.740575735534434898e-02
2.588816847549286194e+03 -1.257484391427072524e+03 1.232471894431129016e+02 0.000000000000000000e+00 0.000000000000000000e+00 -2.842601207902362148e-03
2.995958314986775804e+03 -9.431306680833420160e+02 1.457470236400071997e+02 0.000000000000000000e+00 0.000000000000000000e+00 2.820127958474927254e-02
2.593719784195918692e+03 -9.488773826838781815e+02 1.160826762127540519e+02 0.000000000000000000e+00 0.000000000000000000e+00 2.277754316646962707e-02
2.762382123203644824e+03 -6.991665579735794154e+02 1.235815917297860409e+02 0.000000000000000000e+00 0.000000000000000000e+00 1.133146238247206838e-02
2.968927928755176708e+03 -5.487901885901713968e+02 1.373915947936907003e+02 0.000000000000000000e+00 0.000000000000000000e+00 -9.408879102608125322e-03
2.601208762494609800e+03 -5.439255154436392559e+02 1.101241983958516073e+02 0.000000000000000000e+00 0.000000000000000000e+00 -7.641434065689622912e-03
2.972021915631591128e+03 -2.287301980776456958e+02 1.353236657412655290e+02 0.000000000000000000e+00 0.000000000000000000e+00 -4.012097687120785849e-02
2.606647790373307998e+03 -2.260857573104280505e+02 1.081207932863098335e+02 0.000000000000000000e+00 0.000000000000000000e+00 1.419479548764002175e-02
2.779482125062734212e+03 -2.209488882002057064e+00 1.203146224170669853e+02 0.000000000000000000e+00 0.000000000000000000e+00 -3.532272045607953714e-02
2.974244460862803862e+03 1.574874736282219487e+02 1.360018604818507697e+02 0.000000000000000000e+00 0.000000000000000000e+00 -3.125256452545954744e-02
2.650864729687598810e+03 2.058310092985443021e+02 1.118615307226749849e+02 0.000000000000000000e+00 0.000000000000000000e+00 -2.910015080583150393e-02
2.987701674941033161e+03 4.709378161471005342e+02 1.401878257518761473e+02 0.000000000000000000e+00 0.000000000000000000e+00 1.084772757533869481e-02
2.584425662199933868e+03 4.689391487193628905e+02 1.098057878717918356e+02 0.000000000000000000e+00 0.000000000000000000e+00 -6.403793875065844077e-03
2.780648309415634230e+03 7.071233312164531526e+02 1.278851499718140019e+02 0.000000000000000000e+00 0.000000000000000000e+00 8.609748493014990345e-03
2.973514881093282838e+03 8.778458026746176301e+02 1.467307212516052459e+02 0.000000000000000000e+00 0.000000000000000000e+00 6.927094295235747268e-03
2.612789658295114805e+03 8.869221201111793107e+02 1.194606653778511856e+02 0.000000000000000000e+00 0.000000000000000000e+00 -2.126360869226573413e-03
2.979619707913469938e+03 1.184611297031536196e+03 1.558378161738744438e+02 0.000000000000000000e+00 0.000000000000000000e+00 9.597070642996641254e-03
2.595432092628445844e+03 1.192191080191490983e+03 1.266330357754335409e+02 0.000000000000000000e+00 0.000000000000000000e+00 1.060359389207121694e-02
2.775225524900697110e+03 1.425087797702485432e+03 1.479984956811976247e+02 0.000000000000000000e+00 0.000000000000000000e+00 -1.328895595909784788e-02
2.979024421261029147e+03 1.583340456783398849e+03 1.706844017400492248e+02 0.000000000000000000e+00 0.000000000000000000e+00 1.278963961607360034e-02
2.661495052944422696e+03 1.621649770968087068e+03 1.473896952273495344e+02 0.000000000000000000e+00 0.000000000000000000e+00 -1.494276044667230963e-02
