# x y z x_res y_res z_res
-2.999323929695377046e+03 -1.662479923847127111e+03 1.668020486575019561e+02 0.000000000000000000e+00 0.000000000000000000e+00 2.197438187417333211e-02
-2.621699861053693439e+03 -1.652120054870691092e+03 1.383136774394023689e+02 0.000000000000000000e+00 0.000000000000000000e+00 9.798179795836858830e-04
-2.792414985592257835e+03 -1.421292878650612010e+03 1.425681958188516774e+02 0.000000000000000000e+00 0.000000000000000000e+00 7.247569015873978060e-03
-2.622375944736932070e+03 -1.248171074478714218e+03 1.252880155306754375e+02 0.000000000000000000e+00 0.000000000000000000e+00 6.662650680823389848e-03
-2.960599280287865895e+03 -1.226074482837973164e+03 1.496615370168363199e+02 0.000000000000000000e+00 0.000000000000000000e+00 2.549771484183338544e-03
-2.999698713036166737e+03 -9.498109518191292864e+02 1.461827752646065903e+02 0.000000000000000000e+00 0.000000000000000000e+00 1.487312428142217868e-02
-2.638580151549304446e+03 -9.236707219674256066e+02 1.186599257408295074e+02 0.000000000000000000e+00 0.000000000000000000e+00 -9.053996541339870419e-03
-2.812681838382973638e+03 -7.153858416012209318e+02 1.275434775809533932e+02 0.000000000000000000e+00 0.000000000000000000e+00 -2.408624540051107488e-02
-3.013857663205997142e+03 -5.388029317106204417e+02 1.408767379064383931e+02 0.000000000000000000e+00 0.000000000000000000e+00 -3.705419002073995216e-03
-2.630436915009028326e+03 -5.203343008826378764e+02 1.118872448203410670e+02 0.000000000000000000e+00 0.000000000000000000e+00 2.861624829591846719e-03
-2.978754886592368166e+03 -2.402697922800711297e+02 1.359017719056047895e+02 0.000000000000000000e+00 0.000000000000000000e+00 -2.520162285350124876e-02
-2.636508981315309484e+03 -1.998236598540482305e+02 1.101105605661336853e+02 0.000000000000000000e+00 0.000000000000000000e+00 2.151797541837652261e-02
-2.794360287963178962e+03 9.404141178625794240e+00 1.214479902339901969e+02 0.000000000000000000e+00 0.000000000000000000e+00 -2.861562062555833563e-02
-2.606716416067491082e+03 1.602543012533851652e+02 1.084779365251510512e+02 0.000000000000000000e+00 0.000000000000000000e+00 -1.455458183339430889e-02
-2.952452613421216938e+03 1.730753818788159037e+02 1.343553263149211716e+02 0.000000000000000000e+00 0.000000000000000000e+00 -9.362954512766918924e-03
-2.981740457844298362e+03 4.695499055925255334e+02 1.396853298916193751e+02 0.000000000000000000e+00 0.000000000000000000e+00 9.159948564303022067e-03
-2.638323327425031039e+03 5.014968616053142796e+02 1.140317002490211422e+02 0.000000000000000000e+00 0.000000000000000000e+00 -1.945866797655071423e-03
-2.805342754658052854e+03 7.168048080448860446e+02 1.299476122363836623e+02 0.000000000000000000e+00 0.000000000000000000e+00 1.531185953402314226e-02
-2.980065243920104876e+03 8.645607753567261398e+02 1.469474234793473215e+02 0.000000000000000000e+00 0.000000000000000000e+00 5.157714433892124362e-03
-2.632319631899329579e+03 8.904189546008899470e+02 1.209345245687079284e+02 0.000000000000000000e+00 0.000000000000000000e+00 4.084413796235253358e-03
-2.992507419644874517e+03 1.179128059535125885e+03 1.567257619391156140e+02 0.000000000000000000e+00 0.000000000000000000e+00 -2.383669961318446440e-03
-2.609576858594472924e+03 1.185617629707048991e+03 1.274339454330128234e+02 0.000000000000000000e+00 0.000000000000000000e+00 -5.836008577801976571e-04
-2.801737845559427569e+03 1.434987016863277177e+03 1.504222780495711902e+02 0.000000000000000000e+00 0.000000000000000000e+00 2.091986082265862024e-02
-2.978727119442050935e+03 1.576012165193627197e+03 1.703474096889848397e+02 0.000000000000000000e+00 0.000000000000000000e+00 -2.828547897649968945e-03
-2.632289082676382350e+03 1.608082599499964317e+03 1.446653449684860959e+02 0.000000000000000000e+00 0.000000000000000000e+00 3.986740149557022050e-02
-2.325448559023167036e+03 2.309346965173096578e+03 1.597779935703912031e+02 0.000000000000000000e+00 0.000000000000000000e+00 -1.362975846888048181e-03
-1.943668524315953164e+03 2.303348227999948449e+03 1.365333219590656313e+02 0.000000000000000000e+00 0.000000000000000000e+00 -8.159744276383662509e-03
-2.065869575566746789e+03 2.179624140703765988e+03 1.361168665882529467e+02 0.000000000000000000e+00 0.000000000000000000e+00 2.586157194286897720e-03
-1.945436596724917308e+03 1.921250850790450158e+03 1.156254604435015807e+02 0.000000000000000000e+00 0.000000000000000000e+00 -3.757683246348619832e-03
-2.318177394036659280e+03 1.902142824715642519e+03 1.366808683735541194e+02 0.000000000000000000e+00 0.000000000000000000e+00 -2.993356201841379516e-05
-2.328995938679015126e+03 1.615514768814332001e+03 1.241946325320718785e+02 0.000000000000000000e+00 0.000000000000000000e+00 1.773749252379275276e-03
-1.934531811270378057e+03 1.602788746673344576e+03 1.006037796486391471e+02 0.000000000000000000e+00 0.000000000000000000e+00 -5.192854505494892692e-03
-2.110206268181370433e+03 1.476665233899055693e+03 1.053185466798563823e+02 0.000000000000000000e+00 0.000000000000000000e+00 -1.162916178027728620e-02
-2.309320195543407863e+03 1.245049408627757430e+03 1.091703608943025046e+02 0.000000000000000000e+00 0.000000000000000000e+00 -2.603097988884428560e-02
-1.941577149841532446e+03 1.239682502994505967e+03 8.780383847686971421e+01 0.000000000000000000e+00 0.000000000000000000e+00 1.647950780443352414e-02
-1.924830760344864075e+03 9.286588488478740828e+02 7.836687403829412801e+01 0.000000000000000000e+00 0.000000000000000000e+00 7.243418006765978134e-03
-2.307824564915688370e+03 9.390754222347977702e+02 1.004033691245853106e+02 0.000000000000000000e+00 0.000000000000000000e+00 2.747857481338655816e-02
-2.133356646743739475e+03 7.664996787616009897e+02 8.617423532158011312e+01 0.000000000000000000e+00 0.000000000000000000e+00 3.353542918006269247e-03
-2.322412431965586165e+03 5.036103581320444960e+02 9.304904738920437524e+01 0.000000000000000000e+00 0.000000000000000000e+00 -1.403100928548894899e-02
-1.944033814589483882e+03 5.035575844323878414e+02 7.157833506968694337e+01 0.000000000000000000e+00 0.000000000000000000e+00 -1.300874390246065104e-02
-1.934608879877619074e+03 2.016090650300663185e+02 6.825723139580811960e+01 0.000000000000000000e+00 0.000000000000000000e+00 2.141430437833946598e-02
-2.262910328758099695e+03 1.904907509678169220e+02 8.638243182922798269e+01 0.000000000000000000e+00 0.000000000000000000e+00 2.537214637438012232e-02
-2.133250773214636411e+03 3.366380875601002032e+01 7.824149388053498910e+01 0.000000000000000000e+00 0.000000000000000000e+00 -1.021703454043176862e-03
-2.328978603547089733e+03 -1.909305659590763753e+02 8.987861679986113472e+01 0.000000000000000000e+00 0.000000000000000000e+00 2.545278795221861401e-02
-1.941224852156517954e+03 -1.976656044914477093e+02 6.818318020804633761e+01 0.000000000000000000e+00 0.000000000000000000e+00 -1.513484304510370748e-03
-1.929545771845561603e+03 -4.996587875336314255e+02 6.976585915874424870e+01 0.000000000000000000e+00 0.000000000000000000e+00 -3.757989459700183943e-03
-2.112377930417744210e+03 -6.495546011784837219e+02 8.123237349785625838e+01 0.000000000000000000e+00 0.000000000000000000e+00 -1.311368378613053665e-02
-2.274143326415374759e+03 -5.378733840883777475e+02 8.908242079227436250e+01 0.000000000000000000e+00 0.000000000000000000e+00 -2.077141368634727314e-02
-2.298873650264135904e+03 -8.911318253629299306e+02 9.601055635319325177e+01 0.000000000000000000e+00 0.000000000000000000e+00 -4.582387263683074252e-02
-1.935111027784921362e+03 -9.101868546489033633e+02 7.636853483283204014e+01 0.000000000000000000e+00 0.000000000000000000e+00 6.314376173520486191e-03
-1.929804834448055317e+03 -1.207081714569378391e+03 8.307346109915316390e+01 0.000000000000000000e+00 0.000000000000000000e+00 -1.403145421312501639e-02
-2.323753750630411560e+03 -1.200973076064083443e+03 1.046584179513450721e+02 0.000000000000000000e+00 0.000000000000000000e+00 -8.418761854471767947e-03
-2.136536262994129174e+03 -1.373903183682933332e+03 9.874665720267310576e+01 0.000000000000000000e+00 0.000000000000000000e+00 2.908806200936453479e-02
-2.290342454722093862e+03 -1.597122056224696280e+03 1.150027809972241926e+02 0.000000000000000000e+00 0.000000000000000000e+00 8.539662610360210238e-03
-1.922169557938428625e+03 -1.603824074536565149e+03 9.513351788724230573e+01 0.000000000000000000e+00 0.000000000000000000e+00 -1.550653016668945838e-02
-1.910514462407608335e+03 -1.916249362787395739e+03 1.068723117442022783e+02 0.000000000000000000e+00 0.000000000000000000e+00 -1.212174678227029290e-02
-2.298208671721210976e+03 -1.907353219511210455e+03 1.276713355542384392e+02 0.000000000000000000e+00 0.000000000000000000e+00 2.521898912910103263e-02
-2.123680443184746309e+03 -2.096293792691696581e+03 1.261347005467677889e+02 0.000000000000000000e+00 0.000000000000000000e+00 -3.840669116101480540e-03
-1.924705686674785511e+03 -2.311356111487641556e+03 1.263570266633733468e+02 0.000000000000000000e+00 0.000000000000000000e+00 -5.480422380273353156e-03
-2.289873684221918211e+03 -2.307234757591808830e+03 1.461915214108492762e+02 0.000000000000000000e+00 0.000000000000000000e+00 -1.215222257002324113e-03
-1.615281935935679940e+03 -3.068918064745293577e+03 1.582726425323548369e+02 0.000000000000000000e+00 0.000000000000000000e+00 3.092938865904670820e-03
-1.220263439095195281e+03 -3.018485023492252367e+03 1.402433949871773677e+02 0.000000000000000000e+00 0.000000000000000000e+00 -3.441978989968674796e-03
-1.400387905509164511e+03 -2.830153331311269085e+03 1.338949366340884524e+02 0.000000000000000000e+00 0.000000000000000000e+00 2.913876621389022148e-02
-1.604037977778948743e+03 -2.663539013809631797e+03 1.314697072363022414e+02 0.000000000000000000e+00 0.000000000000000000e+00 -1.633259329477709798e-02
-1.212766225147358000e+03 -2.675459082753478924e+03 1.179788305648983879e+02 0.000000000000000000e+00 0.000000000000000000e+00 7.757935612957567173e-03
-1.616016474115478104e+03 -2.356694377945740143e+03 1.146142048887442968e+02 0.000000000000000000e+00 0.000000000000000000e+00 -4.135981527653598278e-03
-1.222275386801844206e+03 -2.354166860128964345e+03 1.001360128199102490e+02 0.000000000000000000e+00 0.000000000000000000e+00 -2.632314780541378241e-03
-1.416283228143247470e+03 -2.121219134038863558e+03 9.500708205220836078e+01 0.000000000000000000e+00 0.000000000000000000e+00 3.394878975853998782e-03
-1.618902500734899377e+03 -1.958207289857666183e+03 9.544244418407885178e+01 0.000000000000000000e+00 0.000000000000000000e+00 3.008620297364927865e-03
-1.193418246582729807e+03 -1.959618025407539108e+03 8.020389620125554586e+01 0.000000000000000000e+00 0.000000000000000000e+00 5.545794251632685246e-02
-1.197611986512591784e+03 -1.650014512608758878e+03 6.784703692264213259e+01 0.000000000000000000e+00 0.000000000000000000e+00 2.215172226627259988e-02
-1.595549540070300509e+03 -1.658719213077037921e+03 8.236116025886886405e+01 0.000000000000000000e+00 0.000000000000000000e+00 -6.413600497509719389e-03
-1.390635122466973826e+03 -1.411095783947691416e+03 6.604447460286837668e+01 0.000000000000000000e+00 0.000000000000000000e+00 1.407202775399696293e-02
-1.201753767665817804e+03 -1.249768749164519704e+03 5.500710829730739704e+01 0.000000000000000000e+00 0.000000000000000000e+00 1.620936482222390396e-02
-1.604015070380658472e+03 -1.251092064205296992e+03 6.946443949466663526e+01 0.000000000000000000e+00 0.000000000000000000e+00 4.383279498242131922e-02
-1.602643788642179516e+03 -9.413889735563079739e+02 6.184543425426904406e+01 0.000000000000000000e+00 0.000000000000000000e+00 1.278669171109214631e-02
-1.204279826013977072e+03 -9.388982297582059573e+02 4.747840076072664317e+01 0.000000000000000000e+00 0.000000000000000000e+00 -6.241309335322853258e-03
-1.397078601982042528e+03 -7.089672072473418893e+02 4.966789011069589321e+01 0.000000000000000000e+00 0.000000000000000000e+00 -6.866808145581160261e-03
-1.603996147365474371e+03 -5.434579077489983092e+02 5.536679193205078775e+01 0.000000000000000000e+00 0.000000000000000000e+00 -1.789983709767284381e-02
-1.206933540842672528e+03 -5.500241220346139244e+02 4.109478985036636800e+01 0.000000000000000000e+00 0.000000000000000000e+00 -9.957234428263461723e-03
-1.208828948796293389e+03 -2.329315289252419916e+02 3.841690122109382344e+01 0.000000000000000000e+00 0.000000000000000000e+00 1.282987835118376552e-03
-1.595972981151487829e+03 -2.420377487139521691e+02 5.249056362754922134e+01 0.000000000000000000e+00 0.000000000000000000e+00 6.603751810700941860e-03
-1.400785114551776360e+03 6.828612023840918255e+00 4.437181998681198536e+01 0.000000000000000000e+00 0.000000000000000000e+00 -4.411060031991098640e-03
-1.201780541784449042e+03 1.730021256128225673e+02 3.807472908227128272e+01 0.000000000000000000e+00 0.000000000000000000e+00 6.278508630295220883e-03
-1.595434213182900521e+03 1.589546869707887709e+02 5.234951038282554237e+01 0.000000000000000000e+00 0.000000000000000000e+00 -1.184990964160448357e-02
-1.585496187015549367e+03 4.770140688302931835e+02 5.454483481110695209e+01 0.000000000000000000e+00 0.000000000000000000e+00 1.004747098038905051e-02
-1.208189724862383400e+03 4.818064842688318095e+02 4.077853685487309576e+01 0.000000000000000000e+00 0.000000000000000000e+00 -5.801119656837272487e-03
-1.411822371936473019e+03 7.192223641667376342e+02 5.129258879862875631e+01 0.000000000000000000e+00 0.000000000000000000e+00 -1.196061378766444250e-02
-1.584777843516797475e+03 8.771507021865845672e+02 6.128166677109457794e+01 0.000000000000000000e+00 0.000000000000000000e+00 -4.145407455162342103e-03
-1.242162256106815221e+03 8.998046627412248881e+02 4.893729450923935076e+01 0.000000000000000000e+00 0.000000000000000000e+00 -9.505202846035842867e-03
-1.602445126114775348e+03 1.193238682246960252e+03 7.020129968918590180e+01 0.000000000000000000e+00 0.000000000000000000e+00 -2.682019269953173080e-02
-1.215686701379801889e+03 1.189229034696116287e+03 5.550426481903645026e+01 0.000000000000000000e+00 0.000000000000000000e+00 -1.073903759369443378e-03
-1.435708945396462468e+03 1.442764467423148517e+03 7.161853823189244395e+01 0.000000000000000000e+00 0.000000000000000000e+00 -1.101985407628092162e-02
-1.596303019203310669e+03 1.588568664523444795e+03 8.376512878417973695e+01 0.000000000000000000e+00 0.000000000000000000e+00 1.339907817951768720e-02
-1.202554660621937956e+03 1.571436611167975343e+03 6.816590205342619413e+01 0.000000000000000000e+00 0.000000000000000000e+00 -1.536771902624423092e-02
-1.202000606559900234e+03 1.905658286965519437e+03 8.274094067719633472e+01 0.000000000000000000e+00 0.000000000000000000e+00 -1.197213826685583626e-02
-1.607981700407805192e+03 1.893217862911195425e+03 9.775189477852759978e+01 0.000000000000000000e+00 0.000000000000000000e+00 1.145729452944976856e-02
-1.406549729727300246e+03 2.137548165242279083e+03 1.019953874840417853e+02 0.000000000000000000e+00 0.000000000000000000e+00 2.266357872917978966e-02
-1.208733114220631478e+03 2.293833728648209672e+03 1.037271481577128895e+02 0.000000000000000000e+00 0.000000000000000000e+00 -5.946290007855736803e-03
-1.599748844585301413e+03 2.292846894940093080e+03 1.189069623792613157e+02 0.000000000000000000e+00 0.000000000000000000e+00 1.091411887442461648e-02
-1.601825322369176320e+03 2.608882798069438650e+03 1.391993269909667674e+02 0.000000000000000000e+00 0.000000000000000000e+00 -2.824621223282974825e-03
-1.211701645952268109e+03 2.607892790198044167e+03 1.237214503037404825e+02 0.000000000000000000e+00 0.000000000000000000e+00 2.143031579643661644e-02
-1.397080397970224567e+03 2.852404984073682499e+03 1.480277107907769505e+02 0.000000000000000000e+00 0.000000000000000000e+00 5.411719943140269606e-03
-1.195741553095074323e+03 3.004399216042035732e+03 1.523794879005619691e+02 0.000000000000000000e+00 0.000000000000000000e+00 1.677202162005642094e-02
-1.598023503995493456e+03 3.008401998701046523e+03 1.687228806973169810e+02 0.000000000000000000e+00 0.000000000000000000e+00 1.825934259537120852e-02
-9.325198651181032119e+02 3.033951211978868741e+03 1.467741397490042630e+02 0.000000000000000000e+00 0.000000000000000000e+00 -2.664437620333615087e-02
-5.094082943542633188e+02 3.058217788943562027e+03 1.400607459693526664e+02 0.000000000000000000e+00 0.000000000000000000e+00 -3.130731864629865413e-02
-7.111233321338373798e+02 2.910030798159206824e+03 1.319398412761165957e+02 0.000000000000000000e+00 0.000000000000000000e+00 -2.517316232152211342e-02
-8.894772455856560782e+02 2.670652060169105425e+03 1.185437977862332133e+02 0.000000000000000000e+00 0.000000000000000000e+00 -6.923049033915162909e-03
-5.230331844806127037e+02 2.673667038524601139e+03 1.115129107068370331e+02 0.000000000000000000e+00 0.000000000000000000e+00 -1.050044255094917389e-02
-5.083627294720813552e+02 2.353802915105322882e+03 9.066718686032965024e+01 0.000000000000000000e+00 0.000000000000000000e+00 -6.065796966581160632e-03
-7.019694885135000959e+02 2.200957354901647250e+03 8.504781350916431393e+01 0.000000000000000000e+00 0.000000000000000000e+00 -1.167529639359088378e-02
-9.049337591844428061e+02 2.297015064801181325e+03 9.503653516137289614e+01 0.000000000000000000e+00 0.000000000000000000e+00 -2.500281782141655640e-02
-9.051151072994565538e+02 1.972561803425590824e+03 7.747482096195159329e+01 0.000000000000000000e+00 0.000000000000000000e+00 -9.638944230616175446e-03
-5.208553770800011762e+02 1.972995933678975689e+03 7.002791534987086663e+01 0.000000000000000000e+00 0.000000000000000000e+00 1.799594582698205159e-02
-5.039330274546636019e+02 1.652401396815858334e+03 5.533447522688506126e+01 0.000000000000000000e+00 0.000000000000000000e+00 -2.921067235803320727e-03
-7.039427216173537545e+02 1.497860246145246265e+03 5.257800498492365904e+01 0.000000000000000000e+00 0.000000000000000000e+00 -1.624744983418224820e-02
-8.944915378566439585e+02 1.599613183500359128e+03 6.056519216521488147e+01 0.000000000000000000e+00 0.000000000000000000e+00 -5.321075326079949264e-03
-9.023893952561691094e+02 1.258270504241369736e+03 4.873312977334791185e+01 0.000000000000000000e+00 0.000000000000000000e+00 3.649705934876124047e-03
-5.093290563952996877e+02 1.256013087171918414e+03 4.127997740994422315e+01 0.000000000000000000e+00 0.000000000000000000e+00 1.270503922640386918e-03
-5.022085199338585539e+02 9.376633223321039168e+02 3.274893384287944542e+01 0.000000000000000000e+00 0.000000000000000000e+00 -1.539334016644033909e-02
-7.068172461887311329e+02 7.812180724317173599e+02 3.277299079704386031e+01 0.000000000000000000e+00 0.000000000000000000e+00 -9.128063776614681046e-03
-8.831169573960056596e+02 8.949669447100452544e+02 3.875539670040029705e+01 0.000000000000000000e+00 0.000000000000000000e+00 -2.248458816278287031e-02
-9.149432996064342660e+02 5.359970784442201648e+02 3.331249364400377999e+01 0.000000000000000000e+00 0.000000000000000000e+00 -3.560524256968733425e-03
-5.316898628055308791e+02 5.199223910718250181e+02 2.588426633103987129e+01 0.000000000000000000e+00 0.000000000000000000e+00 -1.022874701677523035e-02
-5.087569685633263248e+02 2.245646654105703703e+02 2.297569566656811801e+01 0.000000000000000000e+00 0.000000000000000000e+00 -2.722206275114302798e-02
-7.068852622114347923e+02 7.313545616739867228e+01 2.554296640531894269e+01 0.000000000000000000e+00 0.000000000000000000e+00 -8.154897117293558040e-03
-8.965468994261321996e+02 1.717903510629984680e+02 2.976852441096801272e+01 0.000000000000000000e+00 0.000000000000000000e+00 9.532254045581112223e-04
-9.073975122995867650e+02 -1.688603417722093809e+02 2.993262436672863203e+01 0.000000000000000000e+00 0.000000000000000000e+00 -8.147715957818491006e-03
-5.074977552099022660e+02 -1.734805648099341795e+02 2.269218684780225104e+01 0.000000000000000000e+00 0.000000000000000000e+00 -2.591131376394528729e-02
-5.078050649243079988e+02 -4.827165325799370521e+02 2.499754911595435303e+01 0.000000000000000000e+00 0.000000000000000000e+00 1.356733441029334131e-02
-7.108001284047265926e+02 -6.442299244733929982e+02 3.020428840724544983e+01 0.000000000000000000e+00 0.000000000000000000e+00 -2.477195300905066233e-03
-8.802697553666700969e+02 -5.236961798110495465e+02 3.205666145007744205e+01 0.000000000000000000e+00 0.000000000000000000e+00 1.502134355493467410e-02
-9.033896958476090049e+02 -8.817915989218711275e+02 3.823596060017271725e+01 0.000000000000000000e+00 0.000000000000000000e+00 1.503483664544802423e-02
-5.005055345086906300e+02 -9.330983290833537467e+02 3.210424512897565563e+01 0.000000000000000000e+00 0.000000000000000000e+00 1.525198952466411129e-02
-4.959752654550958368e+02 -1.250801606511456157e+03 3.983714390472693623e+01 0.000000000000000000e+00 0.000000000000000000e+00 9.731224063990850937e-03
-6.985919291634995716e+02 -1.352520251251334457e+03 4.586209630518101221e+01 0.000000000000000000e+00 0.000000000000000000e+00 1.717913813808280565e-02
-8.704815100588114092e+02 -1.222220426480576407e+03 4.552326223934004190e+01 0.000000000000000000e+00 0.000000000000000000e+00 4.833232785199470527e-02
-9.008607994631487372e+02 -1.646446598535099838e+03 5.980818309789865594e+01 0.000000000000000000e+00 0.000000000000000000e+00 -4.866568367155821306e-02
-5.046235988795285721e+02 -1.647797066551403304e+03 5.281287469728233219e+01 0.000000000000000000e+00 0.000000000000000000e+00 -6.924116605176777739e-03
-5.062751947539629782e+02 -1.964405684232154272e+03 6.559308522698570698e+01 0.000000000000000000e+00 0.000000000000000000e+00 1.418872563543516208e-02
-7.007716901540178469e+02 -2.122381443462253173e+03 7.576688921787017250e+01 0.000000000000000000e+00 0.000000000000000000e+00 -7.334767804647412959e-02
-8.938768048186786928e+02 -1.959755400827909625e+03 7.226209712633568927e+01 0.000000000000000000e+00 0.000000000000000000e+00 1.765402025567652800e-02
-8.912904313362672610e+02 -2.352264281309140188e+03 9.110960577584204145e+01 0.000000000000000000e+00 0.000000000000000000e+00 -5.015633020242660223e-02
-5.077854473974675784e+02 -2.362017937753271326e+03 8.480459402703843352e+01 0.000000000000000000e+00 0.000000000000000000e+00 -6.203603367229959531e-02
-5.123419108927918160e+02 -2.677625995216573301e+03 1.026475609417796591e+02 0.000000000000000000e+00 0.000000000000000000e+00 -1.018558830867277720e-02
-7.108466465166069383e+02 -2.760957552531449892e+03 1.108272219709881625e+02 0.000000000000000000e+00 0.000000000000000000e+00 -2.002873896277890253e-02
-8.953314488309050603e+02 -2.671340234124879316e+03 1.091538477330174004e+02 0.000000000000000000e+00 0.000000000000000000e+00 8.409861966882203888e-03
-9.038926310408152176e+02 -3.005794115319600678e+03 1.307087835353311220e+02 0.000000000000000000e+00 0.000000000000000000e+00 8.573658941486428375e-03
-5.153945816889070102e+02 -3.006376178014612833e+03 1.236630909996232646e+02 0.000000000000000000e+00 0.000000000000000000e+00 -2.748146855714139747e-02
1.852088341484271155e+02 -3.068620119095002792e+03 1.249520206542152323e+02 0.000000000000000000e+00 0.000000000000000000e+00 -3.918587461772915503e-02
-1.941034913630434744e+02 -3.069121147411105994e+03 1.250299019320156901e+02 0.000000000000000000e+00 0.000000000000000000e+00 -2.383918658549077918e-02
5.808773711776707316e+00 -2.832523641507256343e+03 1.088640140079453147e+02 0.000000000000000000e+00 0.000000000000000000e+00 1.461430881846581542e-03
1.882561731093024378e+02 -2.676646286441939537e+03 9.969720821661138643e+01 0.000000000000000000e+00 0.000000000000000000e+00 -4.127571842172983452e-02
-2.039709769388840073e+02 -2.670829592081502597e+03 9.942760538783230118e+01 0.000000000000000000e+00 0.000000000000000000e+00 1.489772983597958955e-02
-2.024924074107975969e+02 -2.358810944964775899e+03 8.188660354422665932e+01 0.000000000000000000e+00 0.000000000000000000e+00 7.365888038535217675e-03
1.802608511060719536e+02 -2.348533680446163544e+03 8.123900898178837338e+01 0.000000000000000000e+00 0.000000000000000000e+00 1.599002445520625315e-02
-4.067623494088421943e+00 -2.115677988874663697e+03 6.923589967752349139e+01 0.000000000000000000e+00 0.000000000000000000e+00 -4.821910611752855402e-03
1.970101413611211285e+02 -1.965242559780827378e+03 6.288218229249570612e+01 0.000000000000000000e+00 0.000000000000000000e+00 2.604697336098382721e-02
-2.048313762104421016e+02 -1.965444702609139767e+03 6.293071487788618867e+01 0.000000000000000000e+00 0.000000000000000000e+00 3.634038616191048732e-03
-2.000390021820785478e+02 -1.650737563693737002e+03 5.021279328800176955e+01 0.000000000000000000e+00 0.000000000000000000e+00 2.153062703241204190e-02
1.889090700678891892e+02 -1.645808619553882181e+03 4.997682116763511573e+01 0.000000000000000000e+00 0.000000000000000000e+00 4.511550983323786568e-04
-7.714573306072151304e+00 -1.409718239194993885e+03 4.146663651351999391e+01 0.000000000000000000e+00 0.000000000000000000e+00 1.200204160409867882e-02
1.956139486692771357e+02 -1.252930433993882389e+03 3.727360159944902307e+01 0.000000000000000000e+00 0.000000000000000000e+00 -9.625567469548457211e-03
-1.984176250535242900e+02 -1.256148830138203721e+03 3.737806151698872270e+01 0.000000000000000000e+00 0.000000000000000000e+00 2.115265283089229342e-02
-1.938794046557914612e+02 -9.378759276975405328e+02 2.950987383597291824e+01 0.000000000000000000e+00 0.000000000000000000e+00 -1.399484120419458577e-03
2.026629199949690587e+02 -9.307449180633112746e+02 2.940378119204627083e+01 0.000000000000000000e+00 0.000000000000000000e+00 -9.848233824417462756e-03
-8.042642201230934873e+00 -6.409077334926319054e+02 2.373598004733391420e+01 0.000000000000000000e+00 0.000000000000000000e+00 -1.964251944095707358e-02
1.972223119418748070e+02 -5.454192688667554876e+02 2.294311518220793289e+01 0.000000000000000000e+00 0.000000000000000000e+00 -3.914039078532027816e-02
-2.013102797103506134e+02 -5.433785813322191416e+02 2.293857540980035026e+01 0.000000000000000000e+00 0.000000000000000000e+00 -1.165573914762418894e-02
-1.963637057386913511e+02 -2.292054405755123980e+02 2.014644836374921155e+01 0.000000000000000000e+00 0.000000000000000000e+00 -2.158632079508393531e-02
1.854125899234373094e+02 -2.225698497957128552e+02 2.005870353316005250e+01 0.000000000000000000e+00 0.000000000000000000e+00 -2.452825988011042568e-02
-5.224476378080165517e+00 1.105921278771191218e+01 1.905176315873482196e+01 0.000000000000000000e+00 0.000000000000000000e+00 -3.675672322344780696e-03
-1.883957535737472710e+02 1.654328212328474876e+02 1.982436499810572883e+01 0.000000000000000000e+00 0.000000000000000000e+00 -1.683460406234260631e-02
2.033802645997466243e+02 1.703707639306753094e+02 1.991930383861733134e+01 0.000000000000000000e+00 0.000000000000000000e+00 -3.788207997201098465e-02
-1.851590840152217936e+02 4.827566579502922082e+02 2.221605271350053457e+01 0.000000000000000000e+00 0.000000000000000000e+00 2.464190162285717633e-04
1.886689168638934291e+02 4.742771817616890075e+02 2.213770465856052994e+01 0.000000000000000000e+00 0.000000000000000000e+00 -3.057418605463269046e-02
-1.505307637960316036e+01 7.135764565820840062e+02 2.503158211960082014e+01 0.000000000000000000e+00 0.000000000000000000e+00 1.552858036602700054e-02
1.827609770898330055e+02 8.764325155040571644e+02 2.854429354752982562e+01 0.000000000000000000e+00 0.000000000000000000e+00 5.998838499930769785e-03
-2.092685753335744039e+02 8.776400290504584518e+02 2.870593040716892475e+01 0.000000000000000000e+00 0.000000000000000000e+00 -6.370308505196931037e-04
-2.149299691124035121e+02 1.192537932716615387e+03 3.656737232092803680e+01 0.000000000000000000e+00 0.000000000000000000e+00 -5.289638875943580842e-03
1.859346657643019682e+02 1.196601997946158917e+03 3.653070712337480330e+01 0.000000000000000000e+00 0.000000000000000000e+00 -2.081507116287184544e-03
-6.667122093727170018e+00 1.432233346787758364e+03 4.359322386270341099e+01 0.000000000000000000e+00 0.000000000000000000e+00 -3.341394370302452899e-03
-2.078641938550009911e+02 1.591574582989999953e+03 5.007073123512317636e+01 0.000000000000000000e+00 0.000000000000000000e+00 3.338333152871797438e-02
1.961513900587466992e+02 1.592932408853862171e+03 5.006035874744299718e+01 0.000000000000000000e+00 0.000000000000000000e+00 -4.087355676965387374e-03
1.823249041132249317e+02 1.902590106729389618e+03 6.338462942152496282e+01 0.000000000000000000e+00 0.000000000000000000e+00 3.540260664943417623e-02
-1.971625127113526617e+02 1.903438023712609720e+03 6.350121482735080747e+01 0.000000000000000000e+00 0.000000000000000000e+00 4.318552868618041884e-03
8.002071317917060611e+00 2.142999775184892769e+03 7.511263589146693676e+01 0.000000000000000000e+00 0.000000000000000000e+00 5.401808391013673827e-03
-2.014678871787451158e+02 2.289316214071549439e+03 8.386078851835736714e+01 0.000000000000000000e+00 0.000000000000000000e+00 1.820518934424342206e-02
1.953384741808634431e+02 2.302795475092649667e+03 8.461216791492367406e+01 0.000000000000000000e+00 0.000000000000000000e+00 2.314321298541699434e-03
-2.044393083124172961e+02 2.609141906797448428e+03 1.038850258020264903e+02 0.000000000000000000e+00 0.000000000000000000e+00 3.679475844279522789e-02
1.852687115638795206e+02 2.617735850452852901e+03 1.043588703309978314e+02 0.000000000000000000e+00 0.000000000000000000e+00 1.975380987408925648e-02
-9.413526519596883801e+00 2.855127850920982382e+03 1.206881302972673495e+02 0.000000000000000000e+00 0.000000000000000000e+00 -8.043385332840102819e-03
-2.072144621310982018e+02 3.006530924746226901e+03 1.328778601295964563e+02 0.000000000000000000e+00 0.000000000000000000e+00 -1.938258148527438607e-03
1.953934766161220580e+02 3.014278425464425709e+03 1.334218186845955358e+02 0.000000000000000000e+00 0.000000000000000000e+00 -1.519894667356425089e-02
8.741879582741945569e+02 -3.006132301408534204e+03 1.300519221659103835e+02 0.000000000000000000e+00 0.000000000000000000e+00 2.885420275816841240e-03
4.929710907167446976e+02 -3.003645785625059034e+03 1.231884462863985732e+02 0.000000000000000000e+00 0.000000000000000000e+00 6.936964720253513406e-03
7.084439613083595759e+02 -2.832972929341655799e+03 1.153062280811395510e+02 0.000000000000000000e+00 0.000000000000000000e+00 -1.158959606317466751e-02
8.732800998426171191e+02 -2.681667901820051611e+03 1.092753359918655320e+02 0.000000000000000000e+00 0.000000000000000000e+00 -3.001970992087876766e-02
5.177512802571485508e+02 -2.673587049034902520e+03 1.024765394408340597e+02 0.000000000000000000e+00 0.000000000000000000e+00 -1.685820464524567797e-02
8.732683759029644079e+02 -2.355473296199542801e+03 9.087373120441711194e+01 0.000000000000000000e+00 0.000000000000000000e+00 -2.359563682871623769e-02
5.351803195823544002e+02 -2.354329001163125213e+03 8.476217997799116688e+01 0.000000000000000000e+00 0.000000000000000000e+00 -2.130810252860726450e-02
6.790683406792993537e+02 -2.127339092311562126e+03 7.562244695100544334e+01 0.000000000000000000e+00 0.000000000000000000e+00 1.046532087839580072e-02
8.720964523618284829e+02 -1.974307446416429002e+03 7.241322758360246326e+01 0.000000000000000000e+00 0.000000000000000000e+00 -7.153336437397683767e-03
4.701417362970844920e+02 -1.959005613331567019e+03 6.491086135374186483e+01 0.000000000000000000e+00 0.000000000000000000e+00 -1.075207267678024436e-02
8.687988812690010718e+02 -1.651126856545635292e+03 5.926160120254184704e+01 0.000000000000000000e+00 0.000000000000000000e+00 -1.449861211220593304e-03
4.934216042102094093e+02 -1.648583546241889735e+03 5.270064574547861014e+01 0.000000000000000000e+00 0.000000000000000000e+00 8.336831352387719107e-03
6.837154541540693344e+02 -1.412486787731264258e+03 4.745655450905966433e+01 0.000000000000000000e+00 0.000000000000000000e+00 2.277982141540491057e-02
8.903224028951884748e+02 -1.255142748351759792e+03 4.687913426819945073e+01 0.000000000000000000e+00 0.000000000000000000e+00 3.265599427449217274e-02
4.796481423948039833e+02 -1.253832637672775945e+03 3.972092350826336826e+01 0.000000000000000000e+00 0.000000000000000000e+00 -1.634814347929136602e-02
8.901130342967251181e+02 -9.478973421914961364e+02 3.929053059989730912e+01 0.000000000000000000e+00 0.000000000000000000e+00 8.153987504819326659e-03
5.021711850805210702e+02 -9.349131855058374185e+02 3.216355452350110511e+01 0.000000000000000000e+00 0.000000000000000000e+00 1.812588391472758076e-02
6.882975373686873581e+02 -7.007467601455252861e+02 3.066075815015422990e+01 0.000000000000000000e+00 0.000000000000000000e+00 8.726503684837183528e-03
8.702038472816846024e+02 -5.450979489740873305e+02 3.208878401774799016e+01 0.000000000000000000e+00 0.000000000000000000e+00 1.626607527018109067e-02
4.956383435595487867e+02 -4.888691622317644487e+02 2.490980895309026977e+01 0.000000000000000000e+00 0.000000000000000000e+00 -4.185592986026165363e-03
8.595166609836293219e+02 -2.129940275214574683e+02 2.903150634556322274e+01 0.000000000000000000e+00 0.000000000000000000e+00 1.205828257950258831e-02
4.990888651127962135e+02 -2.268110567426180637e+02 2.282561019788646917e+01 0.000000000000000000e+00 0.000000000000000000e+00 2.643609431299154267e-03
6.905942451327690605e+02 2.271936144564357818e+01 2.518702843429457516e+01 0.000000000000000000e+00 0.000000000000000000e+00 1.099230555346863980e-02
4.848826911145396252e+02 1.737041393729275001e+02 2.243029715120141887e+01 0.000000000000000000e+00 0.000000000000000000e+00 -3.379519809337239167e-02
8.617445533472969146e+02 1.618873580874257527e+02 2.893644778791707850e+01 0.000000000000000000e+00 0.000000000000000000e+00 1.859619163828440946e-02
8.926922853278753109e+02 4.861454212679857392e+02 3.217515072666701315e+01 0.000000000000000000e+00 0.000000000000000000e+00 1.903964097827781643e-03
4.996759849929249526e+02 4.849307321276729681e+02 2.503857820985261640e+01 0.000000000000000000e+00 0.000000000000000000e+00 -1.292110393426071369e-02
6.785599658108262702e+02 7.136243917184192469e+02 3.104967874255092397e+01 0.000000000000000000e+00 0.000000000000000000e+00 -4.115403355708480149e-03
8.769848727452919093e+02 8.872443483022602777e+02 3.844673062284446985e+01 0.000000000000000000e+00 0.000000000000000000e+00 1.538697811422906625e-02
5.220765465224862965e+02 8.766081676775913820e+02 3.168820145465788585e+01 0.000000000000000000e+00 0.000000000000000000e+00 2.888662631648486467e-02
8.798209684589443214e+02 1.186232886963654437e+03 4.604487454347922437e+01 0.000000000000000000e+00 0.000000000000000000e+00 -8.492466355669137101e-03
4.988225285722828630e+02 1.181878408064972973e+03 3.894657821640753781e+01 0.000000000000000000e+00 0.000000000000000000e+00 -2.159733591273038655e-02
7.057288471742375577e+02 1.430094895199815937e+03 5.017317548002742456e+01 0.000000000000000000e+00 0.000000000000000000e+00 1.923925642567070327e-02
8.634340817700981461e+02 1.594651911398551647e+03 5.963339197811069425e+01 0.000000000000000000e+00 0.000000000000000000e+00 2.190025330815359439e-02
4.881506780611996419e+02 1.587776328744517969e+03 5.254143622227630317e+01 0.000000000000000000e+00 0.000000000000000000e+00 1.646739329275703767e-02
4.770937659068641210e+02 1.914014374279997810e+03 6.656685501702045826e+01 0.000000000000000000e+00 0.000000000000000000e+00 -1.334422876814755909e-02
8.713661629513730986e+02 1.907733276915684428e+03 7.349537682006172190e+01 0.000000000000000000e+00 0.000000000000000000e+00 3.293661157776739401e-02
6.722141090839612616e+02 2.137812972817788705e+03 8.101908766398874207e+01 0.000000000000000000e+00 0.000000000000000000e+00 3.794910317751032380e-03
4.601485298346605077e+02 2.294634047637848653e+03 8.652557464870184845e+01 0.000000000000000000e+00 0.000000000000000000e+00 8.862109061183787162e-03
8.786027932238697531e+02 2.355569206218307954e+03 9.786920616439262233e+01 0.000000000000000000e+00 0.000000000000000000e+00 -1.192338828808203743e-02
8.606075182351197554e+02 2.620717296201431509e+03 1.144133205894780048e+02 0.000000000000000000e+00 0.000000000000000000e+00 -7.057839508561869479e-03
4.922578723163542236e+02 2.607206544529867642e+03 1.065482118334707025e+02 0.000000000000000000e+00 0.000000000000000000e+00 -1.039221584483129845e-02
6.715848243736672885e+02 2.863894491103550536e+03 1.276867778535581976e+02 0.000000000000000000e+00 0.000000000000000000e+00 1.425895250483222298e-02
4.604254773436646815e+02 3.003461661729003481e+03 1.350277513678681487e+02 0.000000000000000000e+00 0.000000000000000000e+00 -8.120636225299904254e-03
8.835640220710954509e+02 3.071280895357351255e+03 1.485196268119468925e+02 0.000000000000000000e+00 0.000000000000000000e+00 3.570063200214690369e-03
1.591324307192686774e+03 3.002375905463908566e+03 1.679344337461235455e+02 0.000000000000000000e+00 0.000000000000000000e+00 -2.645895001626286103e-02
1.195369427540237211e+03 3.014126811086089674e+03 1.531417057655862664e+02 0.000000000000000000e+00 0.000000000000000000e+00 -9.788636920688986720e-04
1.355934558217340054e+03 2.906065021088551475e+03 1.505015663493769011e+02 0.000000000000000000e+00 0.000000000000000000e+00 -1.275431899716750195e-02
1.193323601524188234e+03 2.667201090516806744e+03 1.271759067703246728e+02 0.000000000000000000e+00 0.000000000000000000e+00 -3.337204085838152423e-03
1.566044008558507812e+03 2.678906572178673741e+03 1.424655378116812585e+02 0.000000000000000000e+00 0.000000000000000000e+00 -1.449259248113321519e-02
1.573836418273523577e+03 2.306232893224757390e+03 1.185606474700850583e+02 0.000000000000000000e+00 0.000000000000000000e+00 2.364268436051020217e-02
1.175914382326609939e+03 2.300054806069710139e+03 1.030105554298515642e+02 0.000000000000000000e+00 0.000000000000000000e+00 1.856007059632247547e-02
1.378261561565893317e+03 2.208138500582408597e+03 1.048420681098343010e+02 0.000000000000000000e+00 0.000000000000000000e+00 9.500089249996790386e-03
1.187570065608790401e+03 1.967762124247173460e+03 8.531219520148579250e+01 0.000000000000000000e+00 0.000000000000000000e+00 -4.880060991681034466e-03
1.554239035369329486e+03 1.974898328057968683e+03 9.945562618181398307e+01 0.000000000000000000e+00 0.000000000000000000e+00 2.686664000987093459e-02
1.599773259856727918e+03 1.648560769712589718e+03 8.637271239698355885e+01 0.000000000000000000e+00 0.000000000000000000e+00 2.909825430364776366e-03
1.177840929674407334e+03 1.657777279226567316e+03 7.085398228375420615e+01 0.000000000000000000e+00 0.000000000000000000e+00 -7.448464128728460310e-03
1.348960008037940270e+03 1.475959898080072435e+03 6.957308829102964864e+01 0.000000000000000000e+00 0.000000000000000000e+00 6.993368387796294883e-03
1.540663543955149862e+03 1.226299334956458097e+03 6.859699046880734841e+01 0.000000000000000000e+00 0.000000000000000000e+00 -1.382682476233298985e-03
1.211052556800895218e+03 1.248208457894294270e+03 5.712788264627661761e+01 0.000000000000000000e+00 0.000000000000000000e+00 3.686088118257657698e-04
1.587552060156720927e+03 9.409199109430920771e+02 6.284313359515270747e+01 0.000000000000000000e+00 0.000000000000000000e+00 -4.192146933803542197e-03
1.198026246374366792e+03 9.356725819672366242e+02 4.831847013713667849e+01 0.000000000000000000e+00 0.000000000000000000e+00 2.530647285390585921e-02
1.411900328722846552e+03 7.896076822916251103e+02 5.260617164744887475e+01 0.000000000000000000e+00 0.000000000000000000e+00 1.172874663506462412e-02
1.566515082844230164e+03 4.795437790786099868e+02 5.378867335772019942e+01 0.000000000000000000e+00 0.000000000000000000e+00 -4.352004808547604853e-02
1.170604010305568409e+03 4.850457980222607830e+02 3.964769778490349950e+01 0.000000000000000000e+00 0.000000000000000000e+00 2.021349416744300242e-02
1.546027306411700692e+03 2.102760523523094776e+02 5.057936950677908783e+01 0.000000000000000000e+00 0.000000000000000000e+00 -1.532196708971156340e-02
1.193794730747933272e+03 2.265643325522063662e+02 3.809760201410827563e+01 0.000000000000000000e+00 0.000000000000000000e+00 2.451757393181708267e-02
1.388560985390491851e+03 7.504348683153941124e+01 4.402960139778026161e+01 0.000000000000000000e+00 0.000000000000000000e+00 2.931844915087822301e-02
1.576748818840763533e+03 -1.615419541446332232e+02 5.137421749638499335e+01 0.000000000000000000e+00 0.000000000000000000e+00 7.150175802387082058e-03
1.202047376183310917e+03 -1.680357793580419923e+02 3.792987616124771932e+01 0.000000000000000000e+00 0.000000000000000000e+00 2.183423869129796913e-02
1.576191613081131209e+03 -4.835308362378721085e+02 5.355359765049263387e+01 0.000000000000000000e+00 0.000000000000000000e+00 1.701871966493229138e-02
1.182646762775049865e+03 -4.783644551406062533e+02 3.953149775905737329e+01 0.000000000000000000e+00 0.000000000000000000e+00 1.094977056821733186e-02
1.385781419839117234e+03 -6.882398497993275441e+02 4.894282361632664902e+01 0.000000000000000000e+00 0.000000000000000000e+00 1.895095912213662359e-02
1.571843853688325225e+03 -8.726070371705842490e+02 5.920307999261454057e+01 0.000000000000000000e+00 0.000000000000000000e+00 1.269635440326055686e-02
1.192007497813181999e+03 -8.839319213689943808e+02 4.598290033691500156e+01 0.000000000000000000e+00 0.000000000000000000e+00 1.662846439765530704e-02
1.580607843388896299e+03 -1.192243681585558079e+03 6.690548854418773317e+01 0.000000000000000000e+00 0.000000000000000000e+00 -6.012595756061500651e-03
1.188468865933691859e+03 -1.184867679328447139e+03 5.283662798235681635e+01 0.000000000000000000e+00 0.000000000000000000e+00 2.192175964224674090e-02
1.375502149734930072e+03 -1.365799191558410485e+03 6.410546241651647392e+01 0.000000000000000000e+00 0.000000000000000000e+00 2.953584844529189013e-02
1.576851091797315576e+03 -1.600859254134139746e+03 7.949364393796224704e+01 0.000000000000000000e+00 0.000000000000000000e+00 1.357765462947213564e-02
1.180412680341185478e+03 -1.589218384920317703e+03 6.512708480879996387e+01 0.000000000000000000e+00 0.000000000000000000e+00 -7.549109649374941000e-03
1.573189596351422779e+03 -1.958325288323130280e+03 9.357554198894224839e+01 0.000000000000000000e+00 0.000000000000000000e+00 -3.994077590559186319e-02
1.181413859268760916e+03 -1.959743577578334907e+03 7.984630134782230471e+01 0.000000000000000000e+00 0.000000000000000000e+00 1.104153460639167861e-02
1.389893792276216800e+03 -2.069599522897016413e+03 9.163768584615829127e+01 0.000000000000000000e+00 0.000000000000000000e+00 -6.523716852356642448e-03
1.198652969340290383e+03 -2.332691504279012861e+03 9.827723253549331162e+01 0.000000000000000000e+00 0.000000000000000000e+00 1.042315115420393568e-01
1.563648309866241334e+03 -2.359784553896718990e+03 1.126340771108244212e+02 0.000000000000000000e+00 0.000000000000000000e+00 1.464889630024401868e-02
1.595122104988099636e+03 -2.613590803260681241e+03 1.281265532397655988e+02 0.000000000000000000e+00 0.000000000000000000e+00 7.484921511036191077e-04
1.168752568611002971e+03 -2.620826340515312040e+03 1.133808391556334385e+02 0.000000000000000000e+00 0.000000000000000000e+00 -2.465761995694037978e-02
1.371829226932307165e+03 -2.786517554305201429e+03 1.301056649181447824e+02 0.000000000000000000e+00 0.000000000000000000e+00 6.710230628300450917e-03
1.178062749876990438e+03 -3.019304762053220202e+03 1.389908424139987346e+02 0.000000000000000000e+00 0.000000000000000000e+00 -8.817378721857949131e-03
1.574458606836986974e+03 -3.016212170577744928e+03 1.529305645775812081e+02 0.000000000000000000e+00 0.000000000000000000e+00 2.893391740576589655e-02
2.275327173138813578e+03 -2.286755252982362435e+03 1.442576843334732359e+02 0.000000000000000000e+00 0.000000000000000000e+00 -1.720751979664214559e-02
1.900561457729385211e+03 -2.303145848852155268e+03 1.247330402479514930e+02 0.000000000000000000e+00 0.000000000000000000e+00 -1.391870435615771839e-02
2.070697015260925127e+03 -2.123264288938977188e+03 1.245283601580322284e+02 0.000000000000000000e+00 0.000000000000000000e+00 -1.305464396870092969e-02
2.276280491997034915e+03 -1.969444136917227297e+03 1.290714579878123516e+02 0.000000000000000000e+00 0.000000000000000000e+00 1.364249334443456974e-03
1.889279316558447363e+03 -1.946976907332906194e+03 1.071618510579679509e+02 0.000000000000000000e+00 0.000000000000000000e+00 1.246648312886122767e-02
2.258469864799504194e+03 -1.656540059752654997e+03 1.152789059758987236e+02 0.000000000000000000e+00 0.000000000000000000e+00 -7.583060859914780849e-03
1.880952086922361786e+03 -1.644172711809123030e+03 9.457696837272396806e+01 0.000000000000000000e+00 0.000000000000000000e+00 9.106750841567645693e-03
2.066587909216529169e+03 -1.410435749322382208e+03 9.606995433145425523e+01 0.000000000000000000e+00 0.000000000000000000e+00 4.624692235829286346e-02
2.276340966573652622e+03 -1.257840630423341509e+03 1.033673475910599393e+02 0.000000000000000000e+00 0.000000000000000000e+00 1.305589575549959136e-02
1.922000675763737490e+03 -1.240281858556353427e+03 8.358932263929585815e+01 0.000000000000000000e+00 0.000000000000000000e+00 1.495600453273482344e-02
2.270668252946211396e+03 -9.291592785068061175e+02 9.508704678480617645e+01 0.000000000000000000e+00 0.000000000000000000e+00 -4.844269679097124026e-03
1.885372206527009212e+03 -9.412950558647420394e+02 7.454808283870842445e+01 0.000000000000000000e+00 0.000000000000000000e+00 -2.093096336416522263e-02
2.088971332857899142e+03 -7.072731553328169412e+02 8.080100997028188203e+01 0.000000000000000000e+00 0.000000000000000000e+00 1.445947834525895814e-03
2.288421837507944929e+03 -5.486452472473376929e+02 9.005903897645811185e+01 0.000000000000000000e+00 0.000000000000000000e+00 -1.679345110881058645e-02
1.886024821229342251e+03 -5.389315835647186077e+02 6.804798204055589395e+01 0.000000000000000000e+00 0.000000000000000000e+00 -3.002150844633888482e-02
2.291685337243004142e+03 -2.142762002670537811e+02 8.769004313804930462e+01 0.000000000000000000e+00 0.000000000000000000e+00 2.084188749151394404e-03
1.872865889384494722e+03 -2.339584697710592707e+02 6.493225100386607096e+01 0.000000000000000000e+00 0.000000000000000000e+00 -2.804353149197424955e-02
2.091992362883525402e+03 1.889608163632289006e+01 7.592156714951906338e+01 0.000000000000000000e+00 0.000000000000000000e+00 -2.484641735054538003e-02
2.288854442429499613e+03 1.605251517353662223e+02 8.778128625400489682e+01 0.000000000000000000e+00 0.000000000000000000e+00 -1.831665317396868886e-02
1.884697993010573100e+03 1.692874920884586345e+02 6.557918756163762453e+01 0.000000000000000000e+00 0.000000000000000000e+00 3.886174662568464555e-03
2.277518694812882131e+03 4.697739169621597739e+02 8.984978119949104780e+01 0.000000000000000000e+00 0.000000000000000000e+00 1.239557271092905921e-02
1.910682777516401757e+03 4.718654298164002512e+02 6.947561680136260520e+01 0.000000000000000000e+00 0.000000000000000000e+00 -6.344053639381286303e-03
2.080380168992262043e+03 7.154225540609646714e+02 8.221290358190343284e+01 0.000000000000000000e+00 0.000000000000000000e+00 -1.452674989373292647e-02
2.274948484113353970e+03 8.832600420746812233e+02 9.704990792770107078e+01 0.000000000000000000e+00 0.000000000000000000e+00 -8.104960426933871531e-03
1.906846156776414773e+03 8.893787786828528397e+02 7.653888178765137695e+01 0.000000000000000000e+00 0.000000000000000000e+00 -1.034278094250851154e-02
2.284652684313711234e+03 1.192777449483598957e+03 1.059781022890151547e+02 0.000000000000000000e+00 0.000000000000000000e+00 1.734503699950096234e-03
1.902277921186232788e+03 1.192370283897382478e+03 8.430367885931876515e+01 0.000000000000000000e+00 0.000000000000000000e+00 -2.158049471361778160e-03
2.084479578701363153e+03 1.421718642739753477e+03 1.017998123528770407e+02 0.000000000000000000e+00 0.000000000000000000e+00 1.270427071003155106e-02
2.246541947870635340e+03 1.597157211949521979e+03 1.182391347866627882e+02 0.000000000000000000e+00 0.000000000000000000e+00 1.206184534656529195e-02
1.937939681844558436e+03 1.619688615772942512e+03 1.014817304000920331e+02 0.000000000000000000e+00 0.000000000000000000e+00 -1.107107282557251438e-02
2.287423132857019482e+03 1.899709662976738855e+03 1.345926638666644806e+02 0.000000000000000000e+00 0.000000000000000000e+00 1.478942452402520757e-02
1.909289713499181516e+03 1.907632778954365676e+03 1.130297129179695048e+02 0.000000000000000000e+00 0.000000000000000000e+00 -1.009234219682753064e-02
2.099146783172897358e+03 2.150971111575455325e+03 1.364259732450824743e+02 0.000000000000000000e+00 0.000000000000000000e+00 3.865347909396632531e-03
2.277946673556980386e+03 2.298344560098430520e+03 1.560270840317016905e+02 0.000000000000000000e+00 0.000000000000000000e+00 2.188198967638754766e-02
1.884842253442186575e+03 2.309416443366822023e+03 1.337505672814347690e+02 0.000000000000000000e+00 0.000000000000000000e+00 -5.663697529655564722e-02
2.971653191909081215e+03 -1.579305008165227946e+03 1.615737292899627278e+02 0.000000000000000000e+00 0.000000000000000000e+00 1.789437929988935139e-02
2.590128269875307069e+03 -1.584774180246671676e+03 1.337068920432510311e+02 0.000000000000000000e+00 0.000000000000000000e+00 -5.663449520710628349e-03
2.785734966184739733e+03 -1.419708238381401088e+03 1.420253189185191331e+02 0.000000000000000000e+00 0.000000000000000000e+00 1.542338580014757099e-02
2.980495507119894683e+03 -1.268797395272808899e+03 1.524129157015376848e+02 0.000000000000000000e+00 0.000000000000000000e+00 3.823730409115455586e-02
2.588733357652848554e+03 -1.257623326541378219e+03 1.232453828852386408e+02 0.000000000000000000e+00 0.000000000000000000e+00 -2.465795516712887547e-03
2.995890413057213209e+03 -9.432940143213975261e+02 1.457449322360400856e+02 0.000000000000000000e+00 0.000000000000000000e+00 2.892909921149566799e-02
2.593653579144680407e+03 -9.490181344222002053e+02 1.160810713070472104e+02 0.000000000000000000e+00 0.000000000000000000e+00 2.306342554209095397e-02
2.762329077240911374e+03 -6.993180193770712094e+02 1.235799450635404639e+02 0.000000000000000000e+00 0.000000000000000000e+00 1.172431590346434405e-02
2.968882279864154953e+03 -5.489539889997157616e+02 1.373897849535781575e+02 0.000000000000000000e+00 0.000000000000000000e+00 -8.833254277533342247e-03
2.601165232353058400e+03 -5.440687109392815728e+02 1.101228157337394009e+02 0.000000000000000000e+00 0.000000000000000000e+00 -7.449120805048892180e-03
2.971994201664629600e+03 -2.288957721422928557e+02 1.353220171901535309e+02 0.000000000000000000e+00 0.000000000000000000e+00 -3.961883286660849990e-02
2.606622058881468547e+03 -2.262308469021457711e+02 1.081195525479763830e+02 0.000000000000000000e+00 0.000000000000000000e+00 1.433247395713976857e-02
2.779468081735004489e+03 -2.365394029517676522e+00 1.203132889674935768e+02 0.000000000000000000e+00 0.000000000000000000e+00 -3.505551707701215491e-02
2.974238395777359983e+03 1.573198432571685430e+02 1.360003668482558510e+02 0.000000000000000000e+00 0.000000000000000000e+00 -3.081586004856262662e-02
2.650862999228196259e+03 2.056812789734657372e+02 1.118603995567136309e+02 0.000000000000000000e+00 0.000000000000000000e+00 -2.897599953695362274e-02
2.987713120654284921e+03 4.707678624646053436e+02 1.401864107845578360e+02 0.000000000000000000e+00 0.000000000000000000e+00 1.126300147188885603e-02
2.584439020366747627e+03 4.687918291517366924e+02 1.098047860625566159e+02 0.000000000000000000e+00 0.000000000000000000e+00 -6.352837770066344092e-03
2.780674039693536997e+03 7.069638114335187993e+02 1.278840029164159091e+02 0.000000000000000000e+00 0.000000000000000000e+00 8.822392302889170423e-03
2.973549216633193737e+03 8.776746080949941415e+02 1.467293976222323693e+02 0.000000000000000000e+00 0.000000000000000000e+00 7.312021551769021244e-03
2.612826313811674481e+03 8.867711171460306332e+02 1.194596977741495607e+02 0.000000000000000000e+00 0.000000000000000000e+00 -2.050737964211180042e-03
2.979671214873903409e+03 1.184438223747105894e+03 1.558365076333721788e+02 0.000000000000000000e+00 0.000000000000000000e+00 9.996268661183194126e-03
2.595485953462373345e+03 1.192039522302810155e+03 1.266320926427890470e+02 0.000000000000000000e+00 0.000000000000000000e+00 1.068739701415211130e-02
2.775291542646541075e+03 1.424924986661525054e+03 1.479973819255858416e+02 0.000000000000000000e+00 0.000000000000000000e+00 -1.303976927738403901e-02
2.979098289268880308e+03 1.583165419267660582e+03 1.706830756042360804e+02 0.000000000000000000e+00 0.000000000000000000e+00 1.322737893889325278e-02
2.661572663365341668e+03 1.621492355380196841e+03 1.473886593840780677e+02 0.000000000000000000e+00 0.000000000000000000e+00 -1.475038742231049582e-02
