# x y z x_res y_res z_res
-1.935743900179535103e+03 1.946664694034740251e+03 1.162752243332445516e+02 0.000000000000000000e+00 0.000000000000000000e+00 2.103356191810235032e-02
-2.103723478526437702e+03 2.143145092663855394e+03 1.361298649186691136e+02 0.000000000000000000e+00 0.000000000000000000e+00 -3.693490896228013298e-02
-2.286592431332051092e+03 1.966400332247387496e+03 1.377923929864562353e+02 0.000000000000000000e+00 0.000000000000000000e+00 -2.552432028753059967e-02
-1.930711398964878981e+03 2.319451635763401100e+03 1.366816327885807425e+02 0.000000000000000000e+00 0.000000000000000000e+00 -5.969459158151835254e-02
-1.933421479350218306e+03 1.943735219297093408e+03 1.160040251747306286e+02 0.000000000000000000e+00 0.000000000000000000e+00 1.907794496355563751e-02
-2.128220524959581780e+03 2.172595161016953625e+03 1.392391511255449359e+02 0.000000000000000000e+00 0.000000000000000000e+00 -6.861971269785271943e-02
-2.128223024746519059e+03 2.172677269827172950e+03 1.392439749077050521e+02 0.000000000000000000e+00 0.000000000000000000e+00 -7.509074063298726287e-02
-2.310293998372593251e+03 1.951397395817571805e+03 1.385360296322000409e+02 0.000000000000000000e+00 0.000000000000000000e+00 -5.022853172465602256e-02
-2.292224345237093530e+03 1.651738195840498520e+03 1.232862103417960782e+02 0.000000000000000000e+00 0.000000000000000000e+00 8.714916436147746026e-03
-1.937663684773233854e+03 1.631962735731952989e+03 1.018922889654942026e+02 0.000000000000000000e+00 0.000000000000000000e+00 -2.487743448804735635e-02
-1.930509438568012001e+03 1.246501154309513367e+03 8.736987610846682628e+01 0.000000000000000000e+00 0.000000000000000000e+00 1.525888588274426638e-02
-2.100635956588935187e+03 1.442169663334677807e+03 1.033854035088490946e+02 0.000000000000000000e+00 0.000000000000000000e+00 3.112554796918232114e-02
-2.297421810508941235e+03 1.598331538058808974e+03 1.213570403317744990e+02 0.000000000000000000e+00 0.000000000000000000e+00 3.077001868014406227e-02
-2.314684545047789015e+03 1.249222149871836564e+03 1.095478612316862268e+02 0.000000000000000000e+00 0.000000000000000000e+00 -1.420604385731394359e-02
-2.581360892554405382e+03 1.605185086923544077e+03 1.407342681838448186e+02 0.000000000000000000e+00 0.000000000000000000e+00 1.742880534126811654e-02
-2.589917399696261327e+03 1.230318318328799705e+03 1.273449752105002091e+02 0.000000000000000000e+00 0.000000000000000000e+00 2.456400075709552766e-02
-2.796549908605837118e+03 1.444584715864969212e+03 1.502476086209085793e+02 0.000000000000000000e+00 0.000000000000000000e+00 1.071942646279921973e-02
-2.991988745254205696e+03 1.594143644470065055e+03 1.720626595948978093e+02 0.000000000000000000e+00 0.000000000000000000e+00 1.643060388909134417e-02
-2.999505898111914576e+03 1.254510950566270367e+03 1.596381082582450688e+02 0.000000000000000000e+00 0.000000000000000000e+00 -4.844410439915236566e-03
-1.929979317136677309e+03 9.071798737543065272e+02 7.807100176849769468e+01 0.000000000000000000e+00 0.000000000000000000e+00 2.966421994372581139e-03
-1.928493598263208241e+03 5.287567268593309109e+02 7.106494577125309320e+01 0.000000000000000000e+00 0.000000000000000000e+00 9.031011236785957408e-03
-2.106440212497854645e+03 7.282568644943679601e+02 8.384274763865666102e+01 0.000000000000000000e+00 0.000000000000000000e+00 -2.313998585977117273e-02
-2.298307332739300364e+03 8.913424923416200727e+02 9.859262857711134131e+01 0.000000000000000000e+00 0.000000000000000000e+00 -2.256793707503845781e-02
-2.308648847960891544e+03 5.302596625812661841e+02 9.249216872561190428e+01 0.000000000000000000e+00 0.000000000000000000e+00 2.280305775956037451e-02
-2.580156034525440191e+03 8.868723434444073064e+02 1.170570176556972370e+02 0.000000000000000000e+00 0.000000000000000000e+00 -1.202057588125171605e-02
-2.966809870574292745e+03 9.042700508403008826e+02 1.466940703585910057e+02 0.000000000000000000e+00 0.000000000000000000e+00 4.563347302857323484e-02
-2.771205259746313914e+03 7.394512048625196030e+02 1.276982161761979597e+02 0.000000000000000000e+00 0.000000000000000000e+00 -1.590733031801505604e-02
-2.771420497826219162e+03 7.397544037520306119e+02 1.277205117253357400e+02 0.000000000000000000e+00 0.000000000000000000e+00 8.541454979194895714e-03
-2.618610328281064994e+03 5.343203621568266044e+02 1.130110483487817845e+02 0.000000000000000000e+00 0.000000000000000000e+00 4.873886703151697475e-03
-2.967305663614649347e+03 5.248972147133029011e+02 1.391912463373839728e+02 0.000000000000000000e+00 0.000000000000000000e+00 5.995017689542692096e-02
-1.934677315839674066e+03 1.991099748368779672e+02 6.819687861950941965e+01 0.000000000000000000e+00 0.000000000000000000e+00 6.146585545039329190e-03
-1.931698179053315926e+03 -1.752589697928676173e+02 6.757686461088746910e+01 0.000000000000000000e+00 0.000000000000000000e+00 -3.230813314289093796e-03
-2.102328744291777184e+03 1.648112144429601855e+01 7.643041440680407561e+01 0.000000000000000000e+00 0.000000000000000000e+00 -3.058205493596233282e-02
-2.297252386193088569e+03 1.752837125735067048e+02 8.830039934015960057e+01 0.000000000000000000e+00 0.000000000000000000e+00 4.465319696855374332e-02
-2.280081549174311021e+03 -1.725910575745443225e+02 8.678822156791432008e+01 0.000000000000000000e+00 0.000000000000000000e+00 4.509774114339393236e-03
-2.595678843080862862e+03 1.679938591225988489e+02 1.076642591913585818e+02 0.000000000000000000e+00 0.000000000000000000e+00 -4.110643692301607643e-02
-2.601987374069663019e+03 -1.804132171712246588e+02 1.075645269376039579e+02 0.000000000000000000e+00 0.000000000000000000e+00 1.672823389327504628e-03
-2.798173152101634969e+03 1.640119723811876895e+01 1.216443900381497514e+02 0.000000000000000000e+00 0.000000000000000000e+00 1.640717845288008903e-02
-2.999715555808239969e+03 1.756434772290119497e+02 1.380471143770287483e+02 0.000000000000000000e+00 0.000000000000000000e+00 6.953523667201011449e-02
-2.985690823030611682e+03 -1.805307525971366260e+02 1.361623791972555466e+02 0.000000000000000000e+00 0.000000000000000000e+00 3.278459622563900666e-02
-1.933969274354121580e+03 -5.163383876712076699e+02 7.011976419872193844e+01 0.000000000000000000e+00 0.000000000000000000e+00 -1.295856839929854232e-02
-1.919099943387962867e+03 -8.797193593779862795e+02 7.491504185720972941e+01 0.000000000000000000e+00 0.000000000000000000e+00 5.336573728399685024e-03
-2.107658088787311499e+03 -6.989029678872805107e+02 8.163304715777435661e+01 0.000000000000000000e+00 0.000000000000000000e+00 -2.763900293700771726e-04
-2.107624481574149740e+03 -6.987772119347242779e+02 8.162929852949405074e+01 0.000000000000000000e+00 0.000000000000000000e+00 -1.462453156524645692e-02
-2.299591407373922266e+03 -5.373329007666236521e+02 9.053072319276874680e+01 0.000000000000000000e+00 0.000000000000000000e+00 3.367185005843964518e-02
-2.297895015995071844e+03 -8.861659248884358249e+02 9.578108353691754928e+01 0.000000000000000000e+00 0.000000000000000000e+00 3.748218008226444908e-03
-2.297982331772797352e+03 -8.860176157905962100e+02 9.578344520357059366e+01 0.000000000000000000e+00 0.000000000000000000e+00 1.289519468855360174e-03
-2.583923316771546070e+03 -5.208105050346065354e+02 1.085978108857086255e+02 0.000000000000000000e+00 0.000000000000000000e+00 1.254295307347774724e-02
-2.597229516171227260e+03 -8.896967281615036427e+02 1.150439509492404397e+02 0.000000000000000000e+00 0.000000000000000000e+00 3.451290843551646503e-02
-2.597211212304210676e+03 -8.896061118919033106e+02 1.150409501651925268e+02 0.000000000000000000e+00 0.000000000000000000e+00 1.869102511197695549e-02
-2.794739393856157676e+03 -6.971936617346617595e+02 1.258311191632130743e+02 0.000000000000000000e+00 0.000000000000000000e+00 -6.308958864320857174e-02
-2.997510891526687828e+03 -5.346209601374379190e+02 1.393961899942878233e+02 0.000000000000000000e+00 0.000000000000000000e+00 1.161441077016434065e-03
-2.995886557156832623e+03 -8.878382063670700290e+02 1.445250966888044957e+02 0.000000000000000000e+00 0.000000000000000000e+00 7.294708050551435008e-04
-2.995794939514521502e+03 -8.877733371657860744e+02 1.445165469944765562e+02 0.000000000000000000e+00 0.000000000000000000e+00 -2.225969513168024605e-02
-1.916784615564128899e+03 -1.200661951008113647e+03 8.219560770196197552e+01 0.000000000000000000e+00 0.000000000000000000e+00 -3.511220546634774564e-02
-1.916920945031888778e+03 -1.201024828424950329e+03 8.221203332251475615e+01 0.000000000000000000e+00 0.000000000000000000e+00 -3.093179467944651151e-02
-1.913030755264285062e+03 -1.597654958368728103e+03 9.439085813073288023e+01 0.000000000000000000e+00 0.000000000000000000e+00 -7.695238561041151115e-03
-2.104817404332360638e+03 -1.402966834561983887e+03 9.782775218975223197e+01 0.000000000000000000e+00 0.000000000000000000e+00 -3.154094861598366606e-02
-2.302649210255226080e+03 -1.248557426447144053e+03 1.045970572646747030e+02 0.000000000000000000e+00 0.000000000000000000e+00 -5.201062034129222411e-02
-2.279680472512415236e+03 -1.604697580974593620e+03 1.145497209374552909e+02 0.000000000000000000e+00 0.000000000000000000e+00 -6.163421604007623955e-02
-2.584743226881229475e+03 -1.223966804201831110e+03 1.219493862022589639e+02 0.000000000000000000e+00 0.000000000000000000e+00 -4.590633140774968979e-02
-2.584874452342090535e+03 -1.223966138486010777e+03 1.219582739655566712e+02 0.000000000000000000e+00 0.000000000000000000e+00 -4.520666621799307450e-02
-2.593418307692024882e+03 -1.600055495172372730e+03 1.343660378788276262e+02 0.000000000000000000e+00 0.000000000000000000e+00 -2.773747785869318250e-02
-2.593587339864744081e+03 -1.599963326604491840e+03 1.343742488250797180e+02 0.000000000000000000e+00 0.000000000000000000e+00 -3.082247909784996409e-02
-2.783697135163334679e+03 -1.366496491822709459e+03 1.401069240099761259e+02 0.000000000000000000e+00 0.000000000000000000e+00 8.548716477491780097e-03
-2.972021641653476763e+03 -1.219273326226040354e+03 1.502506233647818590e+02 0.000000000000000000e+00 0.000000000000000000e+00 -2.856373325812455732e-03
-2.972093054931465304e+03 -1.219275823443287436e+03 1.502563326753751483e+02 0.000000000000000000e+00 0.000000000000000000e+00 1.715086356202277784e-02
-2.973485701066641468e+03 -1.605071679957150081e+03 1.624999815059069590e+02 0.000000000000000000e+00 0.000000000000000000e+00 2.544308846589160567e-02
-1.918032890165321760e+03 -1.917593338796978287e+03 1.072211087343426357e+02 0.000000000000000000e+00 0.000000000000000000e+00 -3.486603938131338509e-02
-1.924666007584621411e+03 -2.307544162692446662e+03 1.260590939006140303e+02 0.000000000000000000e+00 0.000000000000000000e+00 -1.056910710474312509e-03
-1.924597294335902234e+03 -2.307453231148327177e+03 1.260509425999851771e+02 0.000000000000000000e+00 0.000000000000000000e+00 -2.912571391215124095e-02
-2.128406243179384091e+03 -2.083264132021699425e+03 1.256842609441533085e+02 0.000000000000000000e+00 0.000000000000000000e+00 -1.446149842374211403e-02
-2.274054716613095934e+03 -1.947657892301875563e+03 1.278774126862771539e+02 0.000000000000000000e+00 0.000000000000000000e+00 -3.503985014806687559e-02
-2.276666304932295134e+03 -2.306700609558186898e+03 1.452572088600218763e+02 0.000000000000000000e+00 0.000000000000000000e+00 -6.889197198347574158e-03
-2.276980166249235481e+03 -2.306554545192761452e+03 1.452682697120784781e+02 0.000000000000000000e+00 0.000000000000000000e+00 -5.419225988183029585e-02
-1.596533656962099258e+03 2.991840491362153898e+03 1.671733295807046602e+02 0.000000000000000000e+00 0.000000000000000000e+00 -3.857121852149703045e-02
-1.592462366147569583e+03 2.675755704154340037e+03 1.432907734497967738e+02 0.000000000000000000e+00 0.000000000000000000e+00 -1.695963591569693563e-02
-1.370692601693321876e+03 2.866982626231565519e+03 1.479591011086689889e+02 0.000000000000000000e+00 0.000000000000000000e+00 -1.978416248974212976e-02
-1.240921987310571922e+03 2.649137036436698963e+03 1.274390452390726267e+02 0.000000000000000000e+00 0.000000000000000000e+00 7.327335985333149893e-02
-1.235907000612067577e+03 3.022414562047260006e+03 1.550663356349425328e+02 0.000000000000000000e+00 0.000000000000000000e+00 1.997174647684119009e-02
-1.222239955684011875e+03 2.346841502062606651e+03 1.072541995283973222e+02 0.000000000000000000e+00 0.000000000000000000e+00 -4.916417621075197530e-03
-1.207157570374007946e+03 1.969744724255076108e+03 8.598563852353629500e+01 0.000000000000000000e+00 0.000000000000000000e+00 -2.081659918360401207e-03
-1.394682444253204949e+03 2.145913812349897853e+03 1.019113938199796081e+02 0.000000000000000000e+00 0.000000000000000000e+00 2.162475787116591164e-02
-1.594174912260453084e+03 2.311296655796723826e+03 1.196559593996623647e+02 0.000000000000000000e+00 0.000000000000000000e+00 2.917669816196166721e-02
-1.596779274407248522e+03 1.963551471317859750e+03 1.006426480962074379e+02 0.000000000000000000e+00 0.000000000000000000e+00 -1.604752414650079118e-03
-9.206922969591587389e+02 1.936757545579825546e+03 7.604517847791325380e+01 0.000000000000000000e+00 0.000000000000000000e+00 -3.764715038067834030e-02
-9.200505437219310352e+02 2.322728315343949362e+03 9.685772825399087083e+01 0.000000000000000000e+00 0.000000000000000000e+00 -2.378643317987894079e-02
-7.285642424355082767e+02 2.170809977726745274e+03 8.383676917682710439e+01 0.000000000000000000e+00 0.000000000000000000e+00 -6.150821021606134309e-03
-5.305987150269509129e+02 1.950505614126809178e+03 6.901443889067334680e+01 0.000000000000000000e+00 0.000000000000000000e+00 -9.801334461272404042e-03
-5.365047623023781398e+02 2.316259289604237892e+03 8.877306960590331641e+01 0.000000000000000000e+00 0.000000000000000000e+00 -4.705040358904000186e-02
-5.235088568830392433e+02 3.013896861740625354e+03 1.366122363936857766e+02 0.000000000000000000e+00 0.000000000000000000e+00 4.794527780373414316e-02
-5.353276823455742033e+02 2.654385952774712678e+03 1.102770520571399970e+02 0.000000000000000000e+00 0.000000000000000000e+00 -2.099553118593178169e-02
-5.348753833738082903e+02 2.654885682998271022e+03 1.103045306714023610e+02 0.000000000000000000e+00 0.000000000000000000e+00 -2.288482913914435812e-02
-7.357168106133267429e+02 2.880767682691121536e+03 1.301133459501236871e+02 0.000000000000000000e+00 0.000000000000000000e+00 1.646708525447593274e-02
-9.019426348279644117e+02 3.011006182545512274e+03 1.440211394677982639e+02 0.000000000000000000e+00 0.000000000000000000e+00 9.383847282038004778e-03
-9.057835814957848015e+02 2.661760740970008101e+03 1.182386887409592617e+02 0.000000000000000000e+00 0.000000000000000000e+00 2.062849706469194189e-02
-8.989005969314482627e+02 1.647353349877878145e+03 6.255332262006370314e+01 0.000000000000000000e+00 0.000000000000000000e+00 -2.191136818488104154e-02
-9.035933239908613359e+02 1.246020890016460498e+03 4.835799231366556228e+01 0.000000000000000000e+00 0.000000000000000000e+00 -3.208334568641646456e-02
-7.094153374269126289e+02 1.438078861307590159e+03 5.049386519115799388e+01 0.000000000000000000e+00 0.000000000000000000e+00 -2.095445564549436313e-03
-5.237727975289703863e+02 1.262476633878597340e+03 4.165478027882971901e+01 0.000000000000000000e+00 0.000000000000000000e+00 -3.664733643520179385e-02
-5.338374625774215474e+02 1.603759942249708274e+03 5.376431071734110390e+01 0.000000000000000000e+00 0.000000000000000000e+00 -1.680759403951981312e-02
-1.566069849697081736e+03 1.620216672510839317e+03 8.368418184113866687e+01 0.000000000000000000e+00 0.000000000000000000e+00 1.891544555554958151e-02
-1.564708655099325142e+03 1.225916045285302971e+03 6.953555263061764435e+01 0.000000000000000000e+00 0.000000000000000000e+00 4.896295711162679254e-03
-1.370967594447330612e+03 1.451565197670416183e+03 6.943708375857484327e+01 0.000000000000000000e+00 0.000000000000000000e+00 -1.480176547852352087e-02
-1.219257303748840741e+03 1.249887943435662010e+03 5.740794229828479445e+01 0.000000000000000000e+00 0.000000000000000000e+00 -9.223386372823938473e-03
-1.190423854492355986e+03 1.596861149017743401e+03 6.872976532709142816e+01 0.000000000000000000e+00 0.000000000000000000e+00 -5.613785314793062753e-03
1.694364430894162297e+02 3.020463623653007744e+03 1.336626005491978901e+02 0.000000000000000000e+00 0.000000000000000000e+00 -1.825685438043933573e-02
1.628590933189214525e+02 2.658672947211574410e+03 1.069456046326278198e+02 0.000000000000000000e+00 0.000000000000000000e+00 -1.686786028825792982e-02
-3.601772761227935860e+01 2.863171991812600936e+03 1.212022597670317765e+02 0.000000000000000000e+00 0.000000000000000000e+00 1.181435595289315188e-02
-2.199074634270778290e+02 3.010219953931134114e+03 1.331314147442057561e+02 0.000000000000000000e+00 0.000000000000000000e+00 3.211264487003973045e-02
-2.269093014818138272e+02 2.638430430050840641e+03 1.059130513922240056e+02 0.000000000000000000e+00 0.000000000000000000e+00 7.089427818797844338e-03
-2.332297288497078682e+02 2.336822887949690994e+03 8.677422919187199568e+01 0.000000000000000000e+00 0.000000000000000000e+00 -4.261072031191304177e-02
-1.924538255537175360e+02 1.962419555613823150e+03 6.627558879139424164e+01 0.000000000000000000e+00 0.000000000000000000e+00 -3.236389911123183083e-03
-4.126346779187071157e+00 2.150110212164304812e+03 7.544220131526510897e+01 0.000000000000000000e+00 0.000000000000000000e+00 2.577064699096354161e-04
1.611995753222220742e+02 2.318396436635003738e+03 8.529517800543817430e+01 0.000000000000000000e+00 0.000000000000000000e+00 1.210206226230070570e-02
1.666486104677031221e+02 1.936754559512287642e+03 6.490188026176427627e+01 0.000000000000000000e+00 0.000000000000000000e+00 -5.147163439802682205e-02
-1.691986266434523429e+02 1.613436604762197703e+03 5.070670228794922707e+01 0.000000000000000000e+00 0.000000000000000000e+00 -1.129670880278155209e-02
-1.986461758268875997e+02 1.248530463240123481e+03 3.811393141686236419e+01 0.000000000000000000e+00 0.000000000000000000e+00 -6.138356681300649598e-02
1.762301734040728363e+01 1.448425298177629884e+03 4.414263719182267209e+01 0.000000000000000000e+00 0.000000000000000000e+00 -1.134432416827024781e-02
1.493662025087514280e+02 1.217991153757296843e+03 3.697596181203911669e+01 0.000000000000000000e+00 0.000000000000000000e+00 -2.407028493104945710e-02
1.710744996081305942e+02 1.591244022668651041e+03 4.984182406328669401e+01 0.000000000000000000e+00 0.000000000000000000e+00 4.927080421485641182e-02
4.629871082809480072e+02 1.247500766709047184e+03 4.040242479478150983e+01 0.000000000000000000e+00 0.000000000000000000e+00 2.813481572733422809e-02
4.752527128506700933e+02 1.588509234697503643e+03 5.237155800663122562e+01 0.000000000000000000e+00 0.000000000000000000e+00 -2.987296473276046527e-02
6.618524876254587070e+02 1.457012841178197959e+03 5.029425909871761746e+01 0.000000000000000000e+00 0.000000000000000000e+00 -9.303690744886239372e-04
8.509612437258003865e+02 1.231986885837068712e+03 4.670490606915829090e+01 0.000000000000000000e+00 0.000000000000000000e+00 -4.366215624968816655e-02
8.662521608081544855e+02 1.608374612556946659e+03 6.020368487363425203e+01 0.000000000000000000e+00 0.000000000000000000e+00 3.314739672868682874e-02
5.191494778758321900e+02 1.926585050640821009e+03 6.769245585377754537e+01 0.000000000000000000e+00 0.000000000000000000e+00 -1.086865186638874547e-02
4.630449837470263219e+02 2.323077848363320754e+03 8.816393667708018711e+01 0.000000000000000000e+00 0.000000000000000000e+00 1.345826037217534576e-02
6.468253077698939251e+02 2.156971221551649251e+03 8.153906088199236990e+01 0.000000000000000000e+00 0.000000000000000000e+00 -6.491117126984136121e-03
8.503298648585921455e+02 1.931766013419126239e+03 7.410667280667688317e+01 0.000000000000000000e+00 0.000000000000000000e+00 1.519921227199461100e-03
8.428757507880879984e+02 2.304679067035418484e+03 9.391502826357880451e+01 0.000000000000000000e+00 0.000000000000000000e+00 -1.630024814302544200e-02
4.850309680602343860e+02 2.661689257066939717e+03 1.100621719412138759e+02 0.000000000000000000e+00 0.000000000000000000e+00 2.425834513962854544e-02
4.693425679623363180e+02 3.019992736202584183e+03 1.363339461424588421e+02 0.000000000000000000e+00 0.000000000000000000e+00 -9.258449106198440859e-03
6.537243425731446678e+02 2.850714615995358145e+03 1.262630165596265783e+02 0.000000000000000000e+00 0.000000000000000000e+00 2.459214875511861464e-02
8.473536046565106972e+02 2.639214633706163113e+03 1.152600027788911916e+02 0.000000000000000000e+00 0.000000000000000000e+00 -2.568378040683683139e-02
8.439388275227256599e+02 2.638988200053650871e+03 1.151639019471594878e+02 0.000000000000000000e+00 0.000000000000000000e+00 -1.812336606634801228e-02
8.529878880518504047e+02 3.020447431485837114e+03 1.435529889179990448e+02 0.000000000000000000e+00 0.000000000000000000e+00 5.570385202278771430e-02
1.150211736577059128e+03 3.030587013751564427e+03 1.528135567594917461e+02 0.000000000000000000e+00 0.000000000000000000e+00 -3.210380055128325694e-02
1.175465550026815208e+03 2.654276520170755703e+03 1.255774202444585086e+02 0.000000000000000000e+00 0.000000000000000000e+00 4.475843436324566937e-03
1.379675507740429111e+03 2.852989644139986467e+03 1.472539500222587208e+02 0.000000000000000000e+00 0.000000000000000000e+00 1.132924909222765564e-02
1.556738903993350505e+03 3.003088705164073872e+03 1.662812544886492958e+02 0.000000000000000000e+00 0.000000000000000000e+00 -3.796024809190612359e-03
1.557769484340469489e+03 2.649330852589489496e+03 1.399049394438200977e+02 0.000000000000000000e+00 0.000000000000000000e+00 1.021145485580632339e-02
1.169829961140181467e+03 2.334888715852596306e+03 1.047991581942054182e+02 0.000000000000000000e+00 0.000000000000000000e+00 3.858630819159714065e-02
1.167476193716256148e+03 1.949890207262716331e+03 8.371440496411099730e+01 0.000000000000000000e+00 0.000000000000000000e+00 1.737550486822669882e-02
1.356717130019460001e+03 2.156462764657583193e+03 1.010525180808341474e+02 0.000000000000000000e+00 0.000000000000000000e+00 -9.537239487357851431e-03
1.561036942349230912e+03 2.317002864769057396e+03 1.185446084474796891e+02 0.000000000000000000e+00 0.000000000000000000e+00 1.787234084100930431e-02
1.539290216125328925e+03 1.936075597796391776e+03 9.680125532650554021e+01 0.000000000000000000e+00 0.000000000000000000e+00 1.044819196209800793e-03
1.166054367923918335e+03 1.621467318330574699e+03 6.894245781692316655e+01 0.000000000000000000e+00 0.000000000000000000e+00 1.503863572963837214e-02
1.161022172245601269e+03 1.223230839574450329e+03 5.474628073243697202e+01 0.000000000000000000e+00 0.000000000000000000e+00 -2.374283824703127266e-02
1.377778159316676465e+03 1.463201908345654829e+03 7.011245238899557819e+01 0.000000000000000000e+00 0.000000000000000000e+00 1.781867884231758126e-02
1.535373464236751715e+03 1.624475436141968203e+03 8.256694117290766144e+01 0.000000000000000000e+00 0.000000000000000000e+00 -3.061292453566011318e-03
1.533769664090262495e+03 1.235510305600212178e+03 6.854566551430710319e+01 0.000000000000000000e+00 0.000000000000000000e+00 3.604498488400054157e-03
1.865419303983780310e+03 1.227116014558835332e+03 8.343108185487970729e+01 0.000000000000000000e+00 0.000000000000000000e+00 -2.374376700231550785e-04
1.880692442430748088e+03 1.611395707952834982e+03 9.807131477216009330e+01 0.000000000000000000e+00 0.000000000000000000e+00 -8.252007633346636339e-02
2.042439504251137805e+03 1.473053125300429883e+03 1.012578590965690495e+02 0.000000000000000000e+00 0.000000000000000000e+00 2.523753747745161036e-02
2.238388020166221850e+03 1.228250556205494149e+03 1.041575530974854189e+02 0.000000000000000000e+00 0.000000000000000000e+00 6.076080703907393854e-02
2.263983910884596298e+03 1.612699251657887999e+03 1.198615798024658403e+02 0.000000000000000000e+00 0.000000000000000000e+00 -1.444421344828583642e-03
1.868374216426979956e+03 1.932966060809586452e+03 1.120565297106060711e+02 0.000000000000000000e+00 0.000000000000000000e+00 5.444849322346101417e-02
1.840633188279302658e+03 2.325412636902134182e+03 1.322985606061459976e+02 0.000000000000000000e+00 0.000000000000000000e+00 1.004575427617737660e-02
2.061079819611383300e+03 2.169044163356422814e+03 1.351158002635671949e+02 0.000000000000000000e+00 0.000000000000000000e+00 1.048731550920081190e-01
2.255631107676510510e+03 1.942434815194129669e+03 1.346131671672783057e+02 0.000000000000000000e+00 0.000000000000000000e+00 5.007947174507876298e-02
2.242513466616095229e+03 2.308946050752673273e+03 1.542751749987966434e+02 0.000000000000000000e+00 0.000000000000000000e+00 3.409507223099694784e-02
2.550391221738535023e+03 1.627966927476385081e+03 1.395074870280677430e+02 0.000000000000000000e+00 0.000000000000000000e+00 5.481091372169544229e-02
2.561729300495287134e+03 1.239762204369236770e+03 1.256661966993136730e+02 0.000000000000000000e+00 0.000000000000000000e+00 -7.052068537954880867e-02
2.750343883592621751e+03 1.457386949941874946e+03 1.471982323441012284e+02 0.000000000000000000e+00 0.000000000000000000e+00 8.052818810975281849e-02
2.922506241537929327e+03 1.619125002271254743e+03 1.674071576507029135e+02 0.000000000000000000e+00 0.000000000000000000e+00 7.064752643464089488e-02
2.918446273020271292e+03 1.223892349165121004e+03 1.519891404001850788e+02 0.000000000000000000e+00 0.000000000000000000e+00 1.217620491729576315e-02
-1.639613816236349521e+03 8.946900098539172177e+02 6.397449157707696799e+01 0.000000000000000000e+00 0.000000000000000000e+00 3.939832132771670103e-02
-1.634891485780677840e+03 4.940673773978601275e+02 5.680867492700214427e+01 0.000000000000000000e+00 0.000000000000000000e+00 1.642019728436139303e-03
-1.434723161650308612e+03 7.311651219828290778e+02 5.233345327981927397e+01 0.000000000000000000e+00 0.000000000000000000e+00 3.532234683520840690e-02
-1.246689278707279982e+03 8.842739179446571143e+02 4.871709040077423936e+01 0.000000000000000000e+00 0.000000000000000000e+00 -1.524038391281123950e-03
-1.247915510579279953e+03 4.993784505708891288e+02 4.224337753896244863e+01 0.000000000000000000e+00 0.000000000000000000e+00 -8.180708284264426311e-03
-1.628748980102023779e+03 1.936498683956689888e+02 5.388604082155913488e+01 0.000000000000000000e+00 0.000000000000000000e+00 1.391501146228790731e-02
-1.631979724575453929e+03 -2.085973185523078541e+02 5.381052636498292685e+01 0.000000000000000000e+00 0.000000000000000000e+00 -2.269966980566096026e-02
-1.442446899649904935e+03 2.736235082985009015e+01 4.590213677540354809e+01 0.000000000000000000e+00 0.000000000000000000e+00 1.540948373408213001e-02
-1.244986102090885424e+03 1.841763670221931761e+02 3.947873608189244266e+01 0.000000000000000000e+00 0.000000000000000000e+00 6.475259829433355208e-02
-1.255238627804019870e+03 -2.106536655468954393e+02 3.976496165964535123e+01 0.000000000000000000e+00 0.000000000000000000e+00 5.897608931888953521e-03
-1.636333498927543133e+03 -5.245969287782667152e+02 5.646294162432020869e+01 0.000000000000000000e+00 0.000000000000000000e+00 2.546213392059826219e-02
-1.627068472911774052e+03 -8.962440610702670938e+02 6.189716552802163108e+01 0.000000000000000000e+00 0.000000000000000000e+00 3.803418547951764594e-02
-1.432438734363533968e+03 -6.847850840493015312e+02 5.054775825646434839e+01 0.000000000000000000e+00 0.000000000000000000e+00 5.940870461106584344e-02
-1.253271429801568729e+03 -5.320632085373232485e+02 4.231829879932618610e+01 0.000000000000000000e+00 0.000000000000000000e+00 -8.249437762771094640e-03
-1.254379411176438680e+03 -9.206626565438479020e+02 4.864434290747276179e+01 0.000000000000000000e+00 0.000000000000000000e+00 2.791167282241957537e-02
-1.632301708564235923e+03 -1.242599049740654664e+03 7.035486894140825598e+01 0.000000000000000000e+00 0.000000000000000000e+00 5.022291530545430760e-02
-1.631699840459970346e+03 -1.618062165150241754e+03 8.231001350028098784e+01 0.000000000000000000e+00 0.000000000000000000e+00 9.537217114115037475e-03
-1.429648552276762985e+03 -1.397352828939341407e+03 6.697483980982295293e+01 0.000000000000000000e+00 0.000000000000000000e+00 3.549101337692661673e-02
-1.240224862776721466e+03 -1.231035465206288109e+03 5.565105121179765746e+01 0.000000000000000000e+00 0.000000000000000000e+00 5.787965461009747514e-02
-1.243306352932205982e+03 -1.628654483362513929e+03 6.844033333646200390e+01 0.000000000000000000e+00 0.000000000000000000e+00 7.023792518012328401e-03
-1.637562805106188762e+03 -1.942459752244433503e+03 9.546560400677455505e+01 0.000000000000000000e+00 0.000000000000000000e+00 9.226044665652466392e-02
-1.627827959609221807e+03 -2.335068557140211396e+03 1.138820859422472722e+02 0.000000000000000000e+00 0.000000000000000000e+00 3.291963538003983558e-02
-1.440998032708881965e+03 -2.103416778391184380e+03 9.500123973168064140e+01 0.000000000000000000e+00 0.000000000000000000e+00 5.116311043830990002e-02
-1.238936206590470647e+03 -1.951763229600591103e+03 8.121625896513882026e+01 0.000000000000000000e+00 0.000000000000000000e+00 5.121879714567967312e-02
-1.239285545120747429e+03 -2.326590245742059778e+03 9.915471021636003002e+01 0.000000000000000000e+00 0.000000000000000000e+00 6.753048038760312011e-03
-1.642104424836454427e+03 -2.620470521732761426e+03 1.303995929360870889e+02 0.000000000000000000e+00 0.000000000000000000e+00 1.073706017157860515e-02
-1.636138903764581983e+03 -3.030603420441383150e+03 1.563755785264834515e+02 0.000000000000000000e+00 0.000000000000000000e+00 2.452721132689816841e-02
-1.436017851190691090e+03 -2.794459704069504824e+03 1.328325857420214504e+02 0.000000000000000000e+00 0.000000000000000000e+00 2.992164022262500112e-02
-1.253298803541613779e+03 -2.625750547446466044e+03 1.162140505719501959e+02 0.000000000000000000e+00 0.000000000000000000e+00 2.876774994888364745e-03
-1.248274249111613017e+03 -3.023754066867428264e+03 1.413902233234145456e+02 0.000000000000000000e+00 0.000000000000000000e+00 -1.324936622694394828e-02
-9.361242639081592642e+02 -3.035398584401114931e+03 1.333909741636266517e+02 0.000000000000000000e+00 0.000000000000000000e+00 2.984308102242039240e-02
-9.484102013599476777e+02 -2.633342017599441078e+03 1.080667820850444230e+02 0.000000000000000000e+00 0.000000000000000000e+00 -5.739334140741902957e-05
-7.537886158915475789e+02 -2.792377089074282594e+03 1.135085780727675200e+02 0.000000000000000000e+00 0.000000000000000000e+00 8.218407415881756606e-03
-5.565063141539328626e+02 -3.038433565037612425e+03 1.263177002559185951e+02 0.000000000000000000e+00 0.000000000000000000e+00 1.367199277129316215e-02
-5.542575389265734884e+02 -2.649587721211394182e+03 1.014740092919023198e+02 0.000000000000000000e+00 0.000000000000000000e+00 3.093788055019786043e-02
-2.434085348176471655e+02 9.027480222924455120e+02 2.943298334007057093e+01 0.000000000000000000e+00 0.000000000000000000e+00 -1.345515368234373454e-02
-2.376303953711943961e+02 4.967019325466016539e+02 2.266143124254518071e+01 0.000000000000000000e+00 0.000000000000000000e+00 -1.842315174487296758e-02
-4.550180903062130255e+01 7.437288374957291808e+02 2.557059865830049006e+01 0.000000000000000000e+00 0.000000000000000000e+00 2.443668192430692443e-03
1.510702436524042866e+02 9.023199609168719917e+02 2.894589559847670657e+01 0.000000000000000000e+00 0.000000000000000000e+00 -4.424479545916781831e-02
1.506924651719870951e+02 5.117540288944823601e+02 2.240180068355455489e+01 0.000000000000000000e+00 0.000000000000000000e+00 -2.732900337218779896e-02
-2.360557471995022922e+02 2.065347310671093055e+02 2.026215057481088522e+01 0.000000000000000000e+00 0.000000000000000000e+00 6.944656768457235785e-03
-2.253333297875446988e+02 -1.980462047014664506e+02 2.014915908544507417e+01 0.000000000000000000e+00 0.000000000000000000e+00 -2.349253455049193917e-02
-5.790682916674760605e+01 2.611610445944454284e+01 1.910088545665794157e+01 0.000000000000000000e+00 0.000000000000000000e+00 -1.546904760201783802e-02
1.264181403816382527e+02 1.799223479002218085e+02 1.963069686621554766e+01 0.000000000000000000e+00 0.000000000000000000e+00 -5.875759331959784504e-02
1.349125999574163188e+02 -1.929788997857420156e+02 1.971043823562627040e+01 0.000000000000000000e+00 0.000000000000000000e+00 1.145893184559199085e-02
-2.626588202982978828e+02 -5.171342616966049945e+02 2.298068909056038578e+01 0.000000000000000000e+00 0.000000000000000000e+00 -5.717071261006623217e-03
-2.379231644125772505e+02 -9.121833754238950860e+02 2.920600753110016967e+01 0.000000000000000000e+00 0.000000000000000000e+00 -2.315637029121830892e-02
-5.570937002894951462e+01 -6.739995419707756810e+02 2.426337229850870614e+01 0.000000000000000000e+00 0.000000000000000000e+00 5.917616488702037714e-04
1.376892629788097508e+02 -5.211744879450778853e+02 2.239279710332560214e+01 0.000000000000000000e+00 0.000000000000000000e+00 -5.210823071992720656e-02
1.350792145288145321e+02 -9.115225804475343239e+02 2.870753861458891265e+01 0.000000000000000000e+00 0.000000000000000000e+00 4.329435852877594471e-03
-2.457010403317011935e+02 -1.221546656480402135e+03 3.666678520023944543e+01 0.000000000000000000e+00 0.000000000000000000e+00 2.143720912609836660e-02
-2.348705976489804925e+02 -1.612394825648633969e+03 4.898141036725594688e+01 0.000000000000000000e+00 0.000000000000000000e+00 -1.825784852243828027e-03
-6.458065424878077465e+01 -1.379160653497874819e+03 4.054651080355085213e+01 0.000000000000000000e+00 0.000000000000000000e+00 2.285381722892054768e-03
1.477351160231509652e+02 -1.214390301068472809e+03 3.598538228291799612e+01 0.000000000000000000e+00 0.000000000000000000e+00 6.485150550497564836e-02
1.461962973456121802e+02 -1.618681039964526690e+03 4.878232601206529750e+01 0.000000000000000000e+00 0.000000000000000000e+00 4.484577862788796665e-02
-2.379823468120497978e+02 -1.616384811733902779e+03 4.914367610651920870e+01 0.000000000000000000e+00 0.000000000000000000e+00 9.092891337267872132e-03
-2.501494123291133178e+02 -1.929762702014774050e+03 6.160519538219480751e+01 0.000000000000000000e+00 0.000000000000000000e+00 2.740247548927499111e-02
-2.591337697624150564e+02 -2.319160912150586228e+03 8.009626773708647818e+01 0.000000000000000000e+00 0.000000000000000000e+00 1.409849699430765213e-02
-6.542889904667521250e+01 -2.085970911500620787e+03 6.785691158825923708e+01 0.000000000000000000e+00 0.000000000000000000e+00 1.977385203342407749e-02
1.198442816682617007e+02 -1.938220025327380426e+03 6.136168201398793798e+01 0.000000000000000000e+00 0.000000000000000000e+00 4.881268071775934914e-02
1.280106078323514112e+02 -2.314781834043041727e+03 7.922793672901940454e+01 0.000000000000000000e+00 0.000000000000000000e+00 -3.004696529031036789e-02
-2.368060928372516969e+02 -2.647193073240157446e+03 9.813796440213415906e+01 0.000000000000000000e+00 0.000000000000000000e+00 7.303201934405478823e-04
-2.621049418040804539e+02 -3.033505448454373436e+03 1.228927158761239582e+02 0.000000000000000000e+00 0.000000000000000000e+00 -2.565771188022836213e-02
-7.138572305625416448e+01 -2.788791101341217654e+03 1.060990975757216148e+02 0.000000000000000000e+00 0.000000000000000000e+00 -1.415589342957446206e-02
1.256437676744147041e+02 -2.629405571062224681e+03 9.657719617080780949e+01 0.000000000000000000e+00 0.000000000000000000e+00 4.364913141309045841e-02
1.399778979104395660e+02 -3.037016407873923981e+03 1.225035884782468258e+02 0.000000000000000000e+00 0.000000000000000000e+00 -4.469660091541527436e-02
-9.407748091537862365e+02 -1.933141765503255783e+03 7.215095339373587535e+01 0.000000000000000000e+00 0.000000000000000000e+00 -4.039733002140621920e-02
-9.404828819452277457e+02 -2.326406782463476247e+03 9.084166453988669332e+01 0.000000000000000000e+00 0.000000000000000000e+00 -4.474088593954661519e-02
-7.419927843333273358e+02 -2.088891569841647197e+03 7.489860750293823344e+01 0.000000000000000000e+00 0.000000000000000000e+00 -3.276647549594713382e-02
-5.482254506692222549e+02 -2.327855838438790215e+03 8.350228749481475177e+01 0.000000000000000000e+00 0.000000000000000000e+00 -5.408466509599918481e-02
-5.448291388252389424e+02 -1.932785454371707146e+03 6.469185456129139311e+01 0.000000000000000000e+00 0.000000000000000000e+00 -5.666197558406338430e-02
-9.441582690268498936e+02 -1.607994495186450195e+03 5.938786825753322773e+01 0.000000000000000000e+00 0.000000000000000000e+00 1.118369223479476204e-02
-9.436618027890033318e+02 -1.218157637149446145e+03 4.707128394365423674e+01 0.000000000000000000e+00 0.000000000000000000e+00 -8.970525096103187934e-03
-7.378939220680481412e+02 -1.383650022173246271e+03 4.750427087345775590e+01 0.000000000000000000e+00 0.000000000000000000e+00 -1.726904396510775541e-02
-5.514391545410817344e+02 -1.620022459459757556e+03 5.239516697461485961e+01 0.000000000000000000e+00 0.000000000000000000e+00 -2.817413690905823387e-03
-5.661696933905639071e+02 -1.222664056289886275e+03 3.998144956646370218e+01 0.000000000000000000e+00 0.000000000000000000e+00 -2.157227457848165386e-02
-9.479256686519545383e+02 -9.076734376240731308e+02 3.978530422616783824e+01 0.000000000000000000e+00 0.000000000000000000e+00 -4.299973409606394625e-02
-9.495310423330374761e+02 -5.086832738853856881e+02 3.348816767213738643e+01 0.000000000000000000e+00 0.000000000000000000e+00 -1.603374765934972856e-03
-7.454287816125222434e+02 -6.720711043556136701e+02 3.124793594050423096e+01 0.000000000000000000e+00 0.000000000000000000e+00 -1.682510133088044313e-02
-7.454427865262332489e+02 -6.723038931092751227e+02 3.125172427106532780e+01 0.000000000000000000e+00 0.000000000000000000e+00 -8.586085291572231881e-03
-5.567495284608939983e+02 -9.069416974739040143e+02 3.230421570550998922e+01 0.000000000000000000e+00 0.000000000000000000e+00 -5.006186029262948978e-03
-5.625319240374944911e+02 -5.170706248177826865e+02 2.612616994038409501e+01 0.000000000000000000e+00 0.000000000000000000e+00 -9.088851783221940650e-03
-9.364778846147578406e+02 -2.046352735412249615e+02 3.075620295297549234e+01 0.000000000000000000e+00 0.000000000000000000e+00 -2.761791617305675572e-02
-9.469927148756885344e+02 1.945733886626977380e+02 3.106311441602734646e+01 0.000000000000000000e+00 0.000000000000000000e+00 4.250787520437171452e-03
-7.406232796339886590e+02 3.541309814963885572e+01 2.611241721346018352e+01 0.000000000000000000e+00 0.000000000000000000e+00 -2.045806032222330373e-02
-5.523365931428768363e+02 -1.928442171366663445e+02 2.337670494914951647e+01 0.000000000000000000e+00 0.000000000000000000e+00 -5.716685025593193359e-03
-5.517650804732695633e+02 1.874278764303890910e+02 2.337930169898559285e+01 0.000000000000000000e+00 0.000000000000000000e+00 2.459804114466734859e-02
-9.302372681621504853e+02 5.026005940953199911e+02 3.324930960760089249e+01 0.000000000000000000e+00 0.000000000000000000e+00 -2.459293110682381212e-03
-9.373811776339298376e+02 9.072917875895977886e+02 4.030598244647263328e+01 0.000000000000000000e+00 0.000000000000000000e+00 2.859546142882152253e-02
-7.295240992485532843e+02 7.541088572912773316e+02 3.268831552576996557e+01 0.000000000000000000e+00 0.000000000000000000e+00 -1.847161119307116905e-02
-5.526305414171447410e+02 5.150073604785914085e+02 2.611261999458172767e+01 0.000000000000000000e+00 0.000000000000000000e+00 1.354775190116441763e-02
-5.381568539505226454e+02 9.014426303391212514e+02 3.242897900867290417e+01 0.000000000000000000e+00 0.000000000000000000e+00 1.494559622747715366e-02
4.574719423637519071e+02 8.954370789847530432e+02 3.124490481110482420e+01 0.000000000000000000e+00 0.000000000000000000e+00 -2.793453422225766758e-02
4.766086987352346114e+02 5.053234694750673270e+02 2.497906414560790722e+01 0.000000000000000000e+00 0.000000000000000000e+00 -4.551967417996749532e-02
6.601726975636756833e+02 7.355058273006566196e+02 3.109513138364130924e+01 0.000000000000000000e+00 0.000000000000000000e+00 -2.402860753153390760e-02
8.542579629020133325e+02 8.975958632846225100e+02 3.813310320478048254e+01 0.000000000000000000e+00 0.000000000000000000e+00 2.064348387128234208e-02
8.362373073399110126e+02 4.933117487436355759e+02 3.097560695436474987e+01 0.000000000000000000e+00 0.000000000000000000e+00 3.046061002848787780e-02
8.363991402812359865e+02 4.935930551365058818e+02 3.098245447671729380e+01 0.000000000000000000e+00 0.000000000000000000e+00 6.894484956752933158e-03
4.591852095258021791e+02 1.945891919431499559e+02 2.220500976474437849e+01 0.000000000000000000e+00 0.000000000000000000e+00 -6.026914996603949248e-02
4.595121162291874271e+02 -2.093572926711785556e+02 2.225081538173182238e+01 0.000000000000000000e+00 0.000000000000000000e+00 1.214349038178852425e-02
6.412132823867152638e+02 1.725366599436009807e+01 2.433228241929687030e+01 0.000000000000000000e+00 0.000000000000000000e+00 2.880905830866709039e-02
8.330871830664557365e+02 1.605155060244512697e+02 2.829397108822647766e+01 0.000000000000000000e+00 0.000000000000000000e+00 3.723189951562488886e-02
8.532874567075668892e+02 -2.033713678453603961e+02 2.884081241180920330e+01 0.000000000000000000e+00 0.000000000000000000e+00 -2.027894664807661229e-02
4.432288910430799547e+02 -5.109423792436712688e+02 2.452859138296580355e+01 0.000000000000000000e+00 0.000000000000000000e+00 4.076002753159002623e-02
4.584284510568080577e+02 -5.154862240804278599e+02 2.475570784762584964e+01 0.000000000000000000e+00 0.000000000000000000e+00 -9.699154847499613652e-03
4.619055737487273063e+02 -9.078288785801125869e+02 3.109937185556047723e+01 0.000000000000000000e+00 0.000000000000000000e+00 3.418955540512058633e-02
6.543641041603050326e+02 -6.677608765056190805e+02 2.956270746988732867e+01 0.000000000000000000e+00 0.000000000000000000e+00 -1.934479372733122204e-02
8.583608267653808070e+02 -5.054258278925271384e+02 3.134738208171900453e+01 0.000000000000000000e+00 0.000000000000000000e+00 -9.221513071459241928e-03
8.440484975429392307e+02 -8.874074129689553274e+02 3.701303670793161871e+01 0.000000000000000000e+00 0.000000000000000000e+00 -3.970347530548679060e-02
4.646234569048985463e+02 -1.208189194027900840e+03 3.826546408176221803e+01 0.000000000000000000e+00 0.000000000000000000e+00 -1.389552050483899848e-02
4.701199465460501301e+02 -1.609502280899769630e+03 5.096807805895842591e+01 0.000000000000000000e+00 0.000000000000000000e+00 3.357782204548698246e-02
6.664053626476597856e+02 -1.376911764879926977e+03 4.602761969775042417e+01 0.000000000000000000e+00 0.000000000000000000e+00 9.016445627833036269e-02
8.588257807083994066e+02 -1.220274631606247567e+03 4.519127804117017888e+01 0.000000000000000000e+00 0.000000000000000000e+00 1.323788308157958227e-02
8.563280779619042278e+02 -1.606188175588026297e+03 5.732100051083585868e+01 0.000000000000000000e+00 0.000000000000000000e+00 3.540519909149253408e-02
4.640365769363300501e+02 -1.928864386563044263e+03 6.349391661766723161e+01 0.000000000000000000e+00 0.000000000000000000e+00 7.017290597075742653e-02
4.668638281907889223e+02 -2.316920546605239906e+03 8.188948030841331160e+01 0.000000000000000000e+00 0.000000000000000000e+00 5.257059289898791121e-02
6.579027013382840323e+02 -2.079556922524629044e+03 7.297457650501662840e+01 0.000000000000000000e+00 0.000000000000000000e+00 6.549198338730377600e-02
8.646330536410075638e+02 -1.922227588565895530e+03 6.993953972897371330e+01 0.000000000000000000e+00 0.000000000000000000e+00 4.096052986852782851e-03
8.488927743040164842e+02 -2.326871301748188671e+03 8.878199739635176968e+01 0.000000000000000000e+00 0.000000000000000000e+00 4.239614492206555951e-02
4.600970946155380261e+02 -2.638386281257901373e+03 9.959609689333284166e+01 0.000000000000000000e+00 0.000000000000000000e+00 3.743139514466520268e-02
4.510415891281598419e+02 -2.632703714295352711e+03 9.915623269237357817e+01 0.000000000000000000e+00 0.000000000000000000e+00 -8.228141516511300324e-03
4.528867758804095160e+02 -3.026479633812928569e+03 1.241612946990057225e+02 0.000000000000000000e+00 0.000000000000000000e+00 -1.398707197583348716e-02
6.175919591449439849e+02 -2.795693665101432089e+03 1.113300196455942341e+02 0.000000000000000000e+00 0.000000000000000000e+00 -2.029873183737151976e-02
8.372400154764352465e+02 -3.021528604788939901e+03 1.301882321064441328e+02 0.000000000000000000e+00 0.000000000000000000e+00 -8.353560967967155193e-02
8.364844109893549557e+02 -2.653919146359669412e+03 1.067346361562541688e+02 0.000000000000000000e+00 0.000000000000000000e+00 -8.681558225447361110e-04
1.170763184714235877e+03 8.995562804717305880e+02 4.662596131413801714e+01 0.000000000000000000e+00 0.000000000000000000e+00 1.631429178476651032e-02
1.170087051526178584e+03 5.113933380731945135e+02 3.993153262565959949e+01 0.000000000000000000e+00 0.000000000000000000e+00 3.099416085275663590e-02
1.369249272982023740e+03 7.440649824901281590e+02 5.014712008961222267e+01 0.000000000000000000e+00 0.000000000000000000e+00 3.749390933149499006e-02
1.563155813471598094e+03 9.028412270527647934e+02 6.090402678938676218e+01 0.000000000000000000e+00 0.000000000000000000e+00 3.209623105492909190e-02
1.555381425409935900e+03 5.082301970967237708e+02 5.365257285329033721e+01 0.000000000000000000e+00 0.000000000000000000e+00 1.285302639455210283e-02
1.152979823474061504e+03 1.879236547395907451e+02 3.663412980224369164e+01 0.000000000000000000e+00 0.000000000000000000e+00 -2.337637781489121380e-02
1.154724296867927251e+03 -2.012960109892232197e+02 3.660558403431280539e+01 0.000000000000000000e+00 0.000000000000000000e+00 -1.251071637279466131e-02
1.354029010570105811e+03 4.863272835058634769e+01 4.272513872100955723e+01 0.000000000000000000e+00 0.000000000000000000e+00 3.212411221214495072e-02
1.551407006774143383e+03 1.878232395063818103e+02 5.064582454494114927e+01 0.000000000000000000e+00 0.000000000000000000e+00 3.206005497266062321e-02
1.534294877384766551e+03 -2.128433796442985511e+02 4.982353110805653529e+01 0.000000000000000000e+00 0.000000000000000000e+00 -4.351345594955091656e-03
1.162846085562002372e+03 -5.170748975515340362e+02 3.934532963999164679e+01 0.000000000000000000e+00 0.000000000000000000e+00 -2.495573451835753076e-02
1.152010413986424965e+03 -9.043756656629824420e+02 4.517159404724449701e+01 0.000000000000000000e+00 0.000000000000000000e+00 4.051625652230939068e-02
1.358185897449149252e+03 -6.609160612086900528e+02 4.753499363531502553e+01 0.000000000000000000e+00 0.000000000000000000e+00 -4.617705659413218200e-04
1.559675120767701401e+03 -5.051846736361968055e+02 5.308636631778504267e+01 0.000000000000000000e+00 0.000000000000000000e+00 6.473020199372570005e-03
1.556174590228041779e+03 -8.919125949226872763e+02 5.891470115059425439e+01 0.000000000000000000e+00 0.000000000000000000e+00 1.610166059687401230e-02
1.139073848116087674e+03 -1.197733821696937639e+03 5.168644376558872011e+01 0.000000000000000000e+00 0.000000000000000000e+00 3.809586041857215832e-02
1.161055187824701306e+03 -1.618223682040163794e+03 6.554844604522591567e+01 0.000000000000000000e+00 0.000000000000000000e+00 -4.041335882145347114e-02
1.363302845251132112e+03 -1.377872372472837242e+03 6.400826464694522144e+01 0.000000000000000000e+00 0.000000000000000000e+00 3.151555118735416272e-02
1.540792841578488606e+03 -1.220702823148207244e+03 6.603561938553454524e+01 0.000000000000000000e+00 0.000000000000000000e+00 1.480633987544877073e-02
1.543573081186527361e+03 -1.606452966491678126e+03 7.831080384966418251e+01 0.000000000000000000e+00 0.000000000000000000e+00 4.980828092655542605e-02
1.855506753694167855e+03 2.057548373076527355e+02 6.429526432917720058e+01 0.000000000000000000e+00 0.000000000000000000e+00 -4.434370870608006499e-02
1.856980007048097605e+03 -1.939317542055231343e+02 6.395103441901399322e+01 0.000000000000000000e+00 0.000000000000000000e+00 -6.623299522630077263e-02
2.054873615934698591e+03 4.750702731124813738e+01 7.389683456217500179e+01 0.000000000000000000e+00 0.000000000000000000e+00 -5.157367164945014792e-02
2.256741556921589108e+03 1.978747416583440213e+02 8.598912491916817658e+01 0.000000000000000000e+00 0.000000000000000000e+00 -4.027329436118520789e-02
2.239602901139648566e+03 -2.034748590013455214e+02 8.448150394944185848e+01 0.000000000000000000e+00 0.000000000000000000e+00 -6.914634735873903537e-02
1.839921625344032918e+03 -5.048279130706134765e+02 6.539122166115376444e+01 0.000000000000000000e+00 0.000000000000000000e+00 -9.073008637780333174e-02
1.839092694268512105e+03 -9.062654332660922591e+02 7.155610890054501283e+01 0.000000000000000000e+00 0.000000000000000000e+00 -4.245713449081733870e-02
2.037048251785136472e+03 -6.622927998731964863e+02 7.728949692444049901e+01 0.000000000000000000e+00 0.000000000000000000e+00 -7.879316610868158932e-03
2.241395945475771441e+03 -5.174814311562016655e+02 8.685345603441940909e+01 0.000000000000000000e+00 0.000000000000000000e+00 -2.587120577746304662e-02
2.241061758009831465e+03 -8.819549816183764506e+02 9.233707920811679060e+01 0.000000000000000000e+00 0.000000000000000000e+00 -3.778783765211812806e-02
1.852446750728337520e+03 4.952736320090498907e+02 6.682219031455809954e+01 0.000000000000000000e+00 0.000000000000000000e+00 -3.198979900838594403e-02
1.853477615997988323e+03 9.024445700284996974e+02 7.409760767563784611e+01 0.000000000000000000e+00 0.000000000000000000e+00 9.505330095009867364e-03
2.064923380556611846e+03 7.639997064811713017e+02 8.221780467322687969e+01 0.000000000000000000e+00 0.000000000000000000e+00 -1.954902409070768954e-02
2.247465814739229245e+03 8.996590776991862413e+02 9.567649167564184154e+01 0.000000000000000000e+00 0.000000000000000000e+00 -3.869585863836277895e-02
2.239519015957168904e+03 5.008667062399406404e+02 8.789634162764448888e+01 0.000000000000000000e+00 0.000000000000000000e+00 2.606744405306926637e-02
2.554990024024031300e+03 9.046995226628013143e+02 1.157295281529167568e+02 0.000000000000000000e+00 0.000000000000000000e+00 -1.127861020808040848e-02
2.574989779710269886e+03 5.255689936412132965e+02 1.098384198149927329e+02 0.000000000000000000e+00 0.000000000000000000e+00 -1.675785046381861321e-02
2.743311638191315524e+03 7.462281681573829246e+02 1.257487854297958876e+02 0.000000000000000000e+00 0.000000000000000000e+00 4.914857983932563457e-02
2.951392543343716625e+03 9.029425387775600029e+02 1.454119304019904177e+02 0.000000000000000000e+00 0.000000000000000000e+00 -4.950133645053256259e-03
2.944782109761763877e+03 5.092631552365290872e+02 1.371515749542626565e+02 0.000000000000000000e+00 0.000000000000000000e+00 2.477572134662864300e-02
2.563625065355918196e+03 1.910700233762365485e+02 1.055969977288327328e+02 0.000000000000000000e+00 0.000000000000000000e+00 -2.376720485600003485e-03
2.552655618142482581e+03 -1.907518688529130202e+02 1.042234847330201575e+02 0.000000000000000000e+00 0.000000000000000000e+00 -6.518168965003212634e-02
2.552741935405037111e+03 -1.909526804539258649e+02 1.042299090184799297e+02 0.000000000000000000e+00 0.000000000000000000e+00 -4.082659132934907120e-02
2.755846935952025433e+03 4.700307930391072375e+01 1.185818641043775727e+02 0.000000000000000000e+00 0.000000000000000000e+00 1.095930976504178034e-03
2.944677099562400144e+03 1.877486498626855678e+02 1.337139824686751126e+02 0.000000000000000000e+00 0.000000000000000000e+00 7.192105275009907928e-03
2.939571689799587602e+03 -1.775200140086865019e+02 1.324925734232230354e+02 0.000000000000000000e+00 0.000000000000000000e+00 -3.463115470597699641e-02
2.555395591354523731e+03 -5.168377745001250787e+02 1.066216796345588875e+02 0.000000000000000000e+00 0.000000000000000000e+00 -2.180361043612322192e-02
2.555443103458542737e+03 -5.163222220172534662e+02 1.066194048294713212e+02 0.000000000000000000e+00 0.000000000000000000e+00 -1.227667335301418916e-02
2.521016075915355032e+03 -8.936351306151756262e+02 1.099947614962461273e+02 0.000000000000000000e+00 0.000000000000000000e+00 -2.923764042672871710e-02
2.734426741935106293e+03 -6.579557703829556203e+02 1.208552681464319960e+02 0.000000000000000000e+00 0.000000000000000000e+00 2.498346249424798771e-02
2.939513954154150269e+03 -5.131606873322897400e+02 1.345750052123772775e+02 0.000000000000000000e+00 0.000000000000000000e+00 -8.899149454236976453e-03
2.923151822638060821e+03 -9.117084455860477874e+02 1.392599903073954692e+02 0.000000000000000000e+00 0.000000000000000000e+00 -6.378801696280333999e-02
2.556316298357312462e+03 -1.234397991547493802e+03 1.203154649421880436e+02 0.000000000000000000e+00 0.000000000000000000e+00 -1.834943667401489620e-02
2.520595629595286937e+03 -1.595958897447356776e+03 1.293351789475482860e+02 0.000000000000000000e+00 0.000000000000000000e+00 -2.589624983528437951e-02
2.719999757635513106e+03 -1.354763359333202288e+03 1.351269585717172106e+02 0.000000000000000000e+00 0.000000000000000000e+00 -5.870598542011862264e-02
2.719201200523312764e+03 -1.354237684597559337e+03 1.350538888703745783e+02 0.000000000000000000e+00 0.000000000000000000e+00 -5.584009927554234309e-02
2.940870620899275309e+03 -1.209092561754370990e+03 1.475309617073287711e+02 0.000000000000000000e+00 0.000000000000000000e+00 2.317269305669356072e-02
2.933341914682569950e+03 -1.580895656080401750e+03 1.584866182766798204e+02 0.000000000000000000e+00 0.000000000000000000e+00 -1.553895379899472573e-02
1.153441669400273213e+03 -3.021841389741519833e+03 1.383175190591121009e+02 0.000000000000000000e+00 0.000000000000000000e+00 1.670201000399629265e-02
1.145494364618348982e+03 -2.622738042324292110e+03 1.127211295514492519e+02 0.000000000000000000e+00 0.000000000000000000e+00 5.892936013813709906e-02
1.352842858529100340e+03 -2.794673672707127480e+03 1.298536776783525681e+02 0.000000000000000000e+00 0.000000000000000000e+00 -2.069772685132420520e-03
1.536173247946890797e+03 -3.035881020861639172e+03 1.526134685752314795e+02 0.000000000000000000e+00 0.000000000000000000e+00 -4.475371560556595796e-02
1.553171299790196372e+03 -2.646666678308099563e+03 1.282850464523924359e+02 0.000000000000000000e+00 0.000000000000000000e+00 -3.049076662449579089e-03
1.157841379904386031e+03 -2.319443683765667174e+03 9.629058881288818839e+01 0.000000000000000000e+00 0.000000000000000000e+00 -7.569869170026777283e-03
1.149417804452504242e+03 -1.909988324735575816e+03 7.669488204067664583e+01 0.000000000000000000e+00 0.000000000000000000e+00 4.980539139182837971e-03
1.346275364033460846e+03 -2.073563205111001025e+03 9.023251312351445108e+01 0.000000000000000000e+00 0.000000000000000000e+00 3.602263208303213560e-02
1.538777012804772994e+03 -2.320396321324707515e+03 1.094899551192219462e+02 0.000000000000000000e+00 0.000000000000000000e+00 -2.489070022323858211e-02
1.532068606710869290e+03 -1.932099646921164094e+03 9.073239247097990301e+01 0.000000000000000000e+00 0.000000000000000000e+00 -1.272315980827443127e-02
1.841592366305940686e+03 -1.919864000816595990e+03 1.036132388733038141e+02 0.000000000000000000e+00 0.000000000000000000e+00 4.236953983600244555e-02
1.845999381551386932e+03 -2.322077045938457104e+03 1.229780891215898890e+02 0.000000000000000000e+00 0.000000000000000000e+00 3.299614896782543383e-02
2.025982813585877466e+03 -2.076414701320005406e+03 1.198443511193441395e+02 0.000000000000000000e+00 0.000000000000000000e+00 4.489326483638933496e-02
2.245339037245158124e+03 -2.322679292044883823e+03 1.442426747096900783e+02 0.000000000000000000e+00 0.000000000000000000e+00 -4.812535033286735597e-02
2.230664285216191274e+03 -1.920111045147815730e+03 1.241354386366939195e+02 0.000000000000000000e+00 0.000000000000000000e+00 -4.986448001849907996e-02
1.843708569096083011e+03 -1.621142321963945278e+03 9.188140359058824913e+01 0.000000000000000000e+00 0.000000000000000000e+00 3.497228876607039183e-02
1.850898893638127220e+03 -1.224594368698848029e+03 7.964189945882728239e+01 0.000000000000000000e+00 0.000000000000000000e+00 3.066589248913942356e-02
2.038280003954254198e+03 -1.383353349448610743e+03 9.365220838426361638e+01 0.000000000000000000e+00 0.000000000000000000e+00 9.806412549427534486e-02
2.233430606989219541e+03 -1.633490260835229265e+03 1.128782887312718657e+02 0.000000000000000000e+00 0.000000000000000000e+00 -1.557043689174975043e-02
