# x y z x_res y_res z_res
-1.935859308355735493e+03 1.946582576706783357e+03 1.162772583549937053e+02 0.000000000000000000e+00 0.000000000000000000e+00 4.418962598523989982e-02
-2.103719706946826591e+03 2.143039273682672501e+03 1.361237113162050321e+02 0.000000000000000000e+00 0.000000000000000000e+00 -3.745216957398156410e-02
-2.286615280672365770e+03 1.966459241154959045e+03 1.377968808839350459e+02 0.000000000000000000e+00 0.000000000000000000e+00 -3.423314615213257639e-02
-1.930929686814740535e+03 2.319586385117878308e+03 1.367015912980171493e+02 0.000000000000000000e+00 0.000000000000000000e+00 -5.797209295832317366e-02
-1.933471418829796903e+03 1.943674413419862958e+03 1.160036356522937524e+02 0.000000000000000000e+00 0.000000000000000000e+00 3.034915708748542329e-02
-1.933456914094983858e+03 1.943881366247495635e+03 1.160132547172858040e+02 0.000000000000000000e+00 0.000000000000000000e+00 9.304734438217110437e-03
-2.128296643127611333e+03 2.172766166329750376e+03 1.392534088389836597e+02 0.000000000000000000e+00 0.000000000000000000e+00 -7.585349439568744856e-02
-2.310304403290666869e+03 1.951541255397161422e+03 1.385440591735184341e+02 0.000000000000000000e+00 0.000000000000000000e+00 -6.778439189022833489e-02
-2.310420227759333102e+03 1.951537208925064760e+03 1.385512892926122959e+02 0.000000000000000000e+00 0.000000000000000000e+00 -4.129354726899236994e-02
-2.292277350272906460e+03 1.651714489057264700e+03 1.232885345890015572e+02 0.000000000000000000e+00 0.000000000000000000e+00 1.730000717316215741e-02
-1.937719240443509761e+03 1.632000588170016272e+03 1.018968108848151815e+02 0.000000000000000000e+00 0.000000000000000000e+00 -2.688883502102612510e-02
-1.930631355814069138e+03 1.246441244951806311e+03 8.737433058448206680e+01 0.000000000000000000e+00 0.000000000000000000e+00 3.482048522336356200e-02
-2.100440405079230004e+03 1.442170861818620097e+03 1.033742623652586303e+02 0.000000000000000000e+00 0.000000000000000000e+00 1.870140288586696897e-02
-2.297316806103624458e+03 1.598326525983458851e+03 1.213502050569211690e+02 0.000000000000000000e+00 0.000000000000000000e+00 2.705582034776909950e-02
-2.314732595962927007e+03 1.249042742346065552e+03 1.095450776329658709e+02 0.000000000000000000e+00 0.000000000000000000e+00 -7.962642213030335370e-03
-2.581434910342014518e+03 1.605257667924946418e+03 1.407426233732995797e+02 0.000000000000000000e+00 0.000000000000000000e+00 1.587435934675340832e-02
-2.589986633517951759e+03 1.230353166441174153e+03 1.273510095567554288e+02 0.000000000000000000e+00 0.000000000000000000e+00 1.967391349619163066e-02
-2.796653904492434776e+03 1.444567945307624314e+03 1.502550087569803736e+02 0.000000000000000000e+00 0.000000000000000000e+00 2.813976644449667219e-02
-2.992158046614546492e+03 1.594165484127903937e+03 1.720777460936065495e+02 0.000000000000000000e+00 0.000000000000000000e+00 2.522393463840444383e-02
-2.999601974631397297e+03 1.254543333401307336e+03 1.596471795613989286e+02 0.000000000000000000e+00 0.000000000000000000e+00 -1.051570587748074104e-03
-1.929921791906647059e+03 9.072491566895440656e+02 7.806962960187608758e+01 0.000000000000000000e+00 0.000000000000000000e+00 6.421540911048850830e-03
-1.928720608682125658e+03 5.287039976458587489e+02 7.107581476338582149e+01 0.000000000000000000e+00 0.000000000000000000e+00 1.099723561301857444e-02
-2.106601895683752900e+03 7.282961453801060543e+02 8.385257854408132516e+01 0.000000000000000000e+00 0.000000000000000000e+00 -3.507560448625213212e-03
-2.297922608880111511e+03 8.917981963232296039e+02 9.857939164770482421e+01 0.000000000000000000e+00 0.000000000000000000e+00 -4.284595522263145995e-02
-2.308793693878338672e+03 5.302623826515093697e+02 9.250113224169274417e+01 0.000000000000000000e+00 0.000000000000000000e+00 2.557538143794602092e-02
-2.580413988943952518e+03 8.868840900221680386e+02 1.170753308086622155e+02 0.000000000000000000e+00 0.000000000000000000e+00 2.647860618814945610e-02
-2.580320270545243602e+03 8.867895781381108691e+02 1.170665526822112099e+02 0.000000000000000000e+00 0.000000000000000000e+00 -8.518674761447186938e-03
-2.967078725075140937e+03 9.044137867413190861e+02 1.467194733458842961e+02 0.000000000000000000e+00 0.000000000000000000e+00 5.919274657043160914e-02
-2.771369391770469520e+03 7.397226897957809797e+02 1.277160292059069207e+02 0.000000000000000000e+00 0.000000000000000000e+00 9.860261457106389571e-06
-2.618739767807218868e+03 5.344748724996160263e+02 1.130224452530220702e+02 0.000000000000000000e+00 0.000000000000000000e+00 -2.818686078599341727e-02
-2.967462814989707567e+03 5.249957076255714128e+02 1.392053960312031222e+02 0.000000000000000000e+00 0.000000000000000000e+00 3.994929068124974947e-02
-1.934661122407732819e+03 1.991197049688318828e+02 6.819611077014437228e+01 0.000000000000000000e+00 0.000000000000000000e+00 -2.261451843212114454e-02
-1.931719124384735778e+03 -1.753779585729058681e+02 6.757829580287543081e+01 0.000000000000000000e+00 0.000000000000000000e+00 -1.649677403250393581e-02
-2.102488337937572396e+03 1.665047593656071356e+01 7.643948956046112642e+01 0.000000000000000000e+00 0.000000000000000000e+00 -6.536087052573691381e-02
-2.297365760041566773e+03 1.752937043088344069e+02 8.830735121761154005e+01 0.000000000000000000e+00 0.000000000000000000e+00 5.643625435152443970e-02
-2.280118502643761985e+03 -1.725155877549195793e+02 8.679022848165809023e+01 0.000000000000000000e+00 0.000000000000000000e+00 -1.678318554979796318e-02
-2.595743032382084493e+03 1.680317645788458094e+02 1.076689216100437534e+02 0.000000000000000000e+00 0.000000000000000000e+00 -3.434641950164518676e-02
-2.601998401415141871e+03 -1.804424687289095175e+02 1.075653650026315091e+02 0.000000000000000000e+00 0.000000000000000000e+00 -1.627209487253367115e-03
-2.798201200142369544e+03 1.638254155510313481e+01 1.216464468365671507e+02 0.000000000000000000e+00 0.000000000000000000e+00 3.376101617877225181e-02
-2.999818661592602439e+03 1.756948472643998116e+02 1.380557968218160170e+02 0.000000000000000000e+00 0.000000000000000000e+00 6.965010431579798933e-02
-2.985715582693770102e+03 -1.805506763892723257e+02 1.361644065849331184e+02 0.000000000000000000e+00 0.000000000000000000e+00 4.315721150490503533e-02
-1.934041879964253440e+03 -5.163708591407256563e+02 7.012376862793375665e+01 0.000000000000000000e+00 0.000000000000000000e+00 -4.070408982116191510e-03
-1.919088674659251410e+03 -8.798323731585303449e+02 7.491667476056153419e+01 0.000000000000000000e+00 0.000000000000000000e+00 8.622491713822455495e-03
-1.919185994328524657e+03 -8.796552773008693293e+02 7.491806783864723229e+01 0.000000000000000000e+00 0.000000000000000000e+00 1.061113956100712130e-02
-2.107757888312104569e+03 -6.988935086479161782e+02 8.163837435379414842e+01 0.000000000000000000e+00 0.000000000000000000e+00 2.596992966826405791e-02
-2.299631117717477082e+03 -5.373061844906490023e+02 9.053281204509231372e+01 0.000000000000000000e+00 0.000000000000000000e+00 2.420189013494677965e-02
-2.297921577508258906e+03 -8.861431157457492418e+02 9.578223402320723778e+01 0.000000000000000000e+00 0.000000000000000000e+00 -1.285946332156129301e-02
-2.298005495210763002e+03 -8.861005409901783878e+02 9.578644028016904599e+01 0.000000000000000000e+00 0.000000000000000000e+00 -5.424766740375730478e-03
-2.583823191889119244e+03 -5.207846029566376274e+02 1.085907065901922266e+02 0.000000000000000000e+00 0.000000000000000000e+00 -9.895357276249683309e-03
-2.583895407356461419e+03 -5.208582984394636242e+02 1.085964191934230456e+02 0.000000000000000000e+00 0.000000000000000000e+00 1.982188970131915084e-02
-2.597328140490750229e+03 -8.896207376077815070e+02 1.150492225061390172e+02 0.000000000000000000e+00 0.000000000000000000e+00 2.286019497677216350e-02
-2.794646330214917270e+03 -6.972924348352192965e+02 1.258256763311510440e+02 0.000000000000000000e+00 0.000000000000000000e+00 -5.776501892403018701e-02
-2.997679358145218430e+03 -5.346060727027811481e+02 1.394095251590094904e+02 0.000000000000000000e+00 0.000000000000000000e+00 -1.471098531442294188e-02
-2.997593438520971631e+03 -5.346845769669964739e+02 1.394034820950899132e+02 0.000000000000000000e+00 0.000000000000000000e+00 3.890306116082342669e-02
-2.995858236513834981e+03 -8.878112637035327452e+02 1.445223223598908930e+02 0.000000000000000000e+00 0.000000000000000000e+00 -1.648023086551120286e-02
-1.916873604568346309e+03 -1.200564838382926155e+03 8.219741626174706539e+01 0.000000000000000000e+00 0.000000000000000000e+00 -5.401427938306824217e-02
-1.916630453939615109e+03 -1.200847452494769641e+03 8.219293646886642080e+01 0.000000000000000000e+00 0.000000000000000000e+00 -5.728222011514105816e-02
-1.913088235645060877e+03 -1.597755799324829241e+03 9.439729170218768672e+01 0.000000000000000000e+00 0.000000000000000000e+00 -2.977614480414558784e-03
-2.104874010038555298e+03 -1.403012786018270162e+03 9.783227431290842446e+01 0.000000000000000000e+00 0.000000000000000000e+00 -3.537101184335256221e-02
-2.302705980379077573e+03 -1.248536186995848539e+03 1.045998731895008831e+02 0.000000000000000000e+00 0.000000000000000000e+00 -6.333875526030396941e-02
-2.279680076008446576e+03 -1.604733780048974950e+03 1.145509963281374013e+02 0.000000000000000000e+00 0.000000000000000000e+00 -4.749535683298233835e-02
-2.279739689427389749e+03 -1.604785873498230330e+03 1.145564018682826060e+02 0.000000000000000000e+00 0.000000000000000000e+00 -4.755199252156216971e-02
-2.584853752162827277e+03 -1.223929422883100642e+03 1.219558747088578770e+02 0.000000000000000000e+00 0.000000000000000000e+00 -8.497955796372025361e-02
-2.593530623561833181e+03 -1.600096961524890276e+03 1.343751722157629445e+02 0.000000000000000000e+00 0.000000000000000000e+00 -3.044134652245134021e-02
-2.593665151636274459e+03 -1.599988722827187075e+03 1.343804579963329218e+02 0.000000000000000000e+00 0.000000000000000000e+00 -1.908921637917160297e-02
-2.783647403238748666e+03 -1.366540413944145257e+03 1.401046018332539802e+02 0.000000000000000000e+00 0.000000000000000000e+00 7.336675992917207623e-03
-2.972244805113071834e+03 -1.219337679378119219e+03 1.502699866414661756e+02 0.000000000000000000e+00 0.000000000000000000e+00 1.399016937835995122e-02
-2.972247104798635974e+03 -1.219316897969585625e+03 1.502696092249784954e+02 0.000000000000000000e+00 0.000000000000000000e+00 3.495794960869602619e-02
-2.973527346648243110e+03 -1.605072749788846977e+03 1.625033124201274575e+02 0.000000000000000000e+00 0.000000000000000000e+00 -9.498417233857026076e-03
-2.973703483755071829e+03 -1.605028749960388723e+03 1.625156538547769856e+02 0.000000000000000000e+00 0.000000000000000000e+00 1.779618820933137613e-02
-1.918542476217164676e+03 -1.917992663455777574e+03 1.072635043442670053e+02 0.000000000000000000e+00 0.000000000000000000e+00 -6.527777902043396807e-02
-1.924630405090510749e+03 -2.307468294935665199e+03 1.260533761101622190e+02 0.000000000000000000e+00 0.000000000000000000e+00 3.934037014587943304e-03
-2.128435468762640085e+03 -2.083345448111314454e+03 1.256896885971885354e+02 0.000000000000000000e+00 0.000000000000000000e+00 -2.484812413359804850e-02
-2.274090180897204391e+03 -1.947662371941000401e+03 1.278797101360692920e+02 0.000000000000000000e+00 0.000000000000000000e+00 -6.283235847355683745e-02
-2.274052072145238526e+03 -1.947671892359050617e+03 1.278778691284230149e+02 0.000000000000000000e+00 0.000000000000000000e+00 -4.590483245861776140e-02
-2.277088194346869841e+03 -2.306593784462122585e+03 1.452767474650220834e+02 0.000000000000000000e+00 0.000000000000000000e+00 -2.711924085076589108e-02
-1.596816329826619722e+03 2.992097023610282577e+03 1.672066474301116443e+02 0.000000000000000000e+00 0.000000000000000000e+00 -2.252220102857904749e-02
-1.592546824865358758e+03 2.676071916002766557e+03 1.433167994906496858e+02 0.000000000000000000e+00 0.000000000000000000e+00 -1.099541081268284870e-02
-1.370605079190357628e+03 2.867427465891651536e+03 1.479893289832614300e+02 0.000000000000000000e+00 0.000000000000000000e+00 -5.890414276746014366e-02
-1.240886541358866452e+03 2.649167633187458705e+03 1.274399236278012779e+02 0.000000000000000000e+00 0.000000000000000000e+00 7.642517283122174376e-02
-1.235963723686482354e+03 3.022576194923165076e+03 1.550812640912685083e+02 0.000000000000000000e+00 0.000000000000000000e+00 1.358246908489491034e-02
-1.222399430910211322e+03 2.346994264780122649e+03 1.072688185786902153e+02 0.000000000000000000e+00 0.000000000000000000e+00 -5.758551451307880598e-03
-1.207169180966202020e+03 1.969865360434626155e+03 8.599203601695607802e+01 0.000000000000000000e+00 0.000000000000000000e+00 -3.517723442868714301e-03
-1.394585746143829738e+03 2.145867806047199792e+03 1.019051489935938832e+02 0.000000000000000000e+00 0.000000000000000000e+00 7.484190326835005180e-03
-1.594100408247503765e+03 2.311366968375521992e+03 1.196568664366220816e+02 0.000000000000000000e+00 0.000000000000000000e+00 1.839337904769422494e-02
-1.596865087928431876e+03 1.963596714694438106e+03 1.006486827260744263e+02 0.000000000000000000e+00 0.000000000000000000e+00 -4.645560166068207764e-03
-9.207137551902185351e+02 1.936890561301514481e+03 7.605219004562171392e+01 0.000000000000000000e+00 0.000000000000000000e+00 -3.715229454360269301e-02
-9.202903074938163854e+02 2.323082213566156497e+03 9.688481687804292619e+01 0.000000000000000000e+00 0.000000000000000000e+00 -2.911258086329837624e-02
-7.284751320578774312e+02 2.170868971327673080e+03 8.383822951692785352e+01 0.000000000000000000e+00 0.000000000000000000e+00 -2.187352883908033618e-03
-5.306090669303812319e+02 1.950594926344295800e+03 6.901894388883189890e+01 0.000000000000000000e+00 0.000000000000000000e+00 -8.852819140116707786e-03
-5.364380167789121288e+02 2.316263900466162795e+03 8.877235493090662999e+01 0.000000000000000000e+00 0.000000000000000000e+00 -3.828508115047668525e-02
-5.235614712434777402e+02 3.014240608891426746e+03 1.366401917553824887e+02 0.000000000000000000e+00 0.000000000000000000e+00 4.760200654112622942e-02
-5.352377784028294627e+02 2.654496918416024073e+03 1.102833098109853296e+02 0.000000000000000000e+00 0.000000000000000000e+00 -1.869451683087675065e-02
-7.355669054044491304e+02 2.880826459361911475e+03 1.301146623277348908e+02 0.000000000000000000e+00 0.000000000000000000e+00 1.469441694268880383e-02
-9.020638990538900543e+02 3.011071140444149023e+03 1.440293895807272122e+02 0.000000000000000000e+00 0.000000000000000000e+00 1.334707816815239312e-02
-9.057901397322196999e+02 2.661828106268067586e+03 1.182435023468196249e+02 0.000000000000000000e+00 0.000000000000000000e+00 1.732487751414168997e-02
-8.987014103835156220e+02 1.647299710273529854e+03 6.254630280646440355e+01 0.000000000000000000e+00 0.000000000000000000e+00 -1.453369808590565526e-02
-9.037481414547031591e+02 1.245984440692621092e+03 4.836060478968315124e+01 0.000000000000000000e+00 0.000000000000000000e+00 -4.639774651756312096e-02
-7.088513064735049056e+02 1.438154571656364396e+03 5.048584303278246921e+01 0.000000000000000000e+00 0.000000000000000000e+00 4.441877082896894535e-03
-5.234474486427217244e+02 1.262356619386195234e+03 4.164657595985228511e+01 0.000000000000000000e+00 0.000000000000000000e+00 -4.396484545073064965e-02
-5.338171027748178403e+02 1.603757276018407310e+03 5.376391350844956207e+01 0.000000000000000000e+00 0.000000000000000000e+00 -2.007831189964548457e-02
-5.344365415317507768e+02 1.603628807561875647e+03 5.376772287313358589e+01 0.000000000000000000e+00 0.000000000000000000e+00 -2.879749137613174526e-02
-1.566120047571135729e+03 1.620305836474524313e+03 8.368996301847373331e+01 0.000000000000000000e+00 0.000000000000000000e+00 2.058883953625922913e-02
-1.564624008465028965e+03 1.225924409273540959e+03 6.953225865695033292e+01 0.000000000000000000e+00 0.000000000000000000e+00 1.188272577792304219e-04
-1.371002199710933382e+03 1.451500516480285341e+03 6.943601800018271319e+01 0.000000000000000000e+00 0.000000000000000000e+00 -1.899600648741284203e-03
-1.219244625843587755e+03 1.250028518434519810e+03 5.741186609410596020e+01 0.000000000000000000e+00 0.000000000000000000e+00 -2.612937581430685441e-02
-1.190506705082713324e+03 1.596965260620758727e+03 6.873657451107177963e+01 0.000000000000000000e+00 0.000000000000000000e+00 -2.250340016992424808e-02
1.694634023679554957e+02 3.020567771227320463e+03 1.336709689864470079e+02 0.000000000000000000e+00 0.000000000000000000e+00 -2.357216728040611997e-02
1.627331379098206980e+02 2.658935778899768593e+03 1.069630309889232365e+02 0.000000000000000000e+00 0.000000000000000000e+00 -1.539106511673082878e-02
-3.582689730281560259e+01 2.863314678053641728e+03 1.212126872384846052e+02 0.000000000000000000e+00 0.000000000000000000e+00 3.670054693330371265e-03
-2.198960037297039776e+02 3.010269962504502018e+03 1.331352850161556205e+02 0.000000000000000000e+00 0.000000000000000000e+00 3.861439756914819554e-02
-2.268230215796069729e+02 2.638455049213374878e+03 1.059141779865616542e+02 0.000000000000000000e+00 0.000000000000000000e+00 -1.546221492901622696e-03
-2.331711262586188127e+02 2.336782785953540952e+03 8.677147422175691815e+01 0.000000000000000000e+00 0.000000000000000000e+00 -4.094887445423012196e-02
-1.922045413980238777e+02 1.962325375867286766e+03 6.626967446491011060e+01 0.000000000000000000e+00 0.000000000000000000e+00 4.135272915846144315e-04
-4.120561210967740529e+00 2.149874119929882454e+03 7.542943062990357816e+01 0.000000000000000000e+00 0.000000000000000000e+00 1.233630338157354345e-02
1.613012032680222774e+02 2.318476946279170079e+03 8.530036173954286483e+01 0.000000000000000000e+00 0.000000000000000000e+00 1.233767114362649409e-02
1.668495642970340782e+02 1.936656644757800450e+03 6.489806279837544878e+01 0.000000000000000000e+00 0.000000000000000000e+00 -1.229955701936091828e-02
-1.692310651598981508e+02 1.613708999421715816e+03 5.071765061837196953e+01 0.000000000000000000e+00 0.000000000000000000e+00 -2.332922655143221391e-02
-1.993133568713024601e+02 1.249105424003018925e+03 3.813482710732986902e+01 0.000000000000000000e+00 0.000000000000000000e+00 -7.242648384513472593e-02
1.766179510235254924e+01 1.448445184750781209e+03 4.414335803386160251e+01 0.000000000000000000e+00 0.000000000000000000e+00 -2.244406731861658955e-04
1.485960143461173288e+02 1.218458202353981278e+03 3.698667041756490192e+01 0.000000000000000000e+00 0.000000000000000000e+00 -2.587042751639501148e-02
1.709799769947412074e+02 1.591229677117834171e+03 4.984083021596495655e+01 0.000000000000000000e+00 0.000000000000000000e+00 4.351172612840059628e-02
4.629258794429186423e+02 1.247648753534508614e+03 4.040615093758187015e+01 0.000000000000000000e+00 0.000000000000000000e+00 4.982230161971301641e-03
4.752885135124907379e+02 1.588910817134301851e+03 5.238771154379665518e+01 0.000000000000000000e+00 0.000000000000000000e+00 -3.770516845701621378e-02
6.618877905027711677e+02 1.457297735232598825e+03 5.030506806536843101e+01 0.000000000000000000e+00 0.000000000000000000e+00 -8.511448369105778511e-03
8.510405154107038470e+02 1.232124098135753229e+03 4.671082680083115690e+01 0.000000000000000000e+00 0.000000000000000000e+00 -5.781645236257304532e-02
8.662651930335949828e+02 1.608461664352347270e+03 6.020745697716884592e+01 0.000000000000000000e+00 0.000000000000000000e+00 3.059569893306246513e-02
5.192460499288811206e+02 1.927120569316414048e+03 6.771958737926694027e+01 0.000000000000000000e+00 0.000000000000000000e+00 3.724565977847760223e-02
4.631306409196135974e+02 2.323208475963373985e+03 8.817273797147706205e+01 0.000000000000000000e+00 0.000000000000000000e+00 1.401425128939592923e-02
6.470133213336146127e+02 2.157129016225092528e+03 8.155099131106831578e+01 0.000000000000000000e+00 0.000000000000000000e+00 1.290244193143053053e-03
8.504548642847762494e+02 1.932005629986622580e+03 7.412118063598826723e+01 0.000000000000000000e+00 0.000000000000000000e+00 1.027211988285614552e-02
8.430468006890146171e+02 2.304695422960986889e+03 9.391996540830533036e+01 0.000000000000000000e+00 0.000000000000000000e+00 -2.662154632872670845e-02
4.851212626067031124e+02 2.661471921562109401e+03 1.100484694769073712e+02 0.000000000000000000e+00 0.000000000000000000e+00 3.954000925240563902e-02
4.680872104826476630e+02 3.019123331945691916e+03 1.362484517484635376e+02 0.000000000000000000e+00 0.000000000000000000e+00 1.266939201315153696e-02
6.539304723358308138e+02 2.850850430848932774e+03 1.262768975331418346e+02 0.000000000000000000e+00 0.000000000000000000e+00 5.523671705155663858e-02
8.467499095799224733e+02 2.639057003143272595e+03 1.152349597574003184e+02 0.000000000000000000e+00 0.000000000000000000e+00 -1.918569288906724069e-02
8.529422856763295613e+02 3.020569135194346927e+03 1.435615628041526861e+02 0.000000000000000000e+00 0.000000000000000000e+00 4.760432722815721718e-02
1.150265486908587263e+03 3.030437984592041175e+03 1.528033700018744128e+02 0.000000000000000000e+00 0.000000000000000000e+00 -1.051043627975900563e-02
1.175335122369994451e+03 2.654444258954303677e+03 1.255847111286094702e+02 0.000000000000000000e+00 0.000000000000000000e+00 -3.011098544895673967e-02
1.379761175385415754e+03 2.853164832062460391e+03 1.472704657072236216e+02 0.000000000000000000e+00 0.000000000000000000e+00 1.116388850428506885e-02
1.556901992088768793e+03 3.003149301798271154e+03 1.662933419602084086e+02 0.000000000000000000e+00 0.000000000000000000e+00 -7.974518655146312085e-03
1.557624898637906426e+03 2.649391660216271248e+03 1.399028276140846856e+02 0.000000000000000000e+00 0.000000000000000000e+00 -3.121750383957078157e-02
1.169790501282049490e+03 2.334731033789447338e+03 1.047884302629765614e+02 0.000000000000000000e+00 0.000000000000000000e+00 5.348612068500813166e-02
1.168217926112465875e+03 1.949841702287784074e+03 8.373566882241249232e+01 0.000000000000000000e+00 0.000000000000000000e+00 1.199706117292009822e-02
1.356839613971862036e+03 2.156500232416187373e+03 1.010591660858091814e+02 0.000000000000000000e+00 0.000000000000000000e+00 5.671776993921184840e-03
1.561375817912526827e+03 2.317161568380002336e+03 1.185688309426440696e+02 0.000000000000000000e+00 0.000000000000000000e+00 3.241738186970621882e-02
1.543929281214969023e+03 1.939278920850075792e+03 9.715562707592980018e+01 0.000000000000000000e+00 0.000000000000000000e+00 1.533442682601560136e-02
1.166114497874084691e+03 1.621645519721254459e+03 6.895156124762509364e+01 0.000000000000000000e+00 0.000000000000000000e+00 -6.387865702848216642e-03
1.161024157377703432e+03 1.223172374509400470e+03 5.474458192713650817e+01 0.000000000000000000e+00 0.000000000000000000e+00 -2.409686861641091582e-02
1.378125057071307765e+03 1.463119889773769728e+03 7.012232967372193571e+01 0.000000000000000000e+00 0.000000000000000000e+00 2.871675559822506330e-02
1.535406528336003021e+03 1.624419365037679881e+03 8.256602068934667216e+01 0.000000000000000000e+00 0.000000000000000000e+00 1.939550503368536738e-02
1.533673144484571367e+03 1.235520796796231252e+03 6.854202163608518106e+01 0.000000000000000000e+00 0.000000000000000000e+00 -2.263147688101696531e-02
1.865535279786233787e+03 1.227283890419551199e+03 8.344212554409476468e+01 0.000000000000000000e+00 0.000000000000000000e+00 3.281071117740452792e-03
1.880769387749301586e+03 1.611437348983682114e+03 9.807697396642721799e+01 0.000000000000000000e+00 0.000000000000000000e+00 -6.201825101200597601e-02
2.042476962372306843e+03 1.473206818537830031e+03 1.012657454072236192e+02 0.000000000000000000e+00 0.000000000000000000e+00 1.906603199799405957e-03
2.238899917389733673e+03 1.228073603443523780e+03 1.041830400243305945e+02 0.000000000000000000e+00 0.000000000000000000e+00 5.121197590474935168e-02
2.264006719261971284e+03 1.612785519546085197e+03 1.198666102559720343e+02 0.000000000000000000e+00 0.000000000000000000e+00 -1.311863212053765437e-02
1.868381970122556595e+03 1.933024784651200662e+03 1.120598537073209542e+02 0.000000000000000000e+00 0.000000000000000000e+00 4.569277544472072350e-02
1.840616302708937837e+03 2.325509254425935524e+03 1.323035562647084760e+02 0.000000000000000000e+00 0.000000000000000000e+00 -2.216760665655215234e-02
2.061562253282396796e+03 2.169138989554058753e+03 1.351488887447715967e+02 0.000000000000000000e+00 0.000000000000000000e+00 4.405850066800098830e-02
2.255636029834915917e+03 1.942631699363238567e+03 1.346234789192134826e+02 0.000000000000000000e+00 0.000000000000000000e+00 2.219216860476080910e-02
2.242633527939543001e+03 2.308991294675791778e+03 1.542855017095310473e+02 0.000000000000000000e+00 0.000000000000000000e+00 3.059182903245982743e-02
2.550693781727314672e+03 1.628251620064998860e+03 1.395410304770614687e+02 0.000000000000000000e+00 0.000000000000000000e+00 4.942159990505956557e-02
2.561713436919334072e+03 1.239640333217129864e+03 1.256611129738571009e+02 0.000000000000000000e+00 0.000000000000000000e+00 -8.606341856456367623e-02
2.751016646905805828e+03 1.456916307815235541e+03 1.472311575813949673e+02 0.000000000000000000e+00 0.000000000000000000e+00 7.133451998126361104e-02
2.923003460847492079e+03 1.619179346041500366e+03 1.674500641450103728e+02 0.000000000000000000e+00 0.000000000000000000e+00 6.221617421405767345e-02
2.919302658939582216e+03 1.223895413064992226e+03 1.520581886983953268e+02 0.000000000000000000e+00 0.000000000000000000e+00 7.971327148993623268e-03
-1.639664372660980007e+03 8.947464111186469609e+02 6.397795460287585456e+01 0.000000000000000000e+00 0.000000000000000000e+00 5.084087659348313082e-02
-1.634933937268384170e+03 4.940893590433850591e+02 5.681077473692943869e+01 0.000000000000000000e+00 0.000000000000000000e+00 1.394151713782321167e-03
-1.434752989043888647e+03 7.311450697108884924e+02 5.233422022163173892e+01 0.000000000000000000e+00 0.000000000000000000e+00 2.855665621476788374e-02
-1.246758276856785187e+03 8.843360834836425965e+02 4.872070966370991130e+01 0.000000000000000000e+00 0.000000000000000000e+00 3.903424536026989244e-03
-1.247820110336405378e+03 4.992923829690438424e+02 4.223921039453799153e+01 0.000000000000000000e+00 0.000000000000000000e+00 -3.885198632119113427e-03
-1.628874207305500477e+03 1.937036276379239439e+02 5.389165188694229869e+01 0.000000000000000000e+00 0.000000000000000000e+00 8.717091159581968896e-03
-1.632167439699533134e+03 -2.084324238500487070e+02 5.381778073753832814e+01 0.000000000000000000e+00 0.000000000000000000e+00 -1.272110391492020653e-02
-1.440853455316854706e+03 2.776448412193341397e+01 4.584300121719640941e+01 0.000000000000000000e+00 0.000000000000000000e+00 2.663993864726421634e-02
-1.244946446972426429e+03 1.841644589513255710e+02 3.947739808602097611e+01 0.000000000000000000e+00 0.000000000000000000e+00 5.729007242109673825e-02
-1.255272030837296825e+03 -2.107696295894155867e+02 3.976655933871357718e+01 0.000000000000000000e+00 0.000000000000000000e+00 1.465230672091877295e-02
-1.636474904943520642e+03 -5.245432765473600512e+02 5.646829756333416128e+01 0.000000000000000000e+00 0.000000000000000000e+00 2.750565614957167782e-02
-1.627163043977177495e+03 -8.962309763574547787e+02 6.190085798509245052e+01 0.000000000000000000e+00 0.000000000000000000e+00 3.726780352287306641e-02
-1.431685334189979585e+03 -6.845868205024876261e+02 5.051707248789942639e+01 0.000000000000000000e+00 0.000000000000000000e+00 6.090937814083474677e-02
-1.253235368504393136e+03 -5.321894546742232706e+02 4.231863074119294765e+01 0.000000000000000000e+00 0.000000000000000000e+00 -1.320180885711152996e-02
-1.254312961138889705e+03 -9.207545911441758335e+02 4.864410585851173607e+01 0.000000000000000000e+00 0.000000000000000000e+00 3.458413116388925346e-02
-1.632345382270016216e+03 -1.242572481039124796e+03 7.035596070073809472e+01 0.000000000000000000e+00 0.000000000000000000e+00 4.577186692968382431e-02
-1.631779594942675885e+03 -1.618108451969130329e+03 8.231502003836310166e+01 0.000000000000000000e+00 0.000000000000000000e+00 5.910127260719377773e-03
-1.429726651103152562e+03 -1.397331844244604554e+03 6.697703524310708190e+01 0.000000000000000000e+00 0.000000000000000000e+00 3.649335070846859708e-02
-1.240237887233493439e+03 -1.231042783355759639e+03 5.565166359285392872e+01 0.000000000000000000e+00 0.000000000000000000e+00 4.869719709921582762e-02
-1.243372347594053736e+03 -1.628742865707544524e+03 6.844563384100317194e+01 0.000000000000000000e+00 0.000000000000000000e+00 1.218099426102980942e-02
-1.637556664110243901e+03 -1.942491657321342245e+03 9.546673295379861202e+01 0.000000000000000000e+00 0.000000000000000000e+00 8.652794348159886795e-02
-1.627860276438073015e+03 -2.335166257545408371e+03 1.138885644466618174e+02 0.000000000000000000e+00 0.000000000000000000e+00 4.405099284217328659e-02
-1.441039660013300136e+03 -2.103448656976575421e+03 9.500427495737493189e+01 0.000000000000000000e+00 0.000000000000000000e+00 5.857001861089372596e-02
-1.238942870120209363e+03 -1.951799813268972912e+03 8.121806397436736802e+01 0.000000000000000000e+00 0.000000000000000000e+00 4.899569948788951024e-02
-1.239322103464741076e+03 -2.326682146934592765e+03 9.916065490852429321e+01 0.000000000000000000e+00 0.000000000000000000e+00 1.229228972748330762e-02
-1.642507343062510699e+03 -2.620529257003914154e+03 1.304201683636689211e+02 0.000000000000000000e+00 0.000000000000000000e+00 -5.460255303952976647e-02
-1.636127458731332808e+03 -3.030625825773787255e+03 1.563766335625203396e+02 0.000000000000000000e+00 0.000000000000000000e+00 2.942855646199404873e-02
-1.435865875082982029e+03 -2.794381738956579738e+03 1.328220350416758038e+02 0.000000000000000000e+00 0.000000000000000000e+00 2.322033919017485459e-02
-1.253200143713489524e+03 -2.625773922899535137e+03 1.162122563901678092e+02 0.000000000000000000e+00 0.000000000000000000e+00 -7.159952223759091794e-03
-1.248378587963639802e+03 -3.023934520073671138e+03 1.414059303064776714e+02 0.000000000000000000e+00 0.000000000000000000e+00 -1.669170668884589759e-02
-9.361506221725661590e+02 -3.035524309255158187e+03 1.334002175472942326e+02 0.000000000000000000e+00 0.000000000000000000e+00 2.622025277827333412e-02
-9.484254755522147207e+02 -2.633423737146072199e+03 1.080719762278442175e+02 0.000000000000000000e+00 0.000000000000000000e+00 -3.280281596687473211e-03
-7.538096885175185662e+02 -2.792331745868979851e+03 1.135061433186204454e+02 0.000000000000000000e+00 0.000000000000000000e+00 -2.485643688054040013e-02
-5.565915287684942996e+02 -3.038663042006576688e+03 1.263346089299309511e+02 0.000000000000000000e+00 0.000000000000000000e+00 1.906964271728384119e-02
-5.542790137920082998e+02 -2.649783942896937333e+03 1.014859452984816528e+02 0.000000000000000000e+00 0.000000000000000000e+00 4.998941312580029717e-02
-2.434006434591208858e+02 9.028896668550544291e+02 2.943598553529541562e+01 0.000000000000000000e+00 0.000000000000000000e+00 -2.394762260957961075e-02
-2.379340471758347917e+02 4.964808435875097530e+02 2.266072313195277488e+01 0.000000000000000000e+00 0.000000000000000000e+00 -2.171435221884721045e-02
-4.545103932579697670e+01 7.437082614093238817e+02 2.557017571946372669e+01 0.000000000000000000e+00 0.000000000000000000e+00 1.910517566964031744e-02
1.510368413923018238e+02 9.024216482030115003e+02 2.894795215874582794e+01 0.000000000000000000e+00 0.000000000000000000e+00 -4.598383256594473778e-02
1.506979555768176624e+02 5.118167583688656919e+02 2.240257674442921498e+01 0.000000000000000000e+00 0.000000000000000000e+00 -2.067268767103414007e-02
-2.360759994482424986e+02 2.064981763720438437e+02 2.026209773651383372e+01 0.000000000000000000e+00 0.000000000000000000e+00 8.705455915499982211e-03
-2.253173205188770680e+02 -1.980644509356105232e+02 2.014914959976441367e+01 0.000000000000000000e+00 0.000000000000000000e+00 -2.549928260683387293e-02
-5.784265626459255571e+01 2.615825171713082753e+01 1.910081565991804453e+01 0.000000000000000000e+00 0.000000000000000000e+00 -2.313060087368157269e-02
1.264210535984227164e+02 1.799450715293690166e+02 1.963080137223725075e+01 0.000000000000000000e+00 0.000000000000000000e+00 -5.435070088393700871e-02
1.348845071278016121e+02 -1.929618215507295247e+02 1.971026590872966722e+01 0.000000000000000000e+00 0.000000000000000000e+00 8.541699022739379643e-03
1.349895259303190187e+02 -1.932640454181118912e+02 1.971196540545112086e+01 0.000000000000000000e+00 0.000000000000000000e+00 -1.070700327725759848e-02
-2.626595918935519762e+02 -5.171481518184460811e+02 2.298085736754084962e+01 0.000000000000000000e+00 0.000000000000000000e+00 8.903612104372626845e-03
-2.379788566265993950e+02 -9.121886626640115310e+02 2.920645122326148524e+01 0.000000000000000000e+00 0.000000000000000000e+00 -1.182694852533927588e-02
-5.572335727395886096e+01 -6.741236980182758316e+02 2.426528738451015954e+01 0.000000000000000000e+00 0.000000000000000000e+00 3.241347116478721091e-03
1.376523352614922260e+02 -5.213258093890658529e+02 2.239446049958651486e+01 0.000000000000000000e+00 0.000000000000000000e+00 -5.322711930253021251e-02
1.351699632794579315e+02 -9.114454583524768623e+02 2.870626481388329410e+01 0.000000000000000000e+00 0.000000000000000000e+00 3.814949207171736134e-03
-2.457770109004647452e+02 -1.221409548106445754e+03 3.666350316316855640e+01 0.000000000000000000e+00 0.000000000000000000e+00 2.461899326625882622e-02
-2.348539793208074116e+02 -1.612420164925669269e+03 4.898222368434689145e+01 0.000000000000000000e+00 0.000000000000000000e+00 9.806733864436978365e-03
-6.462783890805897613e+01 -1.379254685857687264e+03 4.054948814778101962e+01 0.000000000000000000e+00 0.000000000000000000e+00 7.958007555828316981e-03
1.478090678306656400e+02 -1.214322294480271012e+03 3.598380687452183224e+01 0.000000000000000000e+00 0.000000000000000000e+00 5.321800749852201307e-02
1.463289381961495224e+02 -1.618862495156060049e+03 4.878936863384952005e+01 0.000000000000000000e+00 0.000000000000000000e+00 4.087044737166678487e-02
-2.379393965644902096e+02 -1.616428559453883508e+03 4.914499639514593810e+01 0.000000000000000000e+00 0.000000000000000000e+00 1.209651497282493438e-02
-2.501711497215677582e+02 -1.929834632337664516e+03 6.160842522512151476e+01 0.000000000000000000e+00 0.000000000000000000e+00 2.940504478318217707e-02
-2.592324156452793886e+02 -2.319224201202075619e+03 8.010018709385894908e+01 0.000000000000000000e+00 0.000000000000000000e+00 5.164588336938891189e-03
-6.580184143274705377e+01 -2.085873006286530654e+03 6.785298000618665526e+01 0.000000000000000000e+00 0.000000000000000000e+00 4.495576585719618379e-02
1.197965756336267731e+02 -1.938214979260784276e+03 6.136131999586703500e+01 0.000000000000000000e+00 0.000000000000000000e+00 2.141044741404130036e-02
1.280245269558660652e+02 -2.315105458708620063e+03 7.924468161602753469e+01 0.000000000000000000e+00 0.000000000000000000e+00 -2.163709954240289335e-02
-2.367349366097940901e+02 -2.645489308157244068e+03 9.803674917080195428e+01 0.000000000000000000e+00 0.000000000000000000e+00 2.248830968763115834e-02
-2.621412954331134415e+02 -3.033566634595184041e+03 1.228971325146716538e+02 0.000000000000000000e+00 0.000000000000000000e+00 -2.586530567718625662e-02
-7.131936883809284211e+01 -2.788934121279891770e+03 1.061079070592487739e+02 0.000000000000000000e+00 0.000000000000000000e+00 4.359247487940365318e-03
1.255324224028311448e+02 -2.629796533041753719e+03 9.659981473937193641e+01 0.000000000000000000e+00 0.000000000000000000e+00 4.875354592861924630e-02
1.399116329097549283e+02 -3.037054618324031253e+03 1.225059594741875060e+02 0.000000000000000000e+00 0.000000000000000000e+00 -5.036804898418267840e-02
-9.407867394715458431e+02 -1.932922846461504150e+03 7.214179735102669611e+01 0.000000000000000000e+00 0.000000000000000000e+00 -2.709136016554225534e-02
-9.405800085463503137e+02 -2.326688741366149770e+03 9.085864804225563773e+01 0.000000000000000000e+00 0.000000000000000000e+00 -5.414556269438719482e-02
-7.420433288981826081e+02 -2.089033396734987036e+03 7.490616471970392354e+01 0.000000000000000000e+00 0.000000000000000000e+00 -2.104109430364076161e-02
-5.484927570108752661e+02 -2.327919900487411724e+03 8.350932981275889233e+01 0.000000000000000000e+00 0.000000000000000000e+00 -6.174850693162170501e-02
-5.448138224434328549e+02 -1.932738845281949807e+03 6.468963597443348590e+01 0.000000000000000000e+00 0.000000000000000000e+00 -4.533885261359671404e-02
-9.441164863929772082e+02 -1.608171459769354897e+03 5.939321977012224352e+01 0.000000000000000000e+00 0.000000000000000000e+00 1.232637544516279604e-02
-9.431949271761621958e+02 -1.218231457098303508e+03 4.706212669002768223e+01 0.000000000000000000e+00 0.000000000000000000e+00 2.313593688857906727e-02
-7.379296976056932635e+02 -1.383693491098166533e+03 4.750628258877748067e+01 0.000000000000000000e+00 0.000000000000000000e+00 -2.155021410157331729e-02
-5.519213161391090807e+02 -1.619735441287242793e+03 5.239150623829942788e+01 0.000000000000000000e+00 0.000000000000000000e+00 -2.001528646915318177e-02
-5.661236041507520440e+02 -1.222740476728895146e+03 3.998288281058842131e+01 0.000000000000000000e+00 0.000000000000000000e+00 -2.077289969565754291e-02
-9.478130785518620769e+02 -9.076907027600732363e+02 3.978294315182911589e+01 0.000000000000000000e+00 0.000000000000000000e+00 2.024488511864319662e-03
-9.496088439289051166e+02 -5.089288108135019115e+02 3.349285330237741931e+01 0.000000000000000000e+00 0.000000000000000000e+00 -5.975515621344129613e-03
-7.454322487429160446e+02 -6.723337538317193776e+02 3.125197649756835716e+01 0.000000000000000000e+00 0.000000000000000000e+00 -9.355922370168912039e-03
-5.567611372973319703e+02 -9.069912065047511760e+02 3.230538933978778005e+01 0.000000000000000000e+00 0.000000000000000000e+00 1.120815223143978301e-02
-5.625297730703572370e+02 -5.169854501352662055e+02 2.612514307177638884e+01 0.000000000000000000e+00 0.000000000000000000e+00 -1.134063729033840673e-02
-5.624961660977687643e+02 -5.170080975240190355e+02 2.612492683660464365e+01 0.000000000000000000e+00 0.000000000000000000e+00 -1.454117354552053598e-02
-9.365252708476663202e+02 -2.045510687226613413e+02 3.075696425622456331e+01 0.000000000000000000e+00 0.000000000000000000e+00 -2.834297506109706433e-02
-9.469801370539240679e+02 1.945933570243620352e+02 3.106290171307207970e+01 0.000000000000000000e+00 0.000000000000000000e+00 4.303342609233595795e-03
-7.406340360930023508e+02 3.565906576902582970e+01 2.611286103835761097e+01 0.000000000000000000e+00 0.000000000000000000e+00 -2.325227597984635963e-02
-5.523320013206410977e+02 -1.925906723284185205e+02 2.337553776507499492e+01 0.000000000000000000e+00 0.000000000000000000e+00 1.433044043280773394e-02
-5.519621222145431148e+02 1.875378238297981568e+02 2.338259445503936718e+01 0.000000000000000000e+00 0.000000000000000000e+00 2.464298058283631576e-02
-9.303758233015075803e+02 5.028658220715980747e+02 3.325587672774855719e+01 0.000000000000000000e+00 0.000000000000000000e+00 -1.731096058541936600e-02
-9.374331776964589835e+02 9.073159715881942020e+02 4.030779839531008690e+01 0.000000000000000000e+00 0.000000000000000000e+00 2.092611072185945886e-02
-7.295615946727574510e+02 7.541803156128736418e+02 3.269032341720557611e+01 0.000000000000000000e+00 0.000000000000000000e+00 -1.672286788370769273e-02
-5.530025394372549954e+02 5.151057220719061434e+02 2.611916607896233700e+01 0.000000000000000000e+00 0.000000000000000000e+00 1.222061022775378092e-02
-5.381675245038509274e+02 9.015475851300358272e+02 3.243139754316265311e+01 0.000000000000000000e+00 0.000000000000000000e+00 7.430577051437126102e-03
4.572746403285457291e+02 8.952397986006219526e+02 3.123830913532818698e+01 0.000000000000000000e+00 0.000000000000000000e+00 -2.385112626478758102e-02
4.766307920793057065e+02 5.053111800850527970e+02 2.497919092138291219e+01 0.000000000000000000e+00 0.000000000000000000e+00 -3.063808713324434052e-02
6.602868527900724303e+02 7.355855760719772434e+02 3.109850571135174491e+01 0.000000000000000000e+00 0.000000000000000000e+00 -3.004389990636369134e-02
8.543105940789401984e+02 8.974377898168287402e+02 3.813086065579837225e+01 0.000000000000000000e+00 0.000000000000000000e+00 1.167201063353928703e-02
8.364060341669095351e+02 4.935838736374511768e+02 3.098249607538675576e+01 0.000000000000000000e+00 0.000000000000000000e+00 2.701321070973605742e-02
4.592063881037813644e+02 1.945599785550374463e+02 2.220512662743597687e+01 0.000000000000000000e+00 0.000000000000000000e+00 -5.014086063588507614e-02
4.595502062901193199e+02 -2.094457384082583644e+02 2.225168303830169947e+01 0.000000000000000000e+00 0.000000000000000000e+00 1.889412173985505206e-02
6.428290132429522146e+02 1.723287423728988443e+01 2.435893933636793918e+01 0.000000000000000000e+00 0.000000000000000000e+00 1.810015685663302065e-02
8.331122999170215735e+02 1.605213246078824341e+02 2.829453436724365645e+01 0.000000000000000000e+00 0.000000000000000000e+00 4.914071210044568261e-02
8.535797093387710675e+02 -2.034161198452906092e+02 2.884740897712817542e+01 0.000000000000000000e+00 0.000000000000000000e+00 -2.995756260238735535e-02
4.432732016771254848e+02 -5.108501635471035343e+02 2.452802307123945624e+01 0.000000000000000000e+00 0.000000000000000000e+00 4.239567120501064323e-02
4.584508163914435386e+02 -5.153337344289626571e+02 2.475418778416568344e+01 0.000000000000000000e+00 0.000000000000000000e+00 -7.537653016129297612e-03
4.619973430774593908e+02 -9.078200518323864117e+02 3.110026444118211941e+01 0.000000000000000000e+00 0.000000000000000000e+00 3.544353049458948135e-02
6.543453916412759099e+02 -6.678730867269019882e+02 2.956408578817773503e+01 0.000000000000000000e+00 0.000000000000000000e+00 -1.748648592348089892e-02
8.583928488082051445e+02 -5.049706880036811754e+02 3.134291820665520589e+01 0.000000000000000000e+00 0.000000000000000000e+00 7.062591273999885289e-03
8.440328740264818634e+02 -8.875140888214357346e+02 3.701482642306204696e+01 0.000000000000000000e+00 0.000000000000000000e+00 -3.364604537960502739e-02
4.646503841033754156e+02 -1.208305629948170463e+03 3.826893188911120092e+01 0.000000000000000000e+00 0.000000000000000000e+00 -7.514815529674478967e-04
4.702399386333790403e+02 -1.609559592699905807e+03 5.097155959226144262e+01 0.000000000000000000e+00 0.000000000000000000e+00 3.835614320603042415e-02
6.663296405769139028e+02 -1.376960957083613721e+03 4.602785875476102717e+01 0.000000000000000000e+00 0.000000000000000000e+00 6.904732814285097220e-02
8.587649054528794750e+02 -1.220384299395167318e+03 4.519294778815510227e+01 0.000000000000000000e+00 0.000000000000000000e+00 1.332739514096203948e-02
8.563353734381845470e+02 -1.606185659653610401e+03 5.732106843606270274e+01 0.000000000000000000e+00 0.000000000000000000e+00 4.101038739859319548e-02
4.640173089022525801e+02 -1.928993575927985376e+03 6.349924429011350213e+01 0.000000000000000000e+00 0.000000000000000000e+00 8.252153686606789051e-02
4.667339217549186969e+02 -2.317162269106031545e+03 8.190043622581181637e+01 0.000000000000000000e+00 0.000000000000000000e+00 3.397867697962908551e-02
6.579834441742445961e+02 -2.079612812622989168e+03 7.297851230244219778e+01 0.000000000000000000e+00 0.000000000000000000e+00 6.120257353300928571e-02
8.647251789230678014e+02 -1.922344442833895528e+03 6.994656784266936711e+01 0.000000000000000000e+00 0.000000000000000000e+00 4.306989496025437347e-02
8.488621207900818035e+02 -2.326993983245186882e+03 8.878771246835911768e+01 0.000000000000000000e+00 0.000000000000000000e+00 4.436717675064016930e-02
4.601289857481841068e+02 -2.638409445438311650e+03 9.959783698871027013e+01 0.000000000000000000e+00 0.000000000000000000e+00 4.016304773300305442e-02
4.511646890756076118e+02 -2.632572962709025887e+03 9.914994779143351877e+01 0.000000000000000000e+00 0.000000000000000000e+00 -3.301521371540161454e-03
4.529972384531081957e+02 -3.026745077844852858e+03 1.241806455783248140e+02 0.000000000000000000e+00 0.000000000000000000e+00 -8.668473275236010522e-03
6.185363828903194872e+02 -2.795796315427847276e+03 1.113513619018040828e+02 0.000000000000000000e+00 0.000000000000000000e+00 -2.745640424396356138e-02
8.372523453721305486e+02 -3.021439804458805611e+03 1.301824514481638744e+02 0.000000000000000000e+00 0.000000000000000000e+00 -8.918579646649504866e-02
8.364850921822534247e+02 -2.653962002521556315e+03 1.067371991471895711e+02 0.000000000000000000e+00 0.000000000000000000e+00 1.013292146708977270e-03
1.170844708182840805e+03 8.995910056185167605e+02 4.662924499750919693e+01 0.000000000000000000e+00 0.000000000000000000e+00 1.784988637553652779e-02
1.170028920610186333e+03 5.114538766916255668e+02 3.993050965954074627e+01 0.000000000000000000e+00 0.000000000000000000e+00 1.447344664249783364e-02
1.371023062831150128e+03 7.441959134309170167e+02 5.021359376088344106e+01 0.000000000000000000e+00 0.000000000000000000e+00 3.395862528566340188e-02
1.563759637067496669e+03 9.030703297018644662e+02 6.093423936372265359e+01 0.000000000000000000e+00 0.000000000000000000e+00 4.228628425069302921e-02
1.555371019439928205e+03 5.082463479434208580e+02 5.365235317542156679e+01 0.000000000000000000e+00 0.000000000000000000e+00 2.604484133428286441e-03
1.152896480920533122e+03 1.880833039171855319e+02 3.663239676064549144e+01 0.000000000000000000e+00 0.000000000000000000e+00 -2.011959688534403767e-02
1.154752519783538901e+03 -2.012466765978841465e+02 3.660621042227190003e+01 0.000000000000000000e+00 0.000000000000000000e+00 -9.121961990885552041e-03
1.354001635811153392e+03 4.891914807917925145e+01 4.272464278979911256e+01 0.000000000000000000e+00 0.000000000000000000e+00 2.538901498954970748e-02
1.551434712338823374e+03 1.877722001843062003e+02 5.064668776752846924e+01 0.000000000000000000e+00 0.000000000000000000e+00 3.315301270851023219e-02
1.534333580412725496e+03 -2.129172312643247551e+02 4.982538784065152981e+01 0.000000000000000000e+00 0.000000000000000000e+00 -7.295013699838648336e-03
1.162836794370614371e+03 -5.171136784733738523e+02 3.934549913095703744e+01 0.000000000000000000e+00 0.000000000000000000e+00 -3.307337415793654145e-02
1.152090394118222321e+03 -9.043405675717160648e+02 4.517323236883374449e+01 0.000000000000000000e+00 0.000000000000000000e+00 3.660375114146319220e-02
1.358415381402947332e+03 -6.610162811767069115e+02 4.754445284755587409e+01 0.000000000000000000e+00 0.000000000000000000e+00 -2.560056786684583585e-03
1.561593644386121014e+03 -5.051795953306120737e+02 5.316346461267846735e+01 0.000000000000000000e+00 0.000000000000000000e+00 2.384463545551085417e-02
1.556218021579520382e+03 -8.921063903013694016e+02 5.892027474114921404e+01 0.000000000000000000e+00 0.000000000000000000e+00 2.433489077017725322e-02
1.139122923312949524e+03 -1.197752844391260624e+03 5.168837405041497846e+01 0.000000000000000000e+00 0.000000000000000000e+00 3.924605511507905931e-02
1.161034181614438467e+03 -1.618325702133001414e+03 6.555151124040966693e+01 0.000000000000000000e+00 0.000000000000000000e+00 -4.895324238235332359e-02
1.363346227885537701e+03 -1.377950053693330347e+03 6.401216132856966112e+01 0.000000000000000000e+00 0.000000000000000000e+00 2.346626850889776961e-02
1.540809312207346466e+03 -1.220859913586034736e+03 6.604054341639711367e+01 0.000000000000000000e+00 0.000000000000000000e+00 2.380553835810417240e-02
1.545409432757684044e+03 -1.606908683834943531e+03 7.839968617405975237e+01 0.000000000000000000e+00 0.000000000000000000e+00 5.734635736806126260e-02
1.855561462393548481e+03 2.057413232944473975e+02 6.429785001696407676e+01 0.000000000000000000e+00 0.000000000000000000e+00 -4.186194012920907426e-02
1.857034750003326280e+03 -1.940587711773530089e+02 6.395414595848756534e+01 0.000000000000000000e+00 0.000000000000000000e+00 -6.333991549399087262e-02
2.054936744948949581e+03 4.746250995736205880e+01 7.390014351621169908e+01 0.000000000000000000e+00 0.000000000000000000e+00 -6.170442928792851944e-02
2.256770659235966377e+03 1.978345671929712637e+02 8.599062091211251868e+01 0.000000000000000000e+00 0.000000000000000000e+00 -4.710271995978132509e-02
2.239564181321716660e+03 -2.036523614134844138e+02 8.447985533261224589e+01 0.000000000000000000e+00 0.000000000000000000e+00 -8.378989096935640646e-02
1.839711308730323935e+03 -5.048480900638761568e+02 6.538141521166178904e+01 0.000000000000000000e+00 0.000000000000000000e+00 -9.384194026796421895e-02
1.839228942856451340e+03 -9.062022288336441989e+02 7.156130723108495317e+01 0.000000000000000000e+00 0.000000000000000000e+00 -3.932164524383097159e-02
2.037277102242526553e+03 -6.621917917220287109e+02 7.730015569736795555e+01 0.000000000000000000e+00 0.000000000000000000e+00 -6.525991878532977353e-03
2.241454193097603820e+03 -5.175354673511006922e+02 8.685745780206951849e+01 0.000000000000000000e+00 0.000000000000000000e+00 -4.125287200129434950e-02
2.241107401846450102e+03 -8.820488768096442982e+02 9.234155656500358589e+01 0.000000000000000000e+00 0.000000000000000000e+00 -3.846302725675343481e-02
1.852757646684135352e+03 4.953255974149117264e+02 6.683806313342890348e+01 0.000000000000000000e+00 0.000000000000000000e+00 -3.508669615436588174e-02
1.853479675596378229e+03 9.025245942755258284e+02 7.409953402061958627e+01 0.000000000000000000e+00 0.000000000000000000e+00 4.065753787642734096e-03
2.064944947275683717e+03 7.640801612480075846e+02 8.222057296385187897e+01 0.000000000000000000e+00 0.000000000000000000e+00 -2.268279379698867615e-02
2.247618736496217480e+03 8.996481325076566691e+02 9.568548067625917497e+01 0.000000000000000000e+00 0.000000000000000000e+00 -2.936913537651264505e-02
2.239544412926829409e+03 5.008558930732311865e+02 8.789771160134202432e+01 0.000000000000000000e+00 0.000000000000000000e+00 2.278606298325769330e-02
2.555038508013501996e+03 9.048332761469820298e+02 1.157360881986110996e+02 0.000000000000000000e+00 0.000000000000000000e+00 -9.101982080494508409e-03
2.575062835004079716e+03 5.257156473771370884e+02 1.098455949334688739e+02 0.000000000000000000e+00 0.000000000000000000e+00 -2.159609815481644546e-02
2.743356880976922639e+03 7.463893025339444875e+02 1.257554174882669855e+02 0.000000000000000000e+00 0.000000000000000000e+00 6.431007848803460547e-02
2.951602157238032305e+03 9.028887496329703026e+02 1.454275433407817104e+02 0.000000000000000000e+00 0.000000000000000000e+00 6.969766033421365137e-03
2.944890135779925458e+03 5.092533943384073609e+02 1.371600618250681123e+02 0.000000000000000000e+00 0.000000000000000000e+00 2.395766988951208987e-02
2.944612674733865788e+03 5.093513208344670034e+02 1.371393324896883996e+02 0.000000000000000000e+00 0.000000000000000000e+00 3.261248675823935628e-02
2.562116398627226772e+03 1.914888936769276029e+02 1.054965093685489421e+02 0.000000000000000000e+00 0.000000000000000000e+00 3.487672174698275285e-02
2.552790053132300272e+03 -1.909195495228658785e+02 1.042330648655409107e+02 0.000000000000000000e+00 0.000000000000000000e+00 -5.384153712105899103e-02
2.755892264812134727e+03 4.693523877352824059e+01 1.185850003731083007e+02 0.000000000000000000e+00 0.000000000000000000e+00 -1.525679144380376329e-02
2.944795922521394914e+03 1.877886709710679725e+02 1.337236825974077874e+02 0.000000000000000000e+00 0.000000000000000000e+00 1.335904148788813472e-02
2.944333719544693395e+03 1.879205673140984914e+02 1.336878788994903005e+02 0.000000000000000000e+00 0.000000000000000000e+00 2.681670787325174388e-03
2.939648181368934729e+03 -1.775682645501582897e+02 1.324987033676991643e+02 0.000000000000000000e+00 0.000000000000000000e+00 -2.536112611986141019e-02
2.555539599238731171e+03 -5.163822079584665516e+02 1.066265442072564156e+02 0.000000000000000000e+00 0.000000000000000000e+00 -4.015366351595162087e-03
2.521016439183538296e+03 -8.938506974733857078e+02 1.099989771418260460e+02 0.000000000000000000e+00 0.000000000000000000e+00 -5.686649292073298056e-02
2.734938873328585942e+03 -6.577784015543385294e+02 1.208898888044726050e+02 0.000000000000000000e+00 0.000000000000000000e+00 9.667790939147380413e-03
2.940387824929357066e+03 -5.130962639788593833e+02 1.346428861193417106e+02 0.000000000000000000e+00 0.000000000000000000e+00 -1.301216960820283930e-02
2.923384867882471099e+03 -9.119562270189346691e+02 1.392829693621516753e+02 0.000000000000000000e+00 0.000000000000000000e+00 -7.531128383408258742e-02
2.556406528758376680e+03 -1.234480696649076663e+03 1.203237762982143977e+02 0.000000000000000000e+00 0.000000000000000000e+00 -2.030963802555163511e-02
2.521379577076321766e+03 -1.597188845486918126e+03 1.294309012105802026e+02 0.000000000000000000e+00 0.000000000000000000e+00 -3.792266317947223797e-02
2.520461777190116663e+03 -1.595830569877857442e+03 1.293217567617006694e+02 0.000000000000000000e+00 0.000000000000000000e+00 -3.668183379073752803e-02
2.719578457049088229e+03 -1.354486462386496441e+03 1.350884187436799095e+02 0.000000000000000000e+00 0.000000000000000000e+00 -6.940536715839584758e-02
2.940934756568616649e+03 -1.209157558364287297e+03 1.475377040745860313e+02 0.000000000000000000e+00 0.000000000000000000e+00 -3.159148849533721659e-03
2.933477102065618510e+03 -1.580863759931362210e+03 1.584960167829873967e+02 0.000000000000000000e+00 0.000000000000000000e+00 -2.235375084558199887e-02
1.153625916414238418e+03 -3.021658974937976382e+03 1.383105526082912604e+02 0.000000000000000000e+00 0.000000000000000000e+00 3.484374731820594207e-02
1.145475746684279784e+03 -2.622690650009452384e+03 1.127177932998844483e+02 0.000000000000000000e+00 0.000000000000000000e+00 4.246869470738090513e-02
1.352807349591513685e+03 -2.794836946201736282e+03 1.298627267205728799e+02 0.000000000000000000e+00 0.000000000000000000e+00 -1.353068831133441563e-02
1.536492380032714209e+03 -3.035645390953787683e+03 1.526099805947345089e+02 0.000000000000000000e+00 0.000000000000000000e+00 -3.369803007052496469e-02
1.552885066923932072e+03 -2.646717549507094645e+03 1.282766071009975235e+02 0.000000000000000000e+00 0.000000000000000000e+00 2.378648487990631111e-03
1.157693699963242580e+03 -2.319785792165469502e+03 9.630398124572221263e+01 0.000000000000000000e+00 0.000000000000000000e+00 -1.940935779826702401e-02
1.149457849263197659e+03 -1.910099482549682989e+03 7.670079205954542090e+01 0.000000000000000000e+00 0.000000000000000000e+00 9.269963777498446689e-03
1.346551726611281765e+03 -2.073605039861953173e+03 9.024395416344940202e+01 0.000000000000000000e+00 0.000000000000000000e+00 3.904361555267144013e-02
1.538890509211466451e+03 -2.320337802681617177e+03 1.094913944849578797e+02 0.000000000000000000e+00 0.000000000000000000e+00 -1.412825417025942443e-02
1.532118104778973020e+03 -1.932268387105515103e+03 9.074162509961846013e+01 0.000000000000000000e+00 0.000000000000000000e+00 -1.570802719436414918e-02
1.841658298191431641e+03 -1.919723745732047519e+03 1.036103350812369115e+02 0.000000000000000000e+00 0.000000000000000000e+00 5.653166726273184395e-02
1.846214366744808103e+03 -2.322221410379581812e+03 1.229958974282707374e+02 0.000000000000000000e+00 0.000000000000000000e+00 2.170969094846952885e-02
2.026036111218533961e+03 -2.076507301307176476e+03 1.198514704231603645e+02 0.000000000000000000e+00 0.000000000000000000e+00 5.032440173978613984e-02
2.245360534491038379e+03 -2.322774040581283771e+03 1.442489127589900306e+02 0.000000000000000000e+00 0.000000000000000000e+00 -6.906614977444291981e-02
2.231247638332352835e+03 -1.920282451162979896e+03 1.241766956359228971e+02 0.000000000000000000e+00 0.000000000000000000e+00 -2.380587829658509236e-02
1.843851949699180068e+03 -1.621289231153743003e+03 9.189352826675515473e+01 0.000000000000000000e+00 0.000000000000000000e+00 4.819797333486519619e-02
1.850883497865620029e+03 -1.224533780025733449e+03 7.963951518057461954e+01 0.000000000000000000e+00 0.000000000000000000e+00 3.065331869140663912e-02
2.038559712217486776e+03 -1.383403203380408740e+03 9.366848686954250525e+01 0.000000000000000000e+00 0.000000000000000000e+00 8.301397083062056481e-02
2.233396075636419482e+03 -1.633653588980618224e+03 1.128822523702139904e+02 0.000000000000000000e+00 0.000000000000000000e+00 1.505781057393562605e-02
