# x y z x_res y_res z_res
-1.934805736984209034e+03 1.947343056737171764e+03 1.162592539045554929e+02 0.000000000000000000e+00 0.000000000000000000e+00 2.810922915817570811e-02
-2.103610546676324248e+03 2.142863660933461233e+03 1.361074685013548162e+02 0.000000000000000000e+00 0.000000000000000000e+00 -4.503108291115154316e-02
-2.286494524976803859e+03 1.966167973459858104e+03 1.377741977743013138e+02 0.000000000000000000e+00 0.000000000000000000e+00 -2.755267155171736704e-02
-1.930583732098559040e+03 2.319414275177575746e+03 1.366724761159593413e+02 0.000000000000000000e+00 0.000000000000000000e+00 -5.740918272994122162e-02
-1.933364540401630620e+03 1.943679025840681561e+03 1.159981661558636716e+02 0.000000000000000000e+00 0.000000000000000000e+00 2.071951160237972545e-02
-2.128190242297830991e+03 2.172697540764700989e+03 1.392431824209014053e+02 0.000000000000000000e+00 0.000000000000000000e+00 -8.548924002803914846e-02
-2.310289068882359970e+03 1.951376400574292802e+03 1.385346388154570150e+02 0.000000000000000000e+00 0.000000000000000000e+00 -3.985746702238657235e-02
-2.292156268812777398e+03 1.651484415938832171e+03 1.232710119710011725e+02 0.000000000000000000e+00 0.000000000000000000e+00 2.807307189601715436e-02
-1.937532802733777999e+03 1.631885567239479087e+03 1.018821382032861322e+02 0.000000000000000000e+00 0.000000000000000000e+00 -2.775273371571529424e-02
-1.930456392868592957e+03 1.246318449911954531e+03 8.736132795880732260e+01 0.000000000000000000e+00 0.000000000000000000e+00 1.663714704110930143e-02
-2.100483311054798833e+03 1.442234673864219303e+03 1.033790803837679846e+02 0.000000000000000000e+00 0.000000000000000000e+00 2.657013454663115226e-02
-2.297112431860456127e+03 1.598263645718389171e+03 1.213346948536610626e+02 0.000000000000000000e+00 0.000000000000000000e+00 3.694628125583676592e-02
-2.314627874300132589e+03 1.248956602304010175e+03 1.095356969182574858e+02 0.000000000000000000e+00 0.000000000000000000e+00 -6.152595036283514673e-03
-2.581396956207615858e+03 1.605171016410030688e+03 1.407362467774613890e+02 0.000000000000000000e+00 0.000000000000000000e+00 2.251894678036592268e-02
-2.589772969945398927e+03 1.230245758742912585e+03 1.273323919075041601e+02 0.000000000000000000e+00 0.000000000000000000e+00 1.409377748699114363e-02
-2.796575091770951985e+03 1.444433533042712270e+03 1.502437370493457252e+02 0.000000000000000000e+00 0.000000000000000000e+00 4.550309428066157125e-02
-2.991878039952077415e+03 1.594056522503633232e+03 1.720496644028828541e+02 0.000000000000000000e+00 0.000000000000000000e+00 2.149433041148540724e-02
-2.999142022951610670e+03 1.254032087728710621e+03 1.595916788633745114e+02 0.000000000000000000e+00 0.000000000000000000e+00 -6.816495306225078821e-03
-1.929711151121726971e+03 9.072012302673348358e+02 7.805766184436856747e+01 0.000000000000000000e+00 0.000000000000000000e+00 1.105926954551250674e-02
-1.928614944191770974e+03 5.286943800996688196e+02 7.107028931341105249e+01 0.000000000000000000e+00 0.000000000000000000e+00 5.682154064061251120e-03
-1.928558832392672457e+03 5.289741292174074943e+02 7.107124333006548511e+01 0.000000000000000000e+00 0.000000000000000000e+00 3.610474131036767176e-03
-2.106404208716304765e+03 7.282147690085214435e+02 8.383993171484371487e+01 0.000000000000000000e+00 0.000000000000000000e+00 -3.945445679147496776e-02
-2.299229038454941474e+03 8.902923012498233675e+02 9.862533949286955703e+01 0.000000000000000000e+00 0.000000000000000000e+00 -1.138356176321053681e-02
-2.308817199751186763e+03 5.302804002134397479e+02 9.250283627942570774e+01 0.000000000000000000e+00 0.000000000000000000e+00 4.077094016298588031e-02
-2.580171533690205251e+03 8.868443500298818662e+02 1.170574423133170967e+02 0.000000000000000000e+00 0.000000000000000000e+00 -9.203979433877407246e-03
-2.966863772988350320e+03 9.043291430509913198e+02 1.466999114558755650e+02 0.000000000000000000e+00 0.000000000000000000e+00 6.137641084706046968e-02
-2.771171118387092974e+03 7.396801538279371471e+02 1.277002617952761057e+02 0.000000000000000000e+00 0.000000000000000000e+00 -1.065824337044318781e-02
-2.618572725902660750e+03 5.343950012944958416e+02 1.130095009823498486e+02 0.000000000000000000e+00 0.000000000000000000e+00 -2.240821736958764632e-02
-2.967284840313387122e+03 5.249241179158250361e+02 1.391899744515216639e+02 0.000000000000000000e+00 0.000000000000000000e+00 5.506748787018977964e-02
-1.934664948039500587e+03 1.992229893447769200e+02 6.819689345648525602e+01 0.000000000000000000e+00 0.000000000000000000e+00 -2.475330998747438116e-02
-1.931711610834304338e+03 -1.754039595840323500e+02 6.757799923883030146e+01 0.000000000000000000e+00 0.000000000000000000e+00 -9.900841095159762517e-03
-2.102348777703688029e+03 1.650992582977999490e+01 7.643156499569730045e+01 0.000000000000000000e+00 0.000000000000000000e+00 -1.458928399371473006e-02
-2.297263067405850961e+03 1.752593599066761385e+02 8.830091433019552483e+01 0.000000000000000000e+00 0.000000000000000000e+00 6.320001219867776854e-02
-2.279987547611323407e+03 -1.725310454802408913e+02 8.678241781855120962e+01 0.000000000000000000e+00 0.000000000000000000e+00 -1.001559152592790269e-02
-2.595544637081669862e+03 1.680440349812384966e+02 1.076552534791908329e+02 0.000000000000000000e+00 0.000000000000000000e+00 -3.620569744384738442e-02
-2.601808967649097667e+03 -1.804895533643152703e+02 1.075524156367044668e+02 0.000000000000000000e+00 0.000000000000000000e+00 -3.942028825761667576e-03
-2.798105972286523865e+03 1.647705677283429182e+01 1.216395361962823927e+02 0.000000000000000000e+00 0.000000000000000000e+00 6.314341498850239986e-03
-2.999848652194631541e+03 1.757249670569282216e+02 1.380584207385547302e+02 0.000000000000000000e+00 0.000000000000000000e+00 5.983461663231537386e-02
-2.985508305251388720e+03 -1.805040268342992249e+02 1.361477003879914491e+02 0.000000000000000000e+00 0.000000000000000000e+00 1.535315170929152373e-02
-1.933903123280191949e+03 -5.164569094241333005e+02 7.011775505008623099e+01 0.000000000000000000e+00 0.000000000000000000e+00 -8.941648423032688697e-03
-1.934051448237617251e+03 -5.165414493628708215e+02 7.012613725863431569e+01 0.000000000000000000e+00 0.000000000000000000e+00 -6.531614538104690837e-03
-1.919056857249712039e+03 -8.795808154908798997e+02 7.491021790954056314e+01 0.000000000000000000e+00 0.000000000000000000e+00 -2.903190150917112078e-03
-2.107549538830698566e+03 -6.988237079104380882e+02 8.162589555473009284e+01 0.000000000000000000e+00 0.000000000000000000e+00 -1.474612494523341866e-02
-2.299399785917290501e+03 -5.373183036864388669e+02 9.051902238165983761e+01 0.000000000000000000e+00 0.000000000000000000e+00 2.250269176808217253e-02
-2.299602918264040454e+03 -5.372361950361502068e+02 9.053032351334115901e+01 0.000000000000000000e+00 0.000000000000000000e+00 2.663935094109604051e-02
-2.297803864741087637e+03 -8.860849550116529372e+02 9.577405050372180995e+01 0.000000000000000000e+00 0.000000000000000000e+00 -1.689279031683099674e-02
-2.583369509192544228e+03 -5.206772096049039646e+02 1.085586262175216916e+02 0.000000000000000000e+00 0.000000000000000000e+00 6.343307224668137678e-03
-2.583692963343639349e+03 -5.208157683128864619e+02 1.085821606249868978e+02 0.000000000000000000e+00 0.000000000000000000e+00 1.388527864691013747e-03
-2.597149974944340556e+03 -8.895925181676290094e+02 1.150365033539964656e+02 0.000000000000000000e+00 0.000000000000000000e+00 2.104373507934553800e-02
-2.794527699621558895e+03 -6.973276982608546177e+02 1.258174066112891296e+02 0.000000000000000000e+00 0.000000000000000000e+00 -8.478228356722183889e-03
-2.794579208283254047e+03 -6.973637535157587308e+02 1.258217521648643640e+02 0.000000000000000000e+00 0.000000000000000000e+00 -6.811781963008911589e-03
-2.997485732859533073e+03 -5.345851337205209575e+02 1.393937918570386216e+02 0.000000000000000000e+00 0.000000000000000000e+00 1.200457293859358288e-02
-2.995697924109131691e+03 -8.877469129165464210e+02 1.445083000773102242e+02 0.000000000000000000e+00 0.000000000000000000e+00 -1.764304678275152583e-02
-2.995731529159078946e+03 -8.877203764329628939e+02 1.445104759947759021e+02 0.000000000000000000e+00 0.000000000000000000e+00 -1.105787589540341287e-02
-1.916667792491851287e+03 -1.200706339028619141e+03 8.219101642008942576e+01 0.000000000000000000e+00 0.000000000000000000e+00 -5.304768192894471213e-02
-1.912878243531225735e+03 -1.597527799900369246e+03 9.437879971452930761e+01 0.000000000000000000e+00 0.000000000000000000e+00 -3.063385370401761065e-02
-1.912903246762316257e+03 -1.597517235038681974e+03 9.437965558433387514e+01 0.000000000000000000e+00 0.000000000000000000e+00 -4.225992068171535720e-03
-2.104787657698147541e+03 -1.402853275441111691e+03 9.782258105856271868e+01 0.000000000000000000e+00 0.000000000000000000e+00 -2.478639621944012106e-02
-2.302562213098065968e+03 -1.248586239173017475e+03 1.045926387163536049e+02 0.000000000000000000e+00 0.000000000000000000e+00 -1.973003876072709772e-02
-2.279558784847256902e+03 -1.604691200492970211e+03 1.145422738277711687e+02 0.000000000000000000e+00 0.000000000000000000e+00 -5.527993776659911873e-02
-2.584693979681812834e+03 -1.223987768422576210e+03 1.219466118949167850e+02 0.000000000000000000e+00 0.000000000000000000e+00 -2.386664864668830432e-02
-2.584834002578207219e+03 -1.224021102461969804e+03 1.219570173986458315e+02 0.000000000000000000e+00 0.000000000000000000e+00 -1.598597127596690370e-02
-2.593448105214217321e+03 -1.599967994163330559e+03 1.343649333645971637e+02 0.000000000000000000e+00 0.000000000000000000e+00 -1.137318612808257967e-02
-2.783193939238857183e+03 -1.366464668175204679e+03 1.400689631649202909e+02 0.000000000000000000e+00 0.000000000000000000e+00 1.012457303042424428e-02
-2.783668616517080409e+03 -1.366434742798575144e+03 1.401029513203813792e+02 0.000000000000000000e+00 0.000000000000000000e+00 5.183924144517959576e-03
-2.972024381677093515e+03 -1.219199569399425172e+03 1.502488555844313964e+02 0.000000000000000000e+00 0.000000000000000000e+00 -4.643675757847631758e-03
-2.973411986217996855e+03 -1.605059064293129950e+03 1.624936997194692196e+02 0.000000000000000000e+00 0.000000000000000000e+00 1.845530129202188618e-03
-2.973361277317896565e+03 -1.605005929675556217e+03 1.624877780361276507e+02 0.000000000000000000e+00 0.000000000000000000e+00 9.029125814862482002e-03
-1.917879726740703063e+03 -1.917709675557064429e+03 1.072185269732340629e+02 0.000000000000000000e+00 0.000000000000000000e+00 -6.021421111799440951e-02
-1.924613453732011067e+03 -2.307411392386787156e+03 1.260495738756252848e+02 0.000000000000000000e+00 0.000000000000000000e+00 1.615010828501795004e-02
-1.924871998698198240e+03 -2.307658562838977105e+03 1.260753096483357183e+02 0.000000000000000000e+00 0.000000000000000000e+00 -9.411936197267323223e-03
-2.128296955288367371e+03 -2.083191998460722971e+03 1.256748371655564540e+02 0.000000000000000000e+00 0.000000000000000000e+00 -9.820456090707807562e-03
-2.273981813399843304e+03 -1.947503655813599607e+03 1.278663388537551526e+02 0.000000000000000000e+00 0.000000000000000000e+00 -7.009999474492190075e-02
-2.276810157255786635e+03 -2.306376442865200261e+03 1.452488588923193902e+02 0.000000000000000000e+00 0.000000000000000000e+00 -5.611333913100224891e-02
-2.277018390530794932e+03 -2.306416417118049139e+03 1.452633390124300945e+02 0.000000000000000000e+00 0.000000000000000000e+00 -2.004449564827837094e-02
-1.596659402177922857e+03 2.991884019578827520e+03 1.671825254703262544e+02 0.000000000000000000e+00 0.000000000000000000e+00 -2.327331189627557251e-02
-1.592500922811304690e+03 2.675843950490634143e+03 1.432987088193859790e+02 0.000000000000000000e+00 0.000000000000000000e+00 -9.572943664352351334e-03
-1.370520612092874217e+03 2.866905715932580733e+03 1.479466148291647585e+02 0.000000000000000000e+00 0.000000000000000000e+00 -3.464650071194341763e-02
-1.240846939944674432e+03 2.649135388655357474e+03 1.274363209438924116e+02 0.000000000000000000e+00 0.000000000000000000e+00 7.146922639515196352e-02
-1.235915024851286489e+03 3.022297061464199487e+03 1.550572154152147561e+02 0.000000000000000000e+00 0.000000000000000000e+00 2.255741516117382162e-02
-1.222286309177453631e+03 2.346799829918147225e+03 1.072532554041262927e+02 0.000000000000000000e+00 0.000000000000000000e+00 -7.280147199281827852e-03
-1.207227897521663635e+03 1.969618317532460651e+03 8.598165773555814440e+01 0.000000000000000000e+00 0.000000000000000000e+00 1.344485673382678215e-02
-1.394525614138764695e+03 2.145766662207152876e+03 1.018972812752720074e+02 0.000000000000000000e+00 0.000000000000000000e+00 9.716110808952294065e-03
-1.594069697005215176e+03 2.311177527380118590e+03 1.196441656002731548e+02 0.000000000000000000e+00 0.000000000000000000e+00 2.835417718623034489e-02
-1.596830101170026637e+03 1.963596972657157266e+03 1.006471613386414958e+02 0.000000000000000000e+00 0.000000000000000000e+00 -1.348823881031080418e-02
-9.206514958523263203e+02 1.936787226819416446e+03 7.604560002379045613e+01 0.000000000000000000e+00 0.000000000000000000e+00 -4.203818865396158344e-02
-9.201595846346726830e+02 2.322861720865836560e+03 9.686841303920466828e+01 0.000000000000000000e+00 0.000000000000000000e+00 -2.933679127384891672e-02
-7.284341927972875510e+02 2.170712744575354009e+03 8.382883057407246952e+01 0.000000000000000000e+00 0.000000000000000000e+00 -9.116185700293044647e-04
-5.305875303388859265e+02 1.950409649447665515e+03 6.900959769117868348e+01 0.000000000000000000e+00 0.000000000000000000e+00 2.153255253631414234e-03
-5.363952787409550638e+02 2.316123036266145391e+03 8.876343268398179021e+01 0.000000000000000000e+00 0.000000000000000000e+00 -4.104989895404287381e-02
-5.235602004014497197e+02 3.013896733851274348e+03 1.366129866598487865e+02 0.000000000000000000e+00 0.000000000000000000e+00 4.692951045439031077e-02
-5.353855615005870732e+02 2.654320656386003066e+03 1.102734443342949646e+02 0.000000000000000000e+00 0.000000000000000000e+00 -2.327240074296810235e-02
-7.356017394198593138e+02 2.880766495570570896e+03 1.301108720239392085e+02 0.000000000000000000e+00 0.000000000000000000e+00 1.000663911580090826e-02
-9.020248347739560586e+02 3.011057102683701032e+03 1.440272778489575671e+02 0.000000000000000000e+00 0.000000000000000000e+00 7.256625084835377493e-03
-9.057188404155893977e+02 2.661711285199027770e+03 1.182336372087144696e+02 0.000000000000000000e+00 0.000000000000000000e+00 1.237351169480405133e-02
-8.985741286125346505e+02 1.647234307431880552e+03 6.254054488078532614e+01 0.000000000000000000e+00 0.000000000000000000e+00 -2.166028526672647558e-02
-9.036842821252547537e+02 1.245763760507167717e+03 4.835234521202983160e+01 0.000000000000000000e+00 0.000000000000000000e+00 -3.262201014405974320e-02
-7.087352908263429754e+02 1.438087755010601086e+03 5.048128722883010511e+01 0.000000000000000000e+00 0.000000000000000000e+00 -3.475571232897323171e-03
-5.233052549724905020e+02 1.262186401203306104e+03 4.163938050085516807e+01 0.000000000000000000e+00 0.000000000000000000e+00 -3.798491634136524908e-02
-5.236630070096088048e+02 1.262552217569031200e+03 4.165557126859439308e+01 0.000000000000000000e+00 0.000000000000000000e+00 -4.886256710699399264e-02
-5.342580512117815488e+02 1.603598203966705341e+03 5.376395261813648574e+01 0.000000000000000000e+00 0.000000000000000000e+00 -3.366927200897151806e-02
-1.566066421219606127e+03 1.620257675141859181e+03 8.368571353899201881e+01 0.000000000000000000e+00 0.000000000000000000e+00 1.427523477221370740e-02
-1.564552044897521455e+03 1.225941732592056496e+03 6.952977113520529429e+01 0.000000000000000000e+00 0.000000000000000000e+00 -1.076270650756327996e-03
-1.370935221146181448e+03 1.451412710279837938e+03 6.943036569470919517e+01 0.000000000000000000e+00 0.000000000000000000e+00 -2.083485205602642054e-03
-1.219160026867518809e+03 1.249945172027702483e+03 5.740654088916074471e+01 0.000000000000000000e+00 0.000000000000000000e+00 -4.281917053290840158e-02
-1.190399884581096558e+03 1.596836670623737291e+03 6.872802018261636192e+01 0.000000000000000000e+00 0.000000000000000000e+00 -5.817544633785587394e-03
1.694254943448759718e+02 3.020446112927578724e+03 1.336611628387904602e+02 0.000000000000000000e+00 0.000000000000000000e+00 -2.483722400268106867e-02
1.627117262302576819e+02 2.658647176954983934e+03 1.069431715965786225e+02 0.000000000000000000e+00 0.000000000000000000e+00 -1.600843710691890465e-02
-3.585627137325879232e+01 2.863076143077371398e+03 1.211949632015741827e+02 0.000000000000000000e+00 0.000000000000000000e+00 8.915136192641170965e-03
-2.198344131607026952e+02 3.010113570100230845e+03 1.331225763759083520e+02 0.000000000000000000e+00 0.000000000000000000e+00 3.925995248386016101e-02
-2.268306340367929579e+02 2.638294459953437126e+03 1.059033221197653774e+02 0.000000000000000000e+00 0.000000000000000000e+00 -6.134865260065680559e-04
-2.331899721288139631e+02 2.336651299405478312e+03 8.676379618181212550e+01 0.000000000000000000e+00 0.000000000000000000e+00 -3.862227614439461831e-02
-1.922826133198248044e+02 1.962247719042991321e+03 6.626627917018060998e+01 0.000000000000000000e+00 0.000000000000000000e+00 2.801767252833542443e-04
-4.110208265927805193e+00 2.149830301324456741e+03 7.542705952239998624e+01 0.000000000000000000e+00 0.000000000000000000e+00 1.086355011460682363e-02
1.612672935298801917e+02 2.318302621424291829e+03 8.528996348318888465e+01 0.000000000000000000e+00 0.000000000000000000e+00 7.556129293249114198e-03
1.667123576974652224e+02 1.936578270293653986e+03 6.489365875309823650e+01 0.000000000000000000e+00 0.000000000000000000e+00 -2.771226501741352877e-02
-1.692166655827090835e+02 1.613377315856603218e+03 5.070443350705227203e+01 0.000000000000000000e+00 0.000000000000000000e+00 -1.581249797844463956e-03
-1.989990513358904423e+02 1.248765100592561339e+03 3.812288155867082651e+01 0.000000000000000000e+00 0.000000000000000000e+00 -7.007139812176177429e-02
1.766788935237703839e+01 1.448388997541582739e+03 4.414137584936632663e+01 0.000000000000000000e+00 0.000000000000000000e+00 -1.874068015816021671e-03
1.490854325404613405e+02 1.218077230648453906e+03 3.697738535631301460e+01 0.000000000000000000e+00 0.000000000000000000e+00 -2.424668462693091442e-02
1.709860857846306317e+02 1.591213223071321408e+03 4.984021543639902063e+01 0.000000000000000000e+00 0.000000000000000000e+00 4.373529953012678106e-02
4.629777470431891402e+02 1.247656768017451213e+03 4.040703068738929460e+01 0.000000000000000000e+00 0.000000000000000000e+00 -2.088610923384948137e-02
4.752986795830519782e+02 1.588511948970505273e+03 5.237225030603080711e+01 0.000000000000000000e+00 0.000000000000000000e+00 -1.781778544182088808e-02
6.620493864581557091e+02 1.457021752989220658e+03 5.029806329307261592e+01 0.000000000000000000e+00 0.000000000000000000e+00 1.291827518552679521e-02
8.510021439844621227e+02 1.231939022408034589e+03 4.670439198770071698e+01 0.000000000000000000e+00 0.000000000000000000e+00 -4.069499655872732546e-02
8.661999734051835276e+02 1.608449900407724272e+03 6.020546764521672856e+01 0.000000000000000000e+00 0.000000000000000000e+00 1.357736572197865144e-02
5.191200770861870524e+02 1.926923382648713641e+03 6.770832167616543984e+01 0.000000000000000000e+00 0.000000000000000000e+00 1.190682823084898700e-02
4.631092317787792467e+02 2.323024435339318643e+03 8.816160390347309317e+01 0.000000000000000000e+00 0.000000000000000000e+00 9.621283981047668021e-03
6.468362390030473534e+02 2.156771180601830565e+03 8.152835496631162471e+01 0.000000000000000000e+00 0.000000000000000000e+00 6.030472884120285926e-03
8.502621700329453915e+02 1.931825321871197730e+03 7.410798129122692046e+01 0.000000000000000000e+00 0.000000000000000000e+00 2.589133057838921559e-03
8.428096842647377116e+02 2.304584764110782089e+03 9.390795257717137190e+01 0.000000000000000000e+00 0.000000000000000000e+00 -3.492771520993187551e-02
4.850096168966083496e+02 2.661513663578527485e+03 1.100498251569590593e+02 0.000000000000000000e+00 0.000000000000000000e+00 1.717325578493955618e-02
4.686048758745207010e+02 3.019351833142696250e+03 1.362734031262349959e+02 0.000000000000000000e+00 0.000000000000000000e+00 2.978359066673874622e-03
6.538923882418307585e+02 2.850610931374128995e+03 1.262584031455301954e+02 0.000000000000000000e+00 0.000000000000000000e+00 4.514223628540037225e-02
8.473383051081281110e+02 2.638962851522381698e+03 1.152424497539196437e+02 0.000000000000000000e+00 0.000000000000000000e+00 -2.241049007011497451e-02
8.526841736221821293e+02 3.020552804501270657e+03 1.435540243742920268e+02 0.000000000000000000e+00 0.000000000000000000e+00 6.899283803207367782e-02
1.150253252473624798e+03 3.029742278716397777e+03 1.527472193912801117e+02 0.000000000000000000e+00 0.000000000000000000e+00 -3.771988156370298384e-02
1.175201726304938802e+03 2.654147367645407940e+03 1.255598111989927332e+02 0.000000000000000000e+00 0.000000000000000000e+00 -1.413816233942100098e-02
1.379636280728334896e+03 2.852999981604573350e+03 1.472531957462355763e+02 0.000000000000000000e+00 0.000000000000000000e+00 4.663992086648249824e-03
1.556900515313819142e+03 3.002922242468772765e+03 1.662751236006234024e+02 0.000000000000000000e+00 0.000000000000000000e+00 2.371010693676112169e-02
1.557688821446498423e+03 2.649317651670315172e+03 1.399004866289500342e+02 0.000000000000000000e+00 0.000000000000000000e+00 -6.716256647166574112e-03
1.169557310504895668e+03 2.334870364097871061e+03 1.047892289836120341e+02 0.000000000000000000e+00 0.000000000000000000e+00 3.079454395189884508e-02
1.168035252693937082e+03 1.949943425253888790e+03 8.373485376584953599e+01 0.000000000000000000e+00 0.000000000000000000e+00 -2.614926473225409609e-02
1.356679116478000651e+03 2.156476046565916022e+03 1.010518294172290865e+02 0.000000000000000000e+00 0.000000000000000000e+00 -4.384474552040273920e-03
1.561303735662324925e+03 2.317086764002716791e+03 1.185612165901319770e+02 0.000000000000000000e+00 0.000000000000000000e+00 1.902391545070258871e-02
1.544387364267224712e+03 1.939275660491638519e+03 9.717486166034943551e+01 0.000000000000000000e+00 0.000000000000000000e+00 1.996249677169714687e-02
1.165967865403372571e+03 1.621421066869538208e+03 6.893786299331361533e+01 0.000000000000000000e+00 0.000000000000000000e+00 8.546353127002248584e-03
1.161030443477194012e+03 1.223006136322813063e+03 5.473977192151658500e+01 0.000000000000000000e+00 0.000000000000000000e+00 -1.087644974717250079e-03
1.378299885904042412e+03 1.462991809719349249e+03 7.012413999731553815e+01 0.000000000000000000e+00 0.000000000000000000e+00 7.797526106898544640e-03
1.535380811776978817e+03 1.624434253236486256e+03 8.256555957028018611e+01 0.000000000000000000e+00 0.000000000000000000e+00 -4.035183104363682105e-03
1.533539821481008630e+03 1.235374317967816296e+03 6.853202621960035401e+01 0.000000000000000000e+00 0.000000000000000000e+00 -3.119766619936115148e-02
1.865425303041470897e+03 1.227212510257585336e+03 8.343438119745503911e+01 0.000000000000000000e+00 0.000000000000000000e+00 -9.232005147325139660e-03
1.880609154832446620e+03 1.611356044495251581e+03 9.806541197470548354e+01 0.000000000000000000e+00 0.000000000000000000e+00 -5.776155016488360161e-02
2.042385700107261300e+03 1.472917243971718108e+03 1.012497369690495930e+02 0.000000000000000000e+00 0.000000000000000000e+00 3.182076096386765585e-02
2.239061855584934619e+03 1.227843388389886059e+03 1.041855827480819983e+02 0.000000000000000000e+00 0.000000000000000000e+00 5.829146374644267325e-02
2.263905623964526512e+03 1.612620811635890732e+03 1.198534277830020329e+02 0.000000000000000000e+00 0.000000000000000000e+00 -2.138585966108053071e-03
1.868459940092779334e+03 1.932835643189913981e+03 1.120544467491223770e+02 0.000000000000000000e+00 0.000000000000000000e+00 7.220204695856580202e-02
1.840617255729854378e+03 2.325304326981905433e+03 1.322911693708636847e+02 0.000000000000000000e+00 0.000000000000000000e+00 1.274956194535548093e-02
2.061750058174789046e+03 2.168769766499447087e+03 1.351387423955177667e+02 0.000000000000000000e+00 0.000000000000000000e+00 8.908678290575267056e-02
2.255532876152748941e+03 1.942385140622297740e+03 1.346044940802823930e+02 0.000000000000000000e+00 0.000000000000000000e+00 2.838398226208482811e-02
2.242110891278024155e+03 2.309025178859358221e+03 1.542546412219861907e+02 0.000000000000000000e+00 0.000000000000000000e+00 3.632042258303158633e-02
2.550769320177168083e+03 1.628018040620296460e+03 1.395363433421890136e+02 0.000000000000000000e+00 0.000000000000000000e+00 5.326849391542509693e-02
2.561588258148433852e+03 1.239717295679756944e+03 1.256548536989662637e+02 0.000000000000000000e+00 0.000000000000000000e+00 -7.617126013691688513e-02
2.750906594724960996e+03 1.456655822366000621e+03 1.472127026242669388e+02 0.000000000000000000e+00 0.000000000000000000e+00 7.774823930643037784e-02
2.922814374743961253e+03 1.619131396009481477e+03 1.674325598889029152e+02 0.000000000000000000e+00 0.000000000000000000e+00 7.206594191961812612e-02
2.919455047435777033e+03 1.223786670947143875e+03 1.520668795320213462e+02 0.000000000000000000e+00 0.000000000000000000e+00 8.623110208134221466e-03
-1.640759597801767086e+03 8.944961883198449186e+02 6.402011782472959567e+01 0.000000000000000000e+00 0.000000000000000000e+00 4.823752005347614613e-02
-1.634825614719675059e+03 4.940277315801284317e+02 5.680534776768338645e+01 0.000000000000000000e+00 0.000000000000000000e+00 5.360716598517001330e-04
-1.635064656696994234e+03 4.938070659329035266e+02 5.681287695280364147e+01 0.000000000000000000e+00 0.000000000000000000e+00 -3.846864737873545437e-03
-1.434791024256963510e+03 7.312354217063843862e+02 5.233729102269789735e+01 0.000000000000000000e+00 0.000000000000000000e+00 2.888961813592061389e-02
-1.246593452376005189e+03 8.842036490439280669e+02 4.871241218105597426e+01 0.000000000000000000e+00 0.000000000000000000e+00 3.709372419123724285e-03
-1.247892758982346095e+03 4.993614040576332513e+02 4.224242628157093549e+01 0.000000000000000000e+00 0.000000000000000000e+00 -1.878439178985757962e-02
-1.628786816874124497e+03 1.936816357717409005e+02 5.388781781821766259e+01 0.000000000000000000e+00 0.000000000000000000e+00 8.854894082048758719e-03
-1.631904344395994030e+03 -2.086159082505280935e+02 5.380741513978429680e+01 0.000000000000000000e+00 0.000000000000000000e+00 -2.587422212268108979e-02
-1.442423511879184389e+03 2.722234919760734329e+01 4.590109527904701281e+01 0.000000000000000000e+00 0.000000000000000000e+00 1.692349721809449647e-02
-1.244942638131295780e+03 1.842149347946064495e+02 3.947751355025609143e+01 0.000000000000000000e+00 0.000000000000000000e+00 6.056443596948213326e-02
-1.255224151742355616e+03 -2.106326633175077063e+02 3.976439985114768660e+01 0.000000000000000000e+00 0.000000000000000000e+00 7.269947913044916277e-03
-1.636216578155517027e+03 -5.246438495277046741e+02 5.645854282270506985e+01 0.000000000000000000e+00 0.000000000000000000e+00 2.749870534104559283e-02
-1.626999749009862853e+03 -8.962520183687477129e+02 6.189445156158814143e+01 0.000000000000000000e+00 0.000000000000000000e+00 3.083349509017807577e-02
-1.433008657868172804e+03 -6.849693833652097510e+02 5.057150264591360411e+01 0.000000000000000000e+00 0.000000000000000000e+00 5.658845857308847371e-02
-1.253266616915598206e+03 -5.319632768996908680e+02 4.231696482437867246e+01 0.000000000000000000e+00 0.000000000000000000e+00 -1.362536034061889723e-02
-1.254398969667231768e+03 -9.205622004957483568e+02 4.864290421925763042e+01 0.000000000000000000e+00 0.000000000000000000e+00 1.835717240399503680e-02
-1.632188116281181010e+03 -1.242614245783749539e+03 7.035053715191143908e+01 0.000000000000000000e+00 0.000000000000000000e+00 5.095973932539266116e-02
-1.631621473416149911e+03 -1.617998867312001039e+03 8.230445053257093946e+01 0.000000000000000000e+00 0.000000000000000000e+00 1.823715201680897735e-02
-1.429541452714574689e+03 -1.397395008296983406e+03 6.697224732571791606e+01 0.000000000000000000e+00 0.000000000000000000e+00 3.831504084971015800e-02
-1.240166150056051038e+03 -1.231057922414414861e+03 5.564981491337623254e+01 0.000000000000000000e+00 0.000000000000000000e+00 6.630310000083028399e-02
-1.243283752025583453e+03 -1.628625433307529192e+03 6.843856243418181862e+01 0.000000000000000000e+00 0.000000000000000000e+00 1.083899861563963896e-02
-1.637496260056117080e+03 -1.942366798998607010e+03 9.545876805846526736e+01 0.000000000000000000e+00 0.000000000000000000e+00 7.942362349318443648e-02
-1.627776821669031051e+03 -2.335044783091187128e+03 1.138786964871119807e+02 0.000000000000000000e+00 0.000000000000000000e+00 3.969146711622784096e-02
-1.440975497146276894e+03 -2.103337045076559207e+03 9.499665591282935395e+01 0.000000000000000000e+00 0.000000000000000000e+00 5.458444190622913084e-02
-1.238887838871167332e+03 -1.951716361576840427e+03 8.121268984809890412e+01 0.000000000000000000e+00 0.000000000000000000e+00 4.735008774005677878e-02
-1.239233367369066855e+03 -2.326517150431989648e+03 9.914925069449836315e+01 0.000000000000000000e+00 0.000000000000000000e+00 1.808988086489193847e-02
-1.645219244362920563e+03 -2.618361463633785206e+03 1.304073357661908688e+02 0.000000000000000000e+00 0.000000000000000000e+00 -6.006319269005189199e-03
-1.636070107995700710e+03 -3.030464981547127991e+03 1.563631151707612332e+02 0.000000000000000000e+00 0.000000000000000000e+00 3.925041888666669365e-02
-1.435888056141583093e+03 -2.794251754959210757e+03 1.328146615839815468e+02 0.000000000000000000e+00 0.000000000000000000e+00 1.309289843294436650e-02
-1.253260393630392173e+03 -2.625646236008172764e+03 1.162066618202404129e+02 0.000000000000000000e+00 0.000000000000000000e+00 4.671685808554570940e-02
-1.248074971154757122e+03 -3.023527798773987342e+03 1.413683213516605406e+02 0.000000000000000000e+00 0.000000000000000000e+00 -4.047317029858277238e-03
-9.360034887000430217e+02 -3.035170598516480368e+03 1.333724547845382915e+02 0.000000000000000000e+00 0.000000000000000000e+00 3.937959518421507710e-02
-9.483453526157227316e+02 -2.633176594043479327e+03 1.080554459019634805e+02 0.000000000000000000e+00 0.000000000000000000e+00 -1.415075738488269508e-02
-7.537758192031706130e+02 -2.792318023670966340e+03 1.135046308140607323e+02 0.000000000000000000e+00 0.000000000000000000e+00 -1.546072502591755438e-03
-5.564197295733021065e+02 -3.038263905985369547e+03 1.263048634966890802e+02 0.000000000000000000e+00 0.000000000000000000e+00 1.995101910364383002e-02
-5.540934095706802509e+02 -2.649431160783757150e+03 1.014624124521137674e+02 0.000000000000000000e+00 0.000000000000000000e+00 1.581469175910399372e-02
-2.434427731497511331e+02 9.027738872644757748e+02 2.943375942505715415e+01 0.000000000000000000e+00 0.000000000000000000e+00 -1.196146640769768510e-02
-2.376671144401752827e+02 4.967247457782777360e+02 2.266192413483292611e+01 0.000000000000000000e+00 0.000000000000000000e+00 -1.323913856263914113e-02
-4.552759088665870024e+01 7.437074507999921025e+02 2.557025237020768316e+01 0.000000000000000000e+00 0.000000000000000000e+00 -1.377129744533078792e-03
1.510221563699948319e+02 9.023196178705662760e+02 2.894569765499322855e+01 0.000000000000000000e+00 0.000000000000000000e+00 -4.986908138148038461e-02
1.506910955878681193e+02 5.116896169465218236e+02 2.240102059921292721e+01 0.000000000000000000e+00 0.000000000000000000e+00 -3.188923098866069950e-02
-2.359372914482228794e+02 2.065648102746165478e+02 2.026157517926152707e+01 0.000000000000000000e+00 0.000000000000000000e+00 -1.269249248194981305e-02
-2.253828352057773259e+02 -1.979354985869305779e+02 2.014894269236538804e+01 0.000000000000000000e+00 0.000000000000000000e+00 -4.626121685789996718e-02
-5.793032796585076483e+01 2.611962033860299925e+01 1.910092249634151429e+01 0.000000000000000000e+00 0.000000000000000000e+00 -3.245005740693329699e-02
1.264030222273147928e+02 1.799523366973372163e+02 1.963077307734533861e+01 0.000000000000000000e+00 0.000000000000000000e+00 -6.308029389654379315e-02
1.349062178707119415e+02 -1.929869256294447268e+02 1.971045173833306308e+01 0.000000000000000000e+00 0.000000000000000000e+00 8.193856585421599448e-03
-2.626570595424911971e+02 -5.171004654570116372e+02 2.298028045011437115e+01 0.000000000000000000e+00 0.000000000000000000e+00 -3.088577170352380108e-03
-2.379277739572700625e+02 -9.121088454615369301e+02 2.920450398992907282e+01 0.000000000000000000e+00 0.000000000000000000e+00 -2.386716670823929576e-02
-5.571723670491117986e+01 -6.740599655560471319e+02 2.426430577458274485e+01 0.000000000000000000e+00 0.000000000000000000e+00 8.599001859511901102e-03
1.376789920506793123e+02 -5.212239079616765594e+02 2.239334654842307160e+01 0.000000000000000000e+00 0.000000000000000000e+00 -6.225449471017796554e-02
1.351513385209232752e+02 -9.114004419089893645e+02 2.870527679240989016e+01 0.000000000000000000e+00 0.000000000000000000e+00 -4.515215451430520943e-03
-2.457560173185572694e+02 -1.221385819269989270e+03 3.666272355239382108e+01 0.000000000000000000e+00 0.000000000000000000e+00 1.955917275125074184e-02
-2.348236965068728068e+02 -1.612327612175595277e+03 4.897871465985853234e+01 0.000000000000000000e+00 0.000000000000000000e+00 6.687605188950840329e-03
-6.463745601173175714e+01 -1.379088002645863071e+03 4.054436241502359195e+01 0.000000000000000000e+00 0.000000000000000000e+00 -4.038426759727542503e-03
1.477517361555084676e+02 -1.214307335414839827e+03 3.598318606441203826e+01 0.000000000000000000e+00 0.000000000000000000e+00 5.655647005733044352e-02
1.462097621105690450e+02 -1.618691469006892703e+03 4.878275226683908272e+01 0.000000000000000000e+00 0.000000000000000000e+00 4.416276828965237655e-02
-2.379985606595286072e+02 -1.616389617261632111e+03 4.914394665672826790e+01 0.000000000000000000e+00 0.000000000000000000e+00 7.588524862178758212e-03
-2.501748512111169589e+02 -1.929730508191441459e+03 6.160397173255429948e+01 0.000000000000000000e+00 0.000000000000000000e+00 2.765732292046152452e-02
-2.591350286041271715e+02 -2.319079932016411931e+03 8.009208900364833994e+01 0.000000000000000000e+00 0.000000000000000000e+00 -1.060103500923048614e-02
-6.581213056261108818e+01 -2.085735965271232544e+03 6.784662984116135931e+01 0.000000000000000000e+00 0.000000000000000000e+00 1.383439494858862417e-02
1.198086553765520534e+02 -1.938164197111296744e+03 6.135916378150716355e+01 0.000000000000000000e+00 0.000000000000000000e+00 4.903011400547541143e-02
1.280527377907484947e+02 -2.314848851774146624e+03 7.923153124983276996e+01 0.000000000000000000e+00 0.000000000000000000e+00 -2.530923022304421011e-02
-2.367459178489542637e+02 -2.645217032121862758e+03 9.802071482347494680e+01 0.000000000000000000e+00 0.000000000000000000e+00 1.731014649192275101e-02
-2.620782065148632114e+02 -3.033421117997483179e+03 1.228867856340616811e+02 0.000000000000000000e+00 0.000000000000000000e+00 -9.999442949521153423e-03
-7.131259999940236582e+01 -2.788768177433093115e+03 1.060975333727342473e+02 0.000000000000000000e+00 0.000000000000000000e+00 -7.604392395478498656e-03
1.255466453426350597e+02 -2.629497158758258593e+03 9.658226788026345844e+01 0.000000000000000000e+00 0.000000000000000000e+00 3.361975897938407343e-02
1.399252368905053459e+02 -3.036980107294055415e+03 1.225009217825553378e+02 0.000000000000000000e+00 0.000000000000000000e+00 -4.510443969130051300e-02
-9.407946084562007627e+02 -1.933146970262890818e+03 7.215165019541575475e+01 0.000000000000000000e+00 0.000000000000000000e+00 -3.950848721117949935e-02
-9.405032922876800967e+02 -2.326280373239829260e+03 9.083558142154282677e+01 0.000000000000000000e+00 0.000000000000000000e+00 -6.388051999068977693e-02
-7.419826498380467683e+02 -2.088863726293284799e+03 7.489711995019528956e+01 0.000000000000000000e+00 0.000000000000000000e+00 -2.887604713541236379e-02
-5.483818595680043018e+02 -2.327807286036586902e+03 8.350193960982316810e+01 0.000000000000000000e+00 0.000000000000000000e+00 -4.388115558636229707e-02
-5.447882183768318782e+02 -1.932631619249664254e+03 6.468466478612396031e+01 0.000000000000000000e+00 0.000000000000000000e+00 -6.861330233952855906e-02
-9.440780443913988620e+02 -1.607944680402493304e+03 5.938416182376747088e+01 0.000000000000000000e+00 0.000000000000000000e+00 1.724831420313677199e-02
-9.430696066766796548e+02 -1.218043588295025756e+03 4.705401170909792086e+01 0.000000000000000000e+00 0.000000000000000000e+00 2.990689874792451519e-03
-7.378789101905837242e+02 -1.383571882060404505e+03 4.750157450174798157e+01 0.000000000000000000e+00 0.000000000000000000e+00 -2.275561782456492210e-02
-5.514694398523593009e+02 -1.619926541350838988e+03 5.239212134904592233e+01 0.000000000000000000e+00 0.000000000000000000e+00 -2.285047994447353403e-02
-5.661453107878129458e+02 -1.222713951218301190e+03 3.998246697235406089e+01 0.000000000000000000e+00 0.000000000000000000e+00 -1.510515410408430625e-02
-9.477850129265415262e+02 -9.076660605385051213e+02 3.978176579013475589e+01 0.000000000000000000e+00 0.000000000000000000e+00 -6.841283321669777706e-03
-9.495184602843428365e+02 -5.087632470504000253e+02 3.348877403975410516e+01 0.000000000000000000e+00 0.000000000000000000e+00 -3.820804288009327365e-02
-7.454184348604020443e+02 -6.721693779884632249e+02 3.124922686742145572e+01 0.000000000000000000e+00 0.000000000000000000e+00 -1.306185252005676034e-02
-5.567441392248321108e+02 -9.069627172138251581e+02 3.230456850677028058e+01 0.000000000000000000e+00 0.000000000000000000e+00 1.198778166789082888e-02
-5.567486407175269960e+02 -9.069349169711510967e+02 3.230406487469744548e+01 0.000000000000000000e+00 0.000000000000000000e+00 -1.195776869229803197e-02
-5.624733456679349501e+02 -5.171127990722219465e+02 2.612582470062285722e+01 0.000000000000000000e+00 0.000000000000000000e+00 -3.662407172914328157e-03
-9.364525014149857043e+02 -2.045527261228973543e+02 3.075522280186083890e+01 0.000000000000000000e+00 0.000000000000000000e+00 -3.515131569995944005e-02
-9.469559019608882409e+02 1.946354447047652911e+02 3.106250919382261699e+01 0.000000000000000000e+00 0.000000000000000000e+00 3.164687711191049857e-03
-7.406169782407758930e+02 3.551687641444274135e+01 2.611239767768916664e+01 0.000000000000000000e+00 0.000000000000000000e+00 -2.698270027422111639e-02
-5.522902291840640601e+02 -1.926544417759510566e+02 2.337522458303178752e+01 0.000000000000000000e+00 0.000000000000000000e+00 5.071791216263221713e-03
-5.518294531315242466e+02 1.875008723990035833e+02 2.338054202321374220e+01 0.000000000000000000e+00 0.000000000000000000e+00 2.057042800232977697e-02
-9.303054909805281341e+02 5.027449993528530285e+02 3.325270991464127235e+01 0.000000000000000000e+00 0.000000000000000000e+00 -1.067108363901780876e-02
-9.373813683622144026e+02 9.072722586357401724e+02 4.030555804990022750e+01 0.000000000000000000e+00 0.000000000000000000e+00 2.259769364223274124e-02
-7.295204413393785217e+02 7.541539519341961295e+02 3.268906056857028375e+01 0.000000000000000000e+00 0.000000000000000000e+00 -2.472015724112708313e-02
-5.526748838632900060e+02 5.150394121797801290e+02 2.611364812115109402e+01 0.000000000000000000e+00 0.000000000000000000e+00 -1.228183779254266028e-03
-5.381696395676380007e+02 9.014838769126481566e+02 3.243005091758524827e+01 0.000000000000000000e+00 0.000000000000000000e+00 -4.365262070471942479e-03
4.575067563635323040e+02 8.953990900941012114e+02 3.124450904516057648e+01 0.000000000000000000e+00 0.000000000000000000e+00 -3.661144644231839607e-02
4.765974100113234613e+02 5.052816814193312212e+02 2.497842531455919968e+01 0.000000000000000000e+00 0.000000000000000000e+00 -5.512125720326110923e-02
6.602410244609403662e+02 7.355217633817480873e+02 3.109659193399512134e+01 0.000000000000000000e+00 0.000000000000000000e+00 -3.213535191128968904e-02
8.542803559869010996e+02 8.974250350315403466e+02 3.812990419122706243e+01 0.000000000000000000e+00 0.000000000000000000e+00 1.350341187755788042e-02
8.361821478865288100e+02 4.934178170638408005e+02 3.097565918982692779e+01 0.000000000000000000e+00 0.000000000000000000e+00 2.186302824814490009e-02
4.591716619893792881e+02 1.946441552394758219e+02 2.220510127285514201e+01 0.000000000000000000e+00 0.000000000000000000e+00 -4.437469839947283390e-02
4.594899544084739773e+02 -2.094391986128748044e+02 2.225094418539766394e+01 0.000000000000000000e+00 0.000000000000000000e+00 1.326587820436131437e-02
6.427492382666970343e+02 1.719998003602293934e+01 2.435760431583702257e+01 0.000000000000000000e+00 0.000000000000000000e+00 9.420207796267732192e-03
8.329009969653642429e+02 1.602702411091954104e+02 2.828900347991565667e+01 0.000000000000000000e+00 0.000000000000000000e+00 4.451031312353137537e-02
8.538604699871355024e+02 -2.035387283678147696e+02 2.885410601672622022e+01 0.000000000000000000e+00 0.000000000000000000e+00 1.845787373631679884e-02
8.532526690185743519e+02 -2.032665685016890507e+02 2.883958076998055731e+01 0.000000000000000000e+00 0.000000000000000000e+00 -3.137056997160669880e-02
4.418096013874378514e+02 -5.110961966054210848e+02 2.451440023399190338e+01 0.000000000000000000e+00 0.000000000000000000e+00 2.817667578095850445e-02
4.584076230252002233e+02 -5.153830887234663578e+02 2.475426051663949778e+01 0.000000000000000000e+00 0.000000000000000000e+00 -1.073707764653519803e-02
4.618841351560795374e+02 -9.078232448138294330e+02 3.109900613653739043e+01 0.000000000000000000e+00 0.000000000000000000e+00 2.307924903673708172e-02
6.543573950885891009e+02 -6.676671494598988374e+02 2.956118494642377215e+01 0.000000000000000000e+00 0.000000000000000000e+00 -2.167209289993010657e-02
8.583817889486083459e+02 -5.055140995546011595e+02 3.134884348371334539e+01 0.000000000000000000e+00 0.000000000000000000e+00 -9.429496999398878643e-03
8.439874895341498586e+02 -8.873905505569166507e+02 3.701139345907643019e+01 0.000000000000000000e+00 0.000000000000000000e+00 -4.006163219683855914e-02
4.646088347555910900e+02 -1.208178721096029903e+03 3.826500905199622338e+01 0.000000000000000000e+00 0.000000000000000000e+00 2.330569378692359805e-03
4.701640612382876157e+02 -1.609462295256236530e+03 5.096716515905612965e+01 0.000000000000000000e+00 0.000000000000000000e+00 3.604102295967237524e-02
6.663716718129473975e+02 -1.376853764648491961e+03 4.602526726965583492e+01 0.000000000000000000e+00 0.000000000000000000e+00 8.349325775274962780e-02
8.587930178151830205e+02 -1.220267924465875694e+03 4.519038217823623427e+01 0.000000000000000000e+00 0.000000000000000000e+00 3.246580030235435288e-02
8.563259959956066041e+02 -1.606084939734932050e+03 5.731725504593856613e+01 0.000000000000000000e+00 0.000000000000000000e+00 4.459920020193663959e-02
4.641099827126423634e+02 -1.928794238947762551e+03 6.349176142339621265e+01 0.000000000000000000e+00 0.000000000000000000e+00 4.137588679942183489e-02
4.667700171876401782e+02 -2.316911083592948216e+03 8.188788208200855934e+01 0.000000000000000000e+00 0.000000000000000000e+00 5.478239812822494059e-02
6.579232805318833925e+02 -2.079457800092523485e+03 7.297032351195372257e+01 0.000000000000000000e+00 0.000000000000000000e+00 7.223166441174555530e-02
8.644033753521771359e+02 -1.922171240463363802e+03 6.993209365296110036e+01 0.000000000000000000e+00 0.000000000000000000e+00 4.525658039412405742e-02
8.488688158205097807e+02 -2.326801465997232299e+03 8.877785089998829449e+01 0.000000000000000000e+00 0.000000000000000000e+00 6.109782902358062984e-02
4.582703113066434071e+02 -2.636778749824627539e+03 9.947993571065238427e+01 0.000000000000000000e+00 0.000000000000000000e+00 3.180810032739600501e-02
4.510111783371195315e+02 -2.632628362194654528e+03 9.915144774222797253e+01 0.000000000000000000e+00 0.000000000000000000e+00 -1.354710564839933795e-03
4.522741157302818920e+02 -3.025972172385537760e+03 1.241196508036679802e+02 0.000000000000000000e+00 0.000000000000000000e+00 -8.001546853151353389e-03
6.173492403648394884e+02 -2.795638768042115316e+03 1.113227508532424679e+02 0.000000000000000000e+00 0.000000000000000000e+00 -3.845712883504859292e-02
8.375422670650249302e+02 -3.021517586023444437e+03 1.301939888356665449e+02 0.000000000000000000e+00 0.000000000000000000e+00 -7.399394892743771379e-02
8.364022252513536841e+02 -2.653842120744502154e+03 1.067283009771629736e+02 0.000000000000000000e+00 0.000000000000000000e+00 -4.794987394973304617e-03
1.170290572148284582e+03 8.996499976922068527e+02 4.661340920267010546e+01 0.000000000000000000e+00 0.000000000000000000e+00 2.644349072406271262e-02
1.170023325929452312e+03 5.114289818968163672e+02 3.993002814353896213e+01 0.000000000000000000e+00 0.000000000000000000e+00 2.314836355035509996e-02
1.369101349993519534e+03 7.439631625507449826e+02 5.013991661026358315e+01 0.000000000000000000e+00 0.000000000000000000e+00 3.038416231935059386e-02
1.562893851360467352e+03 9.026340951272006805e+02 6.088850517554190844e+01 0.000000000000000000e+00 0.000000000000000000e+00 3.126925287338622184e-02
1.555393549985325308e+03 5.080674471462321549e+02 5.365099642341604635e+01 0.000000000000000000e+00 0.000000000000000000e+00 1.834314522947266823e-02
1.152973838389450066e+03 1.880144420743766318e+02 3.663438229894303788e+01 0.000000000000000000e+00 0.000000000000000000e+00 -2.045606859304882619e-02
1.154688750928080935e+03 -2.012390630180805147e+02 3.660428295932017306e+01 0.000000000000000000e+00 0.000000000000000000e+00 -1.752797798823735320e-02
1.353976875239639639e+03 4.869273543678222893e+01 4.272340575220326997e+01 0.000000000000000000e+00 0.000000000000000000e+00 2.584761701883309115e-02
1.551393250789516514e+03 1.878588445028784122e+02 5.064544786611652682e+01 0.000000000000000000e+00 0.000000000000000000e+00 3.566894971260836655e-02
1.534256847455954130e+03 -2.127478930276458868e+02 4.982160750108638325e+01 0.000000000000000000e+00 0.000000000000000000e+00 -6.889341602317244906e-03
1.162818887179197645e+03 -5.170550485676933476e+02 3.934429158131690230e+01 0.000000000000000000e+00 0.000000000000000000e+00 -3.867772926312795789e-02
1.152007654709538429e+03 -9.044220673147652860e+02 4.517245124635827125e+01 0.000000000000000000e+00 0.000000000000000000e+00 4.308669778198037648e-02
1.357938697532791139e+03 -6.609008823330829046e+02 4.752616727768003102e+01 0.000000000000000000e+00 0.000000000000000000e+00 -1.374479269104966761e-02
1.559402962368698127e+03 -5.051283722935523315e+02 5.307480784484942404e+01 0.000000000000000000e+00 0.000000000000000000e+00 -1.816812191663075282e-03
1.556135578487152770e+03 -8.918317591205890267e+02 5.891154240549474252e+01 0.000000000000000000e+00 0.000000000000000000e+00 2.337786416842391191e-02
1.139008279264474822e+03 -1.197703301047220066e+03 5.168372823112981962e+01 0.000000000000000000e+00 0.000000000000000000e+00 4.360417372045333195e-02
1.160972431779410272e+03 -1.618079333246879287e+03 6.554079151135405823e+01 0.000000000000000000e+00 0.000000000000000000e+00 -4.892276179866428265e-02
1.363259817750282309e+03 -1.377877749888030621e+03 6.400693455972827905e+01 0.000000000000000000e+00 0.000000000000000000e+00 3.263257687325449297e-02
1.540785110543182327e+03 -1.220694293216112783e+03 6.603508247477493853e+01 0.000000000000000000e+00 0.000000000000000000e+00 1.664472903918579050e-02
1.543486348627603093e+03 -1.606464018230129341e+03 7.830777657842253348e+01 0.000000000000000000e+00 0.000000000000000000e+00 4.843754666669042308e-02
1.855424845020154635e+03 2.057436825754098777e+02 6.429121215788674704e+01 0.000000000000000000e+00 0.000000000000000000e+00 -4.325801026234898927e-02
1.857106785846481671e+03 -1.939930603334663601e+02 6.395738943904139262e+01 0.000000000000000000e+00 0.000000000000000000e+00 -6.979456883527745958e-02
2.054786917448387612e+03 4.757808929474030180e+01 7.389231237879292280e+01 0.000000000000000000e+00 0.000000000000000000e+00 -3.562270555109137149e-02
2.256671393854174767e+03 1.978865813846869628e+02 8.598500586155029168e+01 0.000000000000000000e+00 0.000000000000000000e+00 -3.037961612601236538e-02
2.239630084764017283e+03 -2.034850652989924811e+02 8.448313901122776315e+01 0.000000000000000000e+00 0.000000000000000000e+00 -6.771502926847006165e-02
1.839895808354318888e+03 -5.047395158404205517e+02 6.538903083615102219e+01 0.000000000000000000e+00 0.000000000000000000e+00 -8.077275472068379258e-02
1.838890171909081118e+03 -9.059964981094408358e+02 7.154111525724511012e+01 0.000000000000000000e+00 0.000000000000000000e+00 -4.841854343294471619e-02
2.036901092362604686e+03 -6.623849438283418749e+02 7.728303436491871992e+01 0.000000000000000000e+00 0.000000000000000000e+00 -1.603421266908355847e-02
2.240989901493488105e+03 -5.170961507717634049e+02 8.682547064943986470e+01 0.000000000000000000e+00 0.000000000000000000e+00 -2.263982410970299952e-02
2.241023282937751446e+03 -8.818465461557514118e+02 9.233273999079935379e+01 0.000000000000000000e+00 0.000000000000000000e+00 -4.438327300073297010e-02
1.852357036232847349e+03 4.952451393151621915e+02 6.681743849079461484e+01 0.000000000000000000e+00 0.000000000000000000e+00 -3.617536977917268359e-02
1.853446380026527095e+03 9.024040392849561840e+02 7.409513874177889647e+01 0.000000000000000000e+00 0.000000000000000000e+00 2.204408345349406773e-03
2.064880778572036434e+03 7.640076938821002841e+02 8.221561291905348412e+01 0.000000000000000000e+00 0.000000000000000000e+00 -1.547560462925900993e-02
2.247261620066836258e+03 8.998870071564150521e+02 9.566946192543595373e+01 0.000000000000000000e+00 0.000000000000000000e+00 -3.180900426193034036e-02
2.239489494931315676e+03 5.008395986950774272e+02 8.789421882168795719e+01 0.000000000000000000e+00 0.000000000000000000e+00 3.369636738291603706e-02
2.554900999416531249e+03 9.046070385853764719e+02 1.157211506719709178e+02 0.000000000000000000e+00 0.000000000000000000e+00 8.439343672677068753e-04
2.574900633161416863e+03 5.255740211595102664e+02 1.098323264828759704e+02 0.000000000000000000e+00 0.000000000000000000e+00 -2.101438463714089266e-02
2.743221067045797554e+03 7.463271504772629896e+02 1.257440535437737168e+02 0.000000000000000000e+00 0.000000000000000000e+00 5.656629430711745954e-02
2.951286708647624437e+03 9.029107525311186464e+02 1.454025948620790132e+02 0.000000000000000000e+00 0.000000000000000000e+00 -2.546552273145152867e-03
2.944621870842626322e+03 5.092538680152520101e+02 1.371386382775539232e+02 0.000000000000000000e+00 0.000000000000000000e+00 3.833918179230977330e-02
2.562445890876583235e+03 1.914386599394329096e+02 1.055187083216759447e+02 0.000000000000000000e+00 0.000000000000000000e+00 2.837159400596078740e-02
2.552608269941263188e+03 -1.908473826248168734e+02 1.042205638357330599e+02 0.000000000000000000e+00 0.000000000000000000e+00 -5.773632438184961302e-02
2.755005843456478942e+03 4.650452382964000719e+01 1.185183977655285901e+02 0.000000000000000000e+00 0.000000000000000000e+00 -1.554475417917444702e-02
2.755774376636787110e+03 4.709223493078549438e+01 1.185767855936397837e+02 0.000000000000000000e+00 0.000000000000000000e+00 7.485276640650795343e-03
2.944472055237472432e+03 1.877857470563749303e+02 1.336979555265601505e+02 0.000000000000000000e+00 0.000000000000000000e+00 9.018322974128523128e-03
2.939511127407110962e+03 -1.775137995579145809e+02 1.324877902587727476e+02 0.000000000000000000e+00 0.000000000000000000e+00 -2.407461524262544117e-02
2.555355559760843335e+03 -5.165689607750352934e+02 1.066161259703265358e+02 0.000000000000000000e+00 0.000000000000000000e+00 -1.491990847762281192e-02
2.532259315164203599e+03 -9.157571159309134146e+02 1.111762351083740015e+02 0.000000000000000000e+00 0.000000000000000000e+00 -4.294453872415715523e-02
2.520961506994730371e+03 -8.935588695934885664e+02 1.099896677864865069e+02 0.000000000000000000e+00 0.000000000000000000e+00 -2.033005270966725675e-02
2.734348344029037435e+03 -6.579852800343712715e+02 1.208500016648826829e+02 0.000000000000000000e+00 0.000000000000000000e+00 3.998626241128988568e-02
2.939134039812840001e+03 -5.128224886273432048e+02 1.345417568499436811e+02 0.000000000000000000e+00 0.000000000000000000e+00 -3.594780290256949229e-03
2.922316638677024002e+03 -9.111295791086290592e+02 1.391837392316935507e+02 0.000000000000000000e+00 0.000000000000000000e+00 -6.369230564831696029e-02
2.556195120786118423e+03 -1.234188808928957997e+03 1.203016224638435858e+02 0.000000000000000000e+00 0.000000000000000000e+00 -2.128559774999416732e-02
2.520311231837654759e+03 -1.595664601591704695e+03 1.293058892325594229e+02 0.000000000000000000e+00 0.000000000000000000e+00 -3.601174083513569713e-02
2.719825689122413223e+03 -1.354579498650484311e+03 1.351089432891273532e+02 0.000000000000000000e+00 0.000000000000000000e+00 -4.985829116168360997e-02
2.941406812010814065e+03 -1.209285862459778627e+03 1.475779967418547471e+02 0.000000000000000000e+00 0.000000000000000000e+00 -1.248945999344641677e-02
2.932790657698380528e+03 -1.580505444785087093e+03 1.584298710006730175e+02 0.000000000000000000e+00 0.000000000000000000e+00 -2.593478383943192966e-02
2.932854468411861035e+03 -1.580626674491147696e+03 1.584391329470369953e+02 0.000000000000000000e+00 0.000000000000000000e+00 -1.713492574489805520e-02
1.153594278685171048e+03 -3.021882225806979022e+03 1.383248513030213758e+02 0.000000000000000000e+00 0.000000000000000000e+00 1.969116988942687385e-02
1.145389783521862910e+03 -2.622553878887323208e+03 1.127072196039142824e+02 0.000000000000000000e+00 0.000000000000000000e+00 4.321985411105799813e-02
1.352824553731707283e+03 -2.794507094892760051e+03 1.298425441883790654e+02 0.000000000000000000e+00 0.000000000000000000e+00 -3.443915731907054578e-03
1.536216457598316765e+03 -3.035867266977822510e+03 1.526142464766109867e+02 0.000000000000000000e+00 0.000000000000000000e+00 -4.871924018826234715e-02
1.553134273038177980e+03 -2.646542587146521328e+03 1.282761595766720291e+02 0.000000000000000000e+00 0.000000000000000000e+00 -4.800962587694357353e-04
1.157580687481902714e+03 -2.319499794491518060e+03 9.628579955549487579e+01 0.000000000000000000e+00 0.000000000000000000e+00 -2.179980915278179054e-02
1.149346110529353837e+03 -1.909907496833023743e+03 7.668934056554013523e+01 0.000000000000000000e+00 0.000000000000000000e+00 1.202041015548616087e-02
1.345857800817851057e+03 -2.073444014020604754e+03 9.021263491491083641e+01 0.000000000000000000e+00 0.000000000000000000e+00 4.461479886558095131e-02
1.538677421949677637e+03 -2.320391358598123588e+03 1.094857603026066357e+02 0.000000000000000000e+00 0.000000000000000000e+00 -3.884911332762897018e-02
1.532005134587875773e+03 -1.932002756469060387e+03 9.072571692196338233e+01 0.000000000000000000e+00 0.000000000000000000e+00 -1.166197933368096074e-02
1.841530283826914456e+03 -1.919854145697135436e+03 1.036098693937560995e+02 0.000000000000000000e+00 0.000000000000000000e+00 4.922343950073582164e-02
1.845692519445274229e+03 -2.321992952394513850e+03 1.229590473425239594e+02 0.000000000000000000e+00 0.000000000000000000e+00 1.861929403460749199e-02
2.025889701671370176e+03 -2.076291083667266776e+03 1.198336948346684636e+02 0.000000000000000000e+00 0.000000000000000000e+00 3.327553887653778020e-02
2.245288420958441748e+03 -2.322585180447557832e+03 1.442347623216345482e+02 0.000000000000000000e+00 0.000000000000000000e+00 -4.113408034010035408e-02
2.230379786841348050e+03 -1.920112460929195322e+03 1.241189887384591657e+02 0.000000000000000000e+00 0.000000000000000000e+00 -2.455935818596799436e-02
1.843649230679674019e+03 -1.620780269955915628e+03 9.186547707905889126e+01 0.000000000000000000e+00 0.000000000000000000e+00 8.106645566881809373e-02
1.850150197278744599e+03 -1.225338636266427784e+03 7.962649968885524743e+01 0.000000000000000000e+00 0.000000000000000000e+00 2.335841830422680232e-02
2.037895262408456347e+03 -1.383353163831008715e+03 9.363192821488279094e+01 0.000000000000000000e+00 0.000000000000000000e+00 6.601834698182074135e-02
2.233355358946106207e+03 -1.633471898762905312e+03 1.128732500976128250e+02 0.000000000000000000e+00 0.000000000000000000e+00 -9.663600325751531273e-03
