0.007210 19.645769
0.006860 28.588780
0.006494 37.531791
0.006015 46.474801
0.007788 55.417812
0.007025 64.360823
0.006390 73.303834
0.007210 82.246844
0.007203 91.189855
0.006125 100.132866
0.007462 109.075877
0.006641 118.018887
0.006234 126.961898
0.006976 135.904909
0.006865 144.847920
0.006722 153.790930
0.008092 162.733941
0.007276 171.676952
0.006957 180.619963
0.007796 189.562973
0.007312 198.505984
0.006590 207.448995
0.006263 216.392006
0.005907 225.335016
0.007314 234.278027
0.005753 243.221038
0.006917 252.164049
0.005589 261.107059
0.006016 270.050070
0.006433 278.993081
0.006364 287.936092
0.007222 296.879102
0.006110 305.822113
0.006752 314.765124
0.006534 323.708135
0.006051 332.651145
0.006754 341.594156
0.007631 350.537167
0.007146 359.480177
0.007103 368.423188
0.006311 377.366199
0.007079 386.309210
0.007763 395.252220
0.007746 404.195231
0.006331 413.138242
0.007940 422.081253
0.007442 431.024263
0.006863 439.967274
0.006085 448.910285
0.006212 457.853296
0.007355 466.796306
0.007164 475.739317
0.007036 484.682328
0.006527 493.625339
0.005881 502.568349
0.006410 511.511360
0.007458 520.454371
0.007116 529.397382
0.006591 538.340392
0.008773 547.283403
0.007093 556.226414
0.007395 565.169425
0.006127 574.112435
0.006571 583.055446
0.007757 591.998457
0.007181 600.941468
0.007161 609.884478
0.007512 618.827489
0.006856 627.770500
0.005911 636.713511
0.008335 645.656521
0.006367 654.599532
0.007113 663.542543
0.007984 672.485554
0.009051 681.428564
0.006004 690.371575
0.007158 699.314586
0.006410 708.257597
0.009430 717.200607
0.006763 726.143618
0.006402 735.086629
0.004075 744.029640
0.009367 752.972650
0.007465 761.915661
0.003753 770.858672
0.007844 779.801683
0.004259 788.744693
0.009099 797.687704
0.006919 806.630715
0.005151 815.573726
0.008522 824.516736
0.007324 833.459747
0.007095 842.402758
0.007049 851.345769
0.004615 860.288779
0.001856 869.231790
0.002599 878.174801
0.003236 887.117811
nan 896.060822
0.007251 905.003833
