# x y z x_res y_res z_res
-6.771573498324565890e+02 3.074549401825304813e+03 -6.157477375843387790e+01 0.000000000000000000e+00 0.000000000000000000e+00 -5.693578349596606358e-02
-8.557581894583693156e+02 3.242199933802111900e+03 -6.993238288216950593e+01 0.000000000000000000e+00 0.000000000000000000e+00 -3.479989767036784087e-02
-4.849279280664347311e+02 3.242453326630733500e+03 -6.620952160267769671e+01 0.000000000000000000e+00 0.000000000000000000e+00 -3.287479943169557828e-02
-4.871195407140933753e+02 2.822105796097422626e+03 -5.097969297645561682e+01 0.000000000000000000e+00 0.000000000000000000e+00 7.581304161128343821e-03
-8.600978252918545195e+02 2.823325987368980350e+03 -5.483739747262318787e+01 0.000000000000000000e+00 0.000000000000000000e+00 -1.893577745349261932e-02
-1.152773544996365217e+03 3.243542433186132712e+03 -7.445127159918203574e+01 0.000000000000000000e+00 0.000000000000000000e+00 -3.285280797717859969e-02
-1.344790976714110911e+03 3.076925207767348638e+03 -7.181332265226318157e+01 0.000000000000000000e+00 0.000000000000000000e+00 -4.848916363461341916e-02
-1.526051342639056202e+03 3.243241330885611205e+03 -8.189953074223583940e+01 0.000000000000000000e+00 0.000000000000000000e+00 6.933207403960750526e-04
-1.153515356035624109e+03 2.825637372018760288e+03 -5.939117068565379043e+01 0.000000000000000000e+00 0.000000000000000000e+00 3.926068611640687323e-03
-1.529859867297858045e+03 2.825438176165279856e+03 -6.700512341904511970e+01 0.000000000000000000e+00 0.000000000000000000e+00 -1.573100659298631854e-02
-1.885078744811657430e+02 3.238272573290281343e+03 -6.454713437129794329e+01 0.000000000000000000e+00 0.000000000000000000e+00 2.818429468692329465e-02
-1.914114789431813506e+02 2.822342114698322803e+03 -4.946130212344388610e+01 0.000000000000000000e+00 0.000000000000000000e+00 1.173715886965851496e-01
1.847911917279548675e+02 2.822495998882606727e+03 -4.944757963607539608e+01 0.000000000000000000e+00 0.000000000000000000e+00 6.823951687159990342e-02
1.870258793592887798e+02 3.242813412825817522e+03 -6.471810761141659896e+01 0.000000000000000000e+00 0.000000000000000000e+00 3.989144763721697018e-02
-4.973271441955736449e+00 3.072477819057759461e+03 -5.803570514636790989e+01 0.000000000000000000e+00 0.000000000000000000e+00 5.997604243503928956e-03
1.861492337977429372e+02 2.492408193916932760e+03 -3.883371610335480284e+01 0.000000000000000000e+00 0.000000000000000000e+00 1.143654936954732193e-01
-3.518527545467189821e+00 2.321903620347781271e+03 -3.356423453232279996e+01 0.000000000000000000e+00 0.000000000000000000e+00 8.328252613996767195e-02
-1.880972017865034616e+02 2.488609268834212799e+03 -3.872425188105607674e+01 0.000000000000000000e+00 0.000000000000000000e+00 1.052363934119568967e-01
-1.898364385435394297e+02 2.071379035871182623e+03 -2.709727412851171735e+01 0.000000000000000000e+00 0.000000000000000000e+00 1.307546249637958624e-01
1.843527159847274106e+02 2.071784288880950498e+03 -2.709168945222750580e+01 0.000000000000000000e+00 0.000000000000000000e+00 9.658709608717686024e-02
4.800292548523343612e+02 2.821077092021391763e+03 -5.089261408212393434e+01 0.000000000000000000e+00 0.000000000000000000e+00 9.492079747363391107e-02
6.663051486923067159e+02 3.072146273667741752e+03 -6.137663183556939828e+01 0.000000000000000000e+00 0.000000000000000000e+00 2.300021181284250815e-03
8.587629726158384074e+02 3.241871642218151010e+03 -6.995839669803608274e+01 0.000000000000000000e+00 0.000000000000000000e+00 8.897136533363436683e-04
4.818804828108970923e+02 3.237968270655505421e+03 -6.601457360626694992e+01 0.000000000000000000e+00 0.000000000000000000e+00 5.740767711564842557e-02
8.565255005969567037e+02 2.820769635226354694e+03 -5.470430916262485255e+01 0.000000000000000000e+00 0.000000000000000000e+00 3.064739824836948401e-02
1.818770178700171982e+03 3.242141422629744284e+03 -8.912759613077606957e+01 0.000000000000000000e+00 0.000000000000000000e+00 -7.376554048548200626e-03
2.194653219463789810e+03 3.245309370546898208e+03 -1.003807128839143559e+02 0.000000000000000000e+00 0.000000000000000000e+00 -9.401796551136953894e-02
2.002965181336331398e+03 3.075550218668106027e+03 -8.819359501966046366e+01 0.000000000000000000e+00 0.000000000000000000e+00 -3.514697223847917940e-02
1.816209459508400187e+03 2.825860006349090327e+03 -7.421546318657765084e+01 0.000000000000000000e+00 0.000000000000000000e+00 -4.909799453555763193e-02
2.190778163096993921e+03 2.823356917709060326e+03 -8.533771977646073026e+01 0.000000000000000000e+00 0.000000000000000000e+00 -1.484010726442335226e-01
1.526569807528385127e+03 3.245493969456238119e+03 -8.199718690819861422e+01 0.000000000000000000e+00 0.000000000000000000e+00 -3.134152908120313441e-02
1.336019187434244714e+03 3.075740454120013965e+03 -7.159387710937127736e+01 0.000000000000000000e+00 0.000000000000000000e+00 -4.133235196070472739e-02
1.525315354483032706e+03 2.825870934481073618e+03 -6.691513427001088132e+01 0.000000000000000000e+00 0.000000000000000000e+00 -4.199983921465388903e-02
1.151575081996775225e+03 2.826562705813211323e+03 -5.938860642008476276e+01 0.000000000000000000e+00 0.000000000000000000e+00 -6.038170610942472649e-03
1.152088982462664262e+03 3.241481484848863147e+03 -7.436050210078136047e+01 0.000000000000000000e+00 0.000000000000000000e+00 2.902918934472609180e-02
4.818768575552799689e+02 2.488863889467814715e+03 -4.024216287123369540e+01 0.000000000000000000e+00 0.000000000000000000e+00 7.074784471921446993e-02
6.670695484228033365e+02 2.323676092396507556e+03 -3.704102599414449060e+01 0.000000000000000000e+00 0.000000000000000000e+00 2.711452033965855435e-02
4.803303123455993955e+02 2.073726525551064697e+03 -2.866559523352698591e+01 0.000000000000000000e+00 0.000000000000000000e+00 8.283440391903340583e-02
8.571389208070668246e+02 2.493287744137804566e+03 -4.422471061814898263e+01 0.000000000000000000e+00 0.000000000000000000e+00 5.937962702162735695e-03
8.555092079114061789e+02 2.072958892336707777e+03 -3.252310290716659580e+01 0.000000000000000000e+00 0.000000000000000000e+00 4.659367440674344607e-02
1.152086866778896365e+03 2.489340043168652301e+03 -4.863339050577306466e+01 0.000000000000000000e+00 0.000000000000000000e+00 -9.942865291037605857e-03
1.148961204640561391e+03 2.073028605321022951e+03 -3.706331218762264967e+01 0.000000000000000000e+00 0.000000000000000000e+00 2.328564289910417529e-02
1.335949993882682293e+03 2.323435090022137047e+03 -4.730749861369228881e+01 0.000000000000000000e+00 0.000000000000000000e+00 -3.901754746557628550e-02
1.528280766414534810e+03 2.492330578153361785e+03 -5.639722971135219609e+01 0.000000000000000000e+00 0.000000000000000000e+00 -5.655268640284560888e-02
1.525579674169973487e+03 2.071631696752135667e+03 -4.476999856383552867e+01 0.000000000000000000e+00 0.000000000000000000e+00 -2.509875348081891389e-02
-4.835763000975364321e+02 1.745305834123602381e+03 -2.095851699252930089e+01 0.000000000000000000e+00 0.000000000000000000e+00 8.129052039184259115e-02
-8.564638840134064139e+02 1.743626501797792571e+03 -2.481529138690372349e+01 0.000000000000000000e+00 0.000000000000000000e+00 2.247051003446287609e-02
-8.587023316226914176e+02 1.325121425966982088e+03 -1.689091336489919470e+01 0.000000000000000000e+00 0.000000000000000000e+00 5.286389178032635527e-02
-6.749715190502812447e+02 1.578642923779432294e+03 -1.925754623358260531e+01 0.000000000000000000e+00 0.000000000000000000e+00 4.335502306135907702e-02
-4.841097501135317884e+02 1.327349635440310749e+03 -1.297689737429544365e+01 0.000000000000000000e+00 0.000000000000000000e+00 8.112745345613170400e-02
-6.748151480056895934e+02 2.324281097670500912e+03 -3.713810540006167571e+01 0.000000000000000000e+00 0.000000000000000000e+00 4.112242939589805246e-02
-8.554654091334600707e+02 2.489688098021966198e+03 -4.409419503668370055e+01 0.000000000000000000e+00 0.000000000000000000e+00 1.710467159293926898e-02
-4.826277799522977148e+02 2.491981933121975544e+03 -4.034203522186846413e+01 0.000000000000000000e+00 0.000000000000000000e+00 2.604711056824271509e-02
-8.588968047158288073e+02 2.072822599957642524e+03 -3.256451871481287696e+01 0.000000000000000000e+00 0.000000000000000000e+00 3.762752177981099067e-02
-4.853334370319451523e+02 2.073113669471921185e+03 -2.868741020601204994e+01 0.000000000000000000e+00 0.000000000000000000e+00 3.367848424738895119e-02
-1.146946075745892131e+03 2.079530132458879052e+03 -3.719219388730817144e+01 0.000000000000000000e+00 0.000000000000000000e+00 1.942283404582667572e-02
-1.148624384832096439e+03 2.499444572084632455e+03 -4.887664499204910129e+01 0.000000000000000000e+00 0.000000000000000000e+00 6.581961227048793717e-03
-1.523259465428468275e+03 2.076703676948445263e+03 -4.484311842964051920e+01 0.000000000000000000e+00 0.000000000000000000e+00 1.713803572305749867e-02
-1.524635206495832790e+03 2.492626644519227739e+03 -5.632157734948890493e+01 0.000000000000000000e+00 0.000000000000000000e+00 -1.956525183351942587e-02
-1.338826578237165222e+03 2.326697052371549034e+03 -4.745790655553224013e+01 0.000000000000000000e+00 0.000000000000000000e+00 -4.359228435113493560e-03
-1.828815909794105210e+03 2.817422735048292907e+03 -7.427842508666263655e+01 0.000000000000000000e+00 0.000000000000000000e+00 -1.030722543414697157e-02
-2.203599632892866339e+03 2.821073776027946678e+03 -8.568129818831779687e+01 0.000000000000000000e+00 0.000000000000000000e+00 -5.902610442106492883e-03
-1.821136311229672629e+03 3.230941714208764552e+03 -8.876771092976080979e+01 0.000000000000000000e+00 0.000000000000000000e+00 5.252833106155208043e-03
-2.015056325235400891e+03 3.068368089631443127e+03 -8.829594100538406565e+01 0.000000000000000000e+00 0.000000000000000000e+00 1.270525038427194886e-02
-2.194167955780780176e+03 3.231150390797490218e+03 -9.983364920093674755e+01 0.000000000000000000e+00 0.000000000000000000e+00 1.888751892030882118e-02
-2.861830078295542080e+03 2.487522080859288963e+03 -1.000652935137146216e+02 0.000000000000000000e+00 0.000000000000000000e+00 6.109591841097028464e-02
-2.864397445466826866e+03 2.071605743755775165e+03 -8.916981018588172958e+01 0.000000000000000000e+00 0.000000000000000000e+00 6.810966632237125395e-02
-2.679426975550935822e+03 2.321762613487053386e+03 -8.794848691201042357e+01 0.000000000000000000e+00 0.000000000000000000e+00 5.953670537022048848e-02
-2.491256064207057534e+03 2.069908515384799557e+03 -7.418154216753994490e+01 0.000000000000000000e+00 0.000000000000000000e+00 5.798754924269644562e-02
-2.488006363488552779e+03 2.489161096976384215e+03 -8.529255496764184841e+01 0.000000000000000000e+00 0.000000000000000000e+00 2.601861679650596670e-02
-2.864941464635581724e+03 1.741347318348956378e+03 -8.184518041383489617e+01 0.000000000000000000e+00 0.000000000000000000e+00 8.604732801600789571e-02
-2.866331300043601459e+03 1.330603285689433960e+03 -7.451980022975300244e+01 0.000000000000000000e+00 0.000000000000000000e+00 1.329924984808315003e-01
-2.682830730249958833e+03 1.578545216551387512e+03 -7.107488707339265943e+01 0.000000000000000000e+00 0.000000000000000000e+00 6.193057828571113532e-02
-2.492420108455184618e+03 1.746678373950069499e+03 -6.693045731311340774e+01 0.000000000000000000e+00 0.000000000000000000e+00 6.912369726526890190e-02
-2.493356655659300941e+03 1.329365753482773925e+03 -5.934316958331596226e+01 0.000000000000000000e+00 0.000000000000000000e+00 6.860395700087451587e-02
-2.859950998045242159e+03 9.958740657623967536e+02 -6.968700996549756610e+01 0.000000000000000000e+00 0.000000000000000000e+00 6.833021415332041215e-03
-2.681183596709038284e+03 8.312071449042988434e+02 -6.038995436316103138e+01 0.000000000000000000e+00 0.000000000000000000e+00 -6.693035815565906432e-03
-2.487576811162449758e+03 9.958349537802985196e+02 -5.451122864607028617e+01 0.000000000000000000e+00 0.000000000000000000e+00 3.857523471861412645e-02
-2.491637880384814252e+03 5.771706155197812222e+02 -5.077151271904895680e+01 0.000000000000000000e+00 0.000000000000000000e+00 -4.666509148656672323e-02
-2.865693092386160060e+03 5.773683474400698969e+02 -6.611697658943390365e+01 0.000000000000000000e+00 0.000000000000000000e+00 3.350016042824677243e-02
-2.193005597367480277e+03 2.486687481630988714e+03 -7.489806937014184030e+01 0.000000000000000000e+00 0.000000000000000000e+00 3.282403288083912685e-02
-2.198137497762197654e+03 2.074116053530057343e+03 -6.391382078437143832e+01 0.000000000000000000e+00 0.000000000000000000e+00 9.378126354647520202e-02
-2.012794581283082607e+03 2.324044294784639987e+03 -6.455293402629176569e+01 0.000000000000000000e+00 0.000000000000000000e+00 2.717754431988339547e-02
-1.822107339659584568e+03 2.488500893258466931e+03 -6.373960390608711180e+01 0.000000000000000000e+00 0.000000000000000000e+00 4.952752651696812336e-02
-1.823833181809982534e+03 2.070625124640207105e+03 -5.238528559816922581e+01 0.000000000000000000e+00 0.000000000000000000e+00 7.068987096531031966e-02
-2.196669985921691023e+03 1.745555293757550317e+03 -5.637391645130804818e+01 0.000000000000000000e+00 0.000000000000000000e+00 8.750562501330705345e-02
-2.198562633359324536e+03 1.330006084260007810e+03 -4.876951275310013756e+01 0.000000000000000000e+00 0.000000000000000000e+00 9.542714874762481259e-02
-2.015864728502558137e+03 1.580919310591661770e+03 -4.725680581599625185e+01 0.000000000000000000e+00 0.000000000000000000e+00 6.456605243562307805e-02
-1.824900607269054262e+03 1.750373830963265618e+03 -4.503516359726947371e+01 0.000000000000000000e+00 0.000000000000000000e+00 8.405983121803473068e-02
-1.823852915523824549e+03 1.330194268251959102e+03 -3.715068691687388736e+01 0.000000000000000000e+00 0.000000000000000000e+00 1.125368916340789838e-01
-2.193978948499924627e+03 9.965531668953879034e+02 -4.394694902475548304e+01 0.000000000000000000e+00 0.000000000000000000e+00 5.265372681590463344e-02
-2.195642302541838035e+03 5.772890509881058279e+02 -4.004521679736760831e+01 0.000000000000000000e+00 0.000000000000000000e+00 -7.700381524691835011e-02
-2.011955954977236615e+03 8.297623852130188880e+02 -3.617852697576773124e+01 0.000000000000000000e+00 0.000000000000000000e+00 -1.925375131959583541e-02
-1.820223447560812019e+03 9.973852334755231368e+02 -3.232610190561913299e+01 0.000000000000000000e+00 0.000000000000000000e+00 5.245929593264264668e-02
-1.822947367084325379e+03 5.764380289540165450e+02 -2.836533151536234953e+01 0.000000000000000000e+00 0.000000000000000000e+00 -7.912467721020277622e-02
-1.525487452131842474e+03 1.747469525373324132e+03 -3.724898458190507000e+01 0.000000000000000000e+00 0.000000000000000000e+00 6.126086701542021729e-02
-1.526792963559291138e+03 1.329191680674780855e+03 -2.940943251587919960e+01 0.000000000000000000e+00 0.000000000000000000e+00 1.251950584812107081e-01
-1.344314313121274381e+03 1.582282634408424883e+03 -2.985981259284283951e+01 0.000000000000000000e+00 0.000000000000000000e+00 7.527465516911391319e-02
-1.152628070378377970e+03 1.752534421892800765e+03 -2.962989010396799117e+01 0.000000000000000000e+00 0.000000000000000000e+00 7.694027806576997364e-02
-1.152486212914052203e+03 1.332095721848126686e+03 -2.163386313328553712e+01 0.000000000000000000e+00 0.000000000000000000e+00 1.045357486853930595e-01
-1.527861825736865285e+03 9.911315099300855991e+02 -2.461099392495193072e+01 0.000000000000000000e+00 0.000000000000000000e+00 8.011726880704728160e-02
-1.529208379668007638e+03 5.766237863231432357e+02 -2.063892325392161453e+01 0.000000000000000000e+00 0.000000000000000000e+00 -8.444913121438801795e-02
-1.343625435603300730e+03 8.254282387305258908e+02 -1.860052528949194084e+01 0.000000000000000000e+00 0.000000000000000000e+00 4.226542699305824158e-02
-1.152789597430758477e+03 9.961476519129608960e+02 -1.678533652181622315e+01 0.000000000000000000e+00 0.000000000000000000e+00 3.427709504405029861e-02
-1.153796535238654997e+03 5.750380861956899707e+02 -1.267978798876103141e+01 0.000000000000000000e+00 0.000000000000000000e+00 -2.028536271046199602e-02
-8.556995742389617590e+02 9.920764027071060127e+02 -1.203440128944209775e+01 0.000000000000000000e+00 0.000000000000000000e+00 5.802832062134477553e-02
-8.582100718250846967e+02 5.773209870291414063e+02 -7.983252850857043725e+00 0.000000000000000000e+00 0.000000000000000000e+00 6.607607905470480603e-02
-6.721859452372841588e+02 8.268083065142175201e+02 -7.930918217129350190e+00 0.000000000000000000e+00 0.000000000000000000e+00 1.273036488724788029e-02
-4.807938247843963495e+02 9.970546959333726136e+02 -8.138413997501011465e+00 0.000000000000000000e+00 0.000000000000000000e+00 -1.990141748970941649e-02
-4.827383185059456423e+02 5.760107998791617092e+02 -3.972048246529929383e+00 0.000000000000000000e+00 0.000000000000000000e+00 -2.941476445532265060e-02
-8.549518925274389858e+02 2.430143820486270556e+02 -6.214216888310469145e+00 0.000000000000000000e+00 0.000000000000000000e+00 -1.598509865737556268e-01
-4.802931521024638073e+02 2.473949244155450060e+02 -2.236049258285498720e+00 0.000000000000000000e+00 0.000000000000000000e+00 -1.152070869897663385e-01
-4.816907895794080900e+02 -1.747918306414039762e+02 -2.058304610138229407e+00 0.000000000000000000e+00 0.000000000000000000e+00 -4.428338353719540876e-02
-6.724620543987733754e+02 7.658426194276609067e+01 -3.656937919112765112e+00 0.000000000000000000e+00 0.000000000000000000e+00 -7.983171613892192653e-02
-8.582466172914307663e+02 -1.744642271900147534e+02 -6.098168060208678298e+00 0.000000000000000000e+00 0.000000000000000000e+00 -8.609912624323268204e-02
-1.873883228253645257e+02 1.741352852558740324e+03 -1.932218172320881777e+01 0.000000000000000000e+00 0.000000000000000000e+00 1.544368924808097177e-01
-1.896879781450830080e+02 1.325103973737508113e+03 -1.137873454433905529e+01 0.000000000000000000e+00 0.000000000000000000e+00 7.994675871453971183e-02
-4.306070743339796003e+00 1.574270903703110207e+03 -1.560606411693411566e+01 0.000000000000000000e+00 0.000000000000000000e+00 7.180086885303005317e-02
1.872050678454563695e+02 1.744343270373128007e+03 -1.938626355679899760e+01 0.000000000000000000e+00 0.000000000000000000e+00 1.021499100889151634e-01
1.845582700995908283e+02 1.324341099139567405e+03 -1.135096881431662119e+01 0.000000000000000000e+00 0.000000000000000000e+00 7.095269522841540777e-02
-1.894439213593070974e+02 9.913585004728854528e+02 -6.521753701885692145e+00 0.000000000000000000e+00 0.000000000000000000e+00 6.214050032178430882e-02
-1.905367541667340561e+02 5.749245292948429551e+02 -2.397587919851888572e+00 0.000000000000000000e+00 0.000000000000000000e+00 2.256430671789111386e-02
-4.538271344336965107e+00 8.261200044753161364e+02 -4.340551103158302837e+00 0.000000000000000000e+00 0.000000000000000000e+00 5.597599557201071718e-03
1.861810483893713410e+02 9.958090984920046367e+02 -6.567806187158504727e+00 0.000000000000000000e+00 0.000000000000000000e+00 4.246144315681910086e-02
1.853162424192232436e+02 5.766091960502411666e+02 -2.394283188253734096e+00 0.000000000000000000e+00 0.000000000000000000e+00 3.669477592743586314e-02
-1.897715897320973397e+02 2.437671320207257963e+02 -6.684459127653763488e-01 0.000000000000000000e+00 0.000000000000000000e+00 -2.311277007572332121e-02
-4.002258648995374202e+00 7.810259906539667440e+01 -3.923585101718180673e-02 0.000000000000000000e+00 0.000000000000000000e+00 -2.374146702192522079e-02
1.860525831027045172e+02 2.491144183841730069e+02 -6.740990291099417941e-01 0.000000000000000000e+00 0.000000000000000000e+00 -1.045399821796008100e-01
1.861290097949423341e+02 -1.722849625440081809e+02 -4.688746586164836971e-01 0.000000000000000000e+00 0.000000000000000000e+00 1.117363987350472598e-02
-1.891838677213983999e+02 -1.717098039398117066e+02 -4.768063482460375146e-01 0.000000000000000000e+00 0.000000000000000000e+00 8.479748026124145355e-02
4.816330454955059395e+02 1.741753513262008255e+03 -2.086721155663261484e+01 0.000000000000000000e+00 0.000000000000000000e+00 6.278798440024502270e-02
4.801201412186531456e+02 1.324318838281446460e+03 -1.289642210166413427e+01 0.000000000000000000e+00 0.000000000000000000e+00 1.642011693859402044e-02
6.660109891663239523e+02 1.574360506131417878e+03 -1.907983518445916005e+01 0.000000000000000000e+00 0.000000000000000000e+00 4.080850898031584961e-02
8.571212743279434108e+02 1.744341567406675267e+03 -2.483943741424654661e+01 0.000000000000000000e+00 0.000000000000000000e+00 4.200099648323529777e-02
8.547731333492600925e+02 1.323112225865165328e+03 -1.680498888573688987e+01 0.000000000000000000e+00 0.000000000000000000e+00 2.230755615116208901e-03
4.823443135887306426e+02 9.930776552505085419e+02 -8.100429417803244547e+00 0.000000000000000000e+00 0.000000000000000000e+00 8.091247848865634751e-02
4.802396801089331575e+02 5.774453145664919020e+02 -3.963383469814191873e+00 0.000000000000000000e+00 0.000000000000000000e+00 -6.153053728357615881e-03
6.666571352328111288e+02 8.262255549326454229e+02 -7.866216702298527430e+00 0.000000000000000000e+00 0.000000000000000000e+00 4.055969131203251976e-02
8.576484074184620567e+02 9.963587454664565257e+02 -1.211404483327473613e+01 0.000000000000000000e+00 0.000000000000000000e+00 3.475305882669310620e-02
8.546838800688811943e+02 5.760443271419593430e+02 -7.926047833481999483e+00 0.000000000000000000e+00 0.000000000000000000e+00 -6.639531150172661711e-02
4.801323422703270012e+02 2.413059493899289691e+02 -2.215911279095841735e+00 0.000000000000000000e+00 0.000000000000000000e+00 -7.666771269691174950e-02
6.650422540467343424e+02 7.477589462611723548e+01 -3.575910541743557047e+00 0.000000000000000000e+00 0.000000000000000000e+00 -1.312428323282386344e-01
8.559766513592381898e+02 2.466709254832382499e+02 -6.239409387843623200e+00 0.000000000000000000e+00 0.000000000000000000e+00 -5.255535078875439581e-02
8.547297071880182102e+02 -1.764470708890387982e+02 -6.054545167700075226e+00 0.000000000000000000e+00 0.000000000000000000e+00 -5.056605537648461990e-02
4.797268894331205615e+02 -1.753252446636300874e+02 -2.044369949525355779e+00 0.000000000000000000e+00 0.000000000000000000e+00 -2.845426778165682791e-02
1.150354152572953353e+03 1.740859713008039989e+03 -2.933887880242735946e+01 0.000000000000000000e+00 0.000000000000000000e+00 1.998570585854508863e-02
1.149400650339467802e+03 1.323247730594466930e+03 -2.143287476355355636e+01 0.000000000000000000e+00 0.000000000000000000e+00 -7.410733827370563631e-03
1.334913470376791111e+03 1.574982299555103964e+03 -2.952271947894704596e+01 0.000000000000000000e+00 0.000000000000000000e+00 -6.933786300582056583e-03
1.525133433637573944e+03 1.745803799943486410e+03 -3.720518666216531045e+01 0.000000000000000000e+00 0.000000000000000000e+00 -2.130640692966778715e-02
1.524591036995278046e+03 1.323377037035041667e+03 -2.926247746886661005e+01 0.000000000000000000e+00 0.000000000000000000e+00 -2.619441728044691331e-02
1.152658195447523667e+03 9.923771548496705464e+02 -1.673630230005910136e+01 0.000000000000000000e+00 0.000000000000000000e+00 8.885177855557202520e-02
1.151949894675345831e+03 5.777000332881409577e+02 -1.266524124644281457e+01 0.000000000000000000e+00 0.000000000000000000e+00 -2.382322044136486738e-02
1.336459133109814502e+03 8.272142636305811720e+02 -1.846775435618212313e+01 0.000000000000000000e+00 0.000000000000000000e+00 -3.565042964032372197e-02
1.527814923197045800e+03 9.980013587043114285e+02 -2.469405425423919098e+01 0.000000000000000000e+00 0.000000000000000000e+00 -7.227021945380229795e-02
1.527064854103876087e+03 5.761964757535844228e+02 -2.058433873269527936e+01 0.000000000000000000e+00 0.000000000000000000e+00 -3.403729917593523169e-02
1.149844184321193325e+03 2.420216172930565790e+02 -1.091458761362950369e+01 0.000000000000000000e+00 0.000000000000000000e+00 -5.991504220513732548e-02
1.148509339290310436e+03 -1.756323515719024613e+02 -1.075102445802021300e+01 0.000000000000000000e+00 0.000000000000000000e+00 -1.065204417236564893e-01
1.334285513969085741e+03 7.573040696177245934e+01 -1.423345806980680628e+01 0.000000000000000000e+00 0.000000000000000000e+00 -3.886731606491622415e-02
1.524685434018110527e+03 2.455983240095166025e+02 -1.886570959357939614e+01 0.000000000000000000e+00 0.000000000000000000e+00 -1.088054386735777257e-01
1.523850098533330538e+03 -1.748952426367305861e+02 -1.872032614389658534e+01 0.000000000000000000e+00 0.000000000000000000e+00 -7.866152625425826272e-02
1.818989798754396134e+03 2.492506036930274604e+03 -6.377268185015383750e+01 0.000000000000000000e+00 0.000000000000000000e+00 -9.834521082966318772e-02
1.817024035778043981e+03 2.077127143163007531e+03 -5.235830142645851737e+01 0.000000000000000000e+00 0.000000000000000000e+00 -3.913631997029654030e-02
2.003312700106786224e+03 2.326055421666675556e+03 -6.432075155198151606e+01 0.000000000000000000e+00 0.000000000000000000e+00 -1.332964521663484447e-01
2.194723191173333817e+03 2.496483631983604482e+03 -7.524273445926715453e+01 0.000000000000000000e+00 0.000000000000000000e+00 -8.312160257295886368e-02
2.191029407910418740e+03 2.076457944729325845e+03 -6.373545703398540496e+01 0.000000000000000000e+00 0.000000000000000000e+00 -2.849960210529900451e-02
1.820114895015671436e+03 1.742370941434608540e+03 -4.473205439908508652e+01 0.000000000000000000e+00 0.000000000000000000e+00 -5.535513883452125583e-02
1.819113646982954606e+03 1.324939306746632383e+03 -3.693208916915308748e+01 0.000000000000000000e+00 0.000000000000000000e+00 -1.552369148512156016e-02
2.005141721236474041e+03 1.576015689152750610e+03 -4.683233924376188639e+01 0.000000000000000000e+00 0.000000000000000000e+00 -2.447639677448876228e-02
2.195347046813458292e+03 1.745696005337081715e+03 -5.633256484847721879e+01 0.000000000000000000e+00 0.000000000000000000e+00 -7.912419140320992028e-02
2.193557352715268735e+03 1.323901420432106079e+03 -4.850323430613274667e+01 0.000000000000000000e+00 0.000000000000000000e+00 -9.364310306477818813e-02
1.822280198846069197e+03 9.912533795401228645e+02 -3.231000689917038216e+01 0.000000000000000000e+00 0.000000000000000000e+00 -7.349760535177551901e-03
1.820205352655031675e+03 5.766047421818029761e+02 -2.828830848225525685e+01 0.000000000000000000e+00 0.000000000000000000e+00 7.063580654575218887e-02
2.196465167294456933e+03 9.970536237966720137e+02 -4.403722799269503696e+01 0.000000000000000000e+00 0.000000000000000000e+00 -2.109033241733726527e-02
2.194457291995110154e+03 5.753729208539418778e+02 -3.999168013419144074e+01 0.000000000000000000e+00 0.000000000000000000e+00 4.820722574912394975e-03
2.005914947441911863e+03 8.257344612016211158e+02 -3.594951928734953839e+01 0.000000000000000000e+00 0.000000000000000000e+00 -1.982687499707935785e-02
1.821097148671510013e+03 2.405412142477889574e+02 -2.666243497959146325e+01 0.000000000000000000e+00 0.000000000000000000e+00 -3.959609778753048204e-02
2.195645223144580086e+03 2.454224413545496759e+02 -3.844217455214974422e+01 0.000000000000000000e+00 0.000000000000000000e+00 1.108899526378337441e-02
1.818990941826404423e+03 -1.762894293179799092e+02 -2.651865667285924388e+01 0.000000000000000000e+00 0.000000000000000000e+00 3.686358459042082814e-02
2.004629272412391856e+03 7.519015450893293462e+01 -3.187923959871180557e+01 0.000000000000000000e+00 0.000000000000000000e+00 -7.680749258023666926e-02
2.194417105128956791e+03 -1.757070387861729159e+02 -3.833400719082740693e+01 0.000000000000000000e+00 0.000000000000000000e+00 -8.839652058281188829e-02
2.491584557005305669e+03 2.488267210430544310e+03 -8.539922645826813152e+01 0.000000000000000000e+00 0.000000000000000000e+00 2.747395045874867492e-01
2.489259416870851510e+03 2.072739484267615353e+03 -7.417595805913539664e+01 0.000000000000000000e+00 0.000000000000000000e+00 1.066410975223988089e-01
2.674229041300649897e+03 2.323636602593797761e+03 -8.779226273266095859e+01 0.000000000000000000e+00 0.000000000000000000e+00 6.697344317858551221e-01
2.863996221921503547e+03 2.494349037961667818e+03 -1.003533818189127231e+02 0.000000000000000000e+00 0.000000000000000000e+00 7.979840330674647930e-01
2.864820075230438761e+03 2.074610446734786819e+03 -8.926036769757274669e+01 0.000000000000000000e+00 0.000000000000000000e+00 2.126266458556358430e-01
2.489660592623032244e+03 1.739393970200755575e+03 -6.667588477611782594e+01 0.000000000000000000e+00 0.000000000000000000e+00 -1.204485285096694724e-01
2.488844851819176256e+03 1.322274731942778089e+03 -5.905995002984479214e+01 0.000000000000000000e+00 0.000000000000000000e+00 -1.568799964177927109e-01
2.673442021718989963e+03 1.573511723846745554e+03 -7.060151049720342087e+01 0.000000000000000000e+00 0.000000000000000000e+00 -1.681981304274842159e-01
2.865723153802807701e+03 1.744481208862458516e+03 -8.194258521305270904e+01 0.000000000000000000e+00 0.000000000000000000e+00 -1.017774269213731486e-01
2.864665159435612168e+03 1.322525920977011538e+03 -7.432228660028600586e+01 0.000000000000000000e+00 0.000000000000000000e+00 -1.933668533055055150e-01
2.491250493518004987e+03 9.922502036877249338e+02 -5.460904895293775496e+01 0.000000000000000000e+00 0.000000000000000000e+00 -1.646653711219485672e-01
2.488770106820070851e+03 5.755022176999149224e+02 -5.065024855383077096e+01 0.000000000000000000e+00 0.000000000000000000e+00 -6.206738002823897205e-02
2.674852050817237796e+03 8.261228397445386236e+02 -6.008149743886067284e+01 0.000000000000000000e+00 0.000000000000000000e+00 -1.815727041078147863e-01
2.864547317780570665e+03 9.948294624231224361e+02 -6.987425204293316483e+01 0.000000000000000000e+00 0.000000000000000000e+00 -2.515241856772263418e-01
2.863547968976255561e+03 5.739953357321245448e+02 -6.600118144686243227e+01 0.000000000000000000e+00 0.000000000000000000e+00 -1.835299985604308404e-01
2.863942112995258412e+03 -1.741898259542851406e+02 -6.449868283357966448e+01 0.000000000000000000e+00 0.000000000000000000e+00 -1.131484927949486519e-01
2.488458257444380706e+03 -1.739841513550261993e+02 -4.903515185308295798e+01 0.000000000000000000e+00 0.000000000000000000e+00 -7.831257696345517161e-03
2.865883175043681149e+03 2.474551301323339771e+02 -6.460259965539626137e+01 0.000000000000000000e+00 0.000000000000000000e+00 -1.233020310855579282e-01
2.490012602817256720e+03 2.428020186279974268e+02 -4.913263944295449193e+01 0.000000000000000000e+00 0.000000000000000000e+00 -4.640387671800283442e-02
2.674742810622090474e+03 7.711892568371506229e+01 -5.621750990232386869e+01 0.000000000000000000e+00 0.000000000000000000e+00 -9.117178319293373079e-02
1.816633314401510461e+03 -5.075729660868681776e+02 -2.794826591695152374e+01 0.000000000000000000e+00 0.000000000000000000e+00 1.389527963913934627e-01
2.194154219246662251e+03 -5.024618108763439182e+02 -3.980060300929167028e+01 0.000000000000000000e+00 0.000000000000000000e+00 5.069623804871525863e-03
2.192160079299231256e+03 -9.249126115604896086e+02 -4.362217563658654029e+01 0.000000000000000000e+00 0.000000000000000000e+00 7.846981319476498129e-02
2.002943663198115701e+03 -6.729583084121626371e+02 -3.481604352381120293e+01 0.000000000000000000e+00 0.000000000000000000e+00 6.983432197168326638e-02
1.817072831350686783e+03 -9.255768901836205487e+02 -3.183292191363381107e+01 0.000000000000000000e+00 0.000000000000000000e+00 1.352989539508442363e-01
2.491275225508516542e+03 -5.077034383175646894e+02 -5.066451822461772991e+01 0.000000000000000000e+00 0.000000000000000000e+00 2.888696959589509561e-02
2.673471346488440759e+03 -6.728671530532786846e+02 -5.919157650390954473e+01 0.000000000000000000e+00 0.000000000000000000e+00 -1.210459807711643521e-01
2.863485071231841175e+03 -5.031731127942992430e+02 -6.597216727647557377e+01 0.000000000000000000e+00 0.000000000000000000e+00 -1.255959158696384748e-01
2.862023204162482671e+03 -9.233064954602619991e+02 -6.973657406454373131e+01 0.000000000000000000e+00 0.000000000000000000e+00 -4.176532380805042521e-02
2.486421174195296771e+03 -9.238199745721967702e+02 -5.430775448864957156e+01 0.000000000000000000e+00 0.000000000000000000e+00 3.777567469782638909e-03
1.526298047927388325e+03 -5.046862935444909795e+02 -2.025190274552845437e+01 0.000000000000000000e+00 0.000000000000000000e+00 1.737088464345148964e-01
1.525016163104795396e+03 -9.242322890965450597e+02 -2.409813646084757366e+01 0.000000000000000000e+00 0.000000000000000000e+00 1.359957474222603935e-01
1.335855106872793840e+03 -6.744458298094335760e+02 -1.721781333999135555e+01 0.000000000000000000e+00 0.000000000000000000e+00 1.072134271872862143e-01
1.151372718727886195e+03 -5.076426130254944837e+02 -1.228251010025349466e+01 0.000000000000000000e+00 0.000000000000000000e+00 2.943143632220568406e-02
1.149048903933242855e+03 -9.237924680819915011e+02 -1.609224401124465942e+01 0.000000000000000000e+00 0.000000000000000000e+00 6.201537021071956701e-02
8.561603241776301729e+02 -5.023534518887271361e+02 -7.509258815749498162e+00 0.000000000000000000e+00 0.000000000000000000e+00 -2.398115524244737173e-03
8.559448172348149910e+02 -9.235078501359831762e+02 -1.138865107772350527e+01 0.000000000000000000e+00 0.000000000000000000e+00 9.612077094785220766e-02
6.667026524090789508e+02 -6.727911560948610941e+02 -6.490822996346079954e+00 0.000000000000000000e+00 0.000000000000000000e+00 -5.435746929043538955e-02
4.809007591651919142e+02 -5.076432761421388591e+02 -3.518931925618699719e+00 0.000000000000000000e+00 0.000000000000000000e+00 -5.075460599392123129e-03
4.795691130636031971e+02 -9.235208589567923809e+02 -7.354873588824620612e+00 0.000000000000000000e+00 0.000000000000000000e+00 2.763965355198205742e-02
1.878141692526191093e+02 -5.028543937969014337e+02 -1.912262597682556464e+00 0.000000000000000000e+00 0.000000000000000000e+00 -3.502380109425295984e-02
-3.287165843862761783e+00 -6.734876440690268282e+02 -2.924300605400655062e+00 0.000000000000000000e+00 0.000000000000000000e+00 -8.274256345256247869e-02
-1.871447554223811665e+02 -5.074469065113251531e+02 -1.940179355312393605e+00 0.000000000000000000e+00 0.000000000000000000e+00 6.325880659386884375e-03
1.860860287666349109e+02 -9.233603371616650293e+02 -5.781756195656855724e+00 0.000000000000000000e+00 0.000000000000000000e+00 -5.980650332244152878e-02
-1.892304342351959008e+02 -9.234996116147334533e+02 -5.792916632907785690e+00 0.000000000000000000e+00 0.000000000000000000e+00 8.278377187752461452e-02
-1.151218505004364488e+03 2.468401318622704821e+02 -1.095423599364307243e+01 0.000000000000000000e+00 0.000000000000000000e+00 -1.023989690638593686e-01
-1.152876888339118523e+03 -1.737624415485462350e+02 -1.082679920856290678e+01 0.000000000000000000e+00 0.000000000000000000e+00 -1.372104244719363209e-01
-1.341873987561390322e+03 7.726426806559564398e+01 -1.439589213069280405e+01 0.000000000000000000e+00 0.000000000000000000e+00 -2.307619108845955225e-01
-1.525720134972453707e+03 2.422634283326132163e+02 -1.888086137084726346e+01 0.000000000000000000e+00 0.000000000000000000e+00 -1.104292957873269643e-01
-1.527867466885512158e+03 -1.741975320429776843e+02 -1.881581757067062810e+01 0.000000000000000000e+00 0.000000000000000000e+00 -1.757535072016374045e-01
-2.191491816250771080e+03 -2.745093222034665814e+03 -8.526648040549571306e+01 0.000000000000000000e+00 0.000000000000000000e+00 -3.372642013107451930e-02
-2.010457830348150992e+03 -2.911745627062467520e+03 -8.527194349938510243e+01 0.000000000000000000e+00 0.000000000000000000e+00 -1.315175937433821218e-02
-1.819473365374955620e+03 -2.746740004410012261e+03 -7.401802533494492309e+01 0.000000000000000000e+00 0.000000000000000000e+00 5.846333609213161253e-02
-1.824056725586764969e+03 -3.166802118734857686e+03 -8.929687839876486066e+01 0.000000000000000000e+00 0.000000000000000000e+00 5.794785596307860942e-03
-2.195326867924186445e+03 -3.163797848490734395e+03 -1.002832044163876191e+02 0.000000000000000000e+00 0.000000000000000000e+00 6.214052704230255131e-02
-2.195315199123248021e+03 -2.418205129022389428e+03 -7.505854660207660345e+01 0.000000000000000000e+00 0.000000000000000000e+00 6.291934670136356544e-02
-2.011131452620152231e+03 -2.166202959545796148e+03 -6.195037416096699445e+01 0.000000000000000000e+00 0.000000000000000000e+00 3.083699365209469079e-02
-1.822236312435722994e+03 -2.419540402851110684e+03 -6.361927405882208575e+01 0.000000000000000000e+00 0.000000000000000000e+00 -3.757407037940652117e-02
-1.819924242761657524e+03 -1.998578021591591323e+03 -5.188987628441182665e+01 0.000000000000000000e+00 0.000000000000000000e+00 4.648191895766018433e-02
-2.191882855951795136e+03 -2.000358478200780155e+03 -6.348720610209420556e+01 0.000000000000000000e+00 0.000000000000000000e+00 4.245500392791967670e-02
-1.524091286597414182e+03 -2.746461610642666528e+03 -6.644869212695492422e+01 0.000000000000000000e+00 0.000000000000000000e+00 3.999079315265419154e-02
-1.343283248698743591e+03 -2.913034054174157063e+03 -6.831381741387242812e+01 0.000000000000000000e+00 0.000000000000000000e+00 1.263811715769946886e-01
-1.155200640806084493e+03 -3.166560669217421037e+03 -7.423184837784474155e+01 0.000000000000000000e+00 0.000000000000000000e+00 5.928175535487412162e-03
-1.151739250297994886e+03 -2.745103247799078417e+03 -5.871252882954875929e+01 0.000000000000000000e+00 0.000000000000000000e+00 7.183406045162854525e-02
-1.529274305484161005e+03 -3.165494029350134497e+03 -8.181117208703257404e+01 0.000000000000000000e+00 0.000000000000000000e+00 2.318048032255148883e-02
-1.522992521210675022e+03 -2.416926218194156718e+03 -5.579670874898609156e+01 0.000000000000000000e+00 0.000000000000000000e+00 -3.843931468735206636e-02
-1.522431060735734263e+03 -2.000021768600130599e+03 -4.415658986311878209e+01 0.000000000000000000e+00 0.000000000000000000e+00 -2.619648295478782529e-03
-1.341468788534609530e+03 -2.165474636351338631e+03 -4.446410315307740291e+01 0.000000000000000000e+00 0.000000000000000000e+00 -3.152521307337963208e-02
-1.151039676205654132e+03 -2.416689350590310823e+03 -4.803498964063938104e+01 0.000000000000000000e+00 0.000000000000000000e+00 -3.637711567129997547e-03
-1.148735910670090107e+03 -1.995983402084100817e+03 -3.619618965133882682e+01 0.000000000000000000e+00 0.000000000000000000e+00 2.266956810004927547e-02
-8.557061123135470098e+02 -2.746113435313970513e+03 -5.413091894431484263e+01 0.000000000000000000e+00 0.000000000000000000e+00 8.035613254276796624e-02
-6.785473395256175309e+02 -2.914014173143360495e+03 -5.798008928732784995e+01 0.000000000000000000e+00 0.000000000000000000e+00 2.252357362094414839e-02
-4.892819003400792326e+02 -3.168167771161603014e+03 -6.590796772101091960e+01 0.000000000000000000e+00 0.000000000000000000e+00 1.375241074097743876e-01
-4.823258606360651015e+02 -2.747561048416821905e+03 -5.028298995346153788e+01 0.000000000000000000e+00 0.000000000000000000e+00 1.255201475062719396e-01
-8.630021210659689359e+02 -3.164737802306528920e+03 -6.965395529459905788e+01 0.000000000000000000e+00 0.000000000000000000e+00 7.263117367057247975e-02
-8.589362589594035171e+02 -2.415262062449126006e+03 -4.338556311165289969e+01 0.000000000000000000e+00 0.000000000000000000e+00 3.986211547086071505e-02
-4.835367706370586234e+02 -1.995829198341871006e+03 -2.757988775982634166e+01 0.000000000000000000e+00 0.000000000000000000e+00 -5.425384718881076651e-02
-4.864861158916009458e+02 -2.415656538669098609e+03 -3.945021194469767778e+01 0.000000000000000000e+00 0.000000000000000000e+00 1.666363039780804911e-02
-8.560586492097586415e+02 -1.994668620659442468e+03 -3.151685114680650557e+01 0.000000000000000000e+00 0.000000000000000000e+00 4.271624111307659177e-03
-6.768586833980202755e+02 -2.163316553704418311e+03 -3.382685423967837579e+01 0.000000000000000000e+00 0.000000000000000000e+00 -3.351539294225602816e-02
-1.870769618141875412e+02 -2.752497786151900527e+03 -4.890816663725237134e+01 0.000000000000000000e+00 0.000000000000000000e+00 9.845184021828856658e-02
-1.893704492549927352e+02 -3.169096011270179133e+03 -6.437701506357846881e+01 0.000000000000000000e+00 0.000000000000000000e+00 5.574288434117136148e-02
1.861306412114364548e+02 -3.169339605264015063e+03 -6.437723532714962005e+01 0.000000000000000000e+00 0.000000000000000000e+00 1.361914730769484549e-01
1.880733260452747686e+02 -2.748842440627081487e+03 -4.878405655554658438e+01 0.000000000000000000e+00 0.000000000000000000e+00 7.964869734924207023e-02
-3.720781676224433898e+00 -2.919574578497815310e+03 -5.460493170301487709e+01 0.000000000000000000e+00 0.000000000000000000e+00 1.465515003260975391e-02
2.861861535994014957e+03 -2.421588559168279971e+03 -1.004651350395036076e+02 0.000000000000000000e+00 0.000000000000000000e+00 -1.543053613268199342e-01
2.673366251105334868e+03 -2.171921586916545493e+03 -8.574177835273847847e+01 0.000000000000000000e+00 0.000000000000000000e+00 -6.451976006850657086e-02
2.487788777545382345e+03 -2.422610918357980609e+03 -8.555748445223144927e+01 0.000000000000000000e+00 0.000000000000000000e+00 -1.455611249225228221e-01
2.489234818954026196e+03 -2.006040442605647058e+03 -7.428654173774145875e+01 0.000000000000000000e+00 0.000000000000000000e+00 -1.631032608502493986e-01
2.863406352118415271e+03 -2.000597545676562277e+03 -8.928700520338210822e+01 0.000000000000000000e+00 0.000000000000000000e+00 -1.684810973835340064e-01
-1.156621574527445318e+03 -1.665969476517460407e+03 -2.860485672883589814e+01 0.000000000000000000e+00 0.000000000000000000e+00 -2.901298100046290074e-02
-1.530070256754424463e+03 -1.666061157021371173e+03 -3.654571980418275956e+01 0.000000000000000000e+00 0.000000000000000000e+00 -3.473289949394597897e-02
-1.526172991319637276e+03 -1.246423113931965872e+03 -2.862540062444698563e+01 0.000000000000000000e+00 0.000000000000000000e+00 -1.206647282964539158e-01
-1.345974426943657591e+03 -1.414424229238256657e+03 -2.739281267728308222e+01 0.000000000000000000e+00 0.000000000000000000e+00 -9.862342129139989311e-02
-1.152268470550621259e+03 -1.245849966879854719e+03 -2.065846807187571343e+01 0.000000000000000000e+00 0.000000000000000000e+00 -9.687826295571966284e-02
1.335268587091475638e+03 -2.919592932114676842e+03 -6.838605868647253772e+01 0.000000000000000000e+00 0.000000000000000000e+00 1.194820258519229128e-01
1.149702112101515013e+03 -2.754547486834152551e+03 -5.900119149517540507e+01 0.000000000000000000e+00 0.000000000000000000e+00 1.534550703272401506e-01
1.149774285238990615e+03 -3.170769939170281759e+03 -7.430050622384979420e+01 0.000000000000000000e+00 0.000000000000000000e+00 4.135366326761413802e-02
1.526261409695757038e+03 -2.748198680028914623e+03 -6.655882961354834038e+01 0.000000000000000000e+00 0.000000000000000000e+00 -2.981038677248193380e-02
1.523470556318239232e+03 -3.170321216478440874e+03 -8.186367166848259558e+01 0.000000000000000000e+00 0.000000000000000000e+00 4.183838682885721028e-02
1.148670612859189532e+03 -2.421264943409231364e+03 -4.813231704902688790e+01 0.000000000000000000e+00 0.000000000000000000e+00 2.760794037458680350e-02
1.523817427781792958e+03 -2.419553351109353571e+03 -5.589601226675652157e+01 0.000000000000000000e+00 0.000000000000000000e+00 5.162934043126199413e-02
1.525834089166414060e+03 -2.000819200196027168e+03 -4.425818936953303506e+01 0.000000000000000000e+00 0.000000000000000000e+00 2.993897318759053405e-02
1.149501612312114958e+03 -2.006028331573158312e+03 -3.646671350772309239e+01 0.000000000000000000e+00 0.000000000000000000e+00 7.379178314320000709e-02
1.335318126686640881e+03 -2.170851554181622760e+03 -4.448283159218383531e+01 0.000000000000000000e+00 0.000000000000000000e+00 3.693810798165486631e-02
8.569894916820402386e+02 -2.750506333035278658e+03 -5.429980047996259884e+01 0.000000000000000000e+00 0.000000000000000000e+00 8.637586626943516421e-02
8.540209601838752178e+02 -3.169860487852555252e+03 -6.973633047013660757e+01 0.000000000000000000e+00 0.000000000000000000e+00 9.021277801767269011e-02
6.652094086919496476e+02 -2.919647097075267538e+03 -5.804675995829600765e+01 0.000000000000000000e+00 0.000000000000000000e+00 5.040800432778524964e-02
4.813916876981804194e+02 -2.753793378501567531e+03 -5.049223782305595876e+01 0.000000000000000000e+00 0.000000000000000000e+00 1.349126513936624860e-01
4.792936054058907871e+02 -3.169232136943291152e+03 -6.587538349371237700e+01 0.000000000000000000e+00 0.000000000000000000e+00 1.068459498652316597e-01
8.563005088048358857e+02 -2.000091515334527685e+03 -3.165889044235706606e+01 0.000000000000000000e+00 0.000000000000000000e+00 1.544138895442550563e-01
8.545242262886729350e+02 -2.419668405401726886e+03 -4.346136873242356558e+01 0.000000000000000000e+00 0.000000000000000000e+00 9.089892934297694183e-02
6.655587535470765488e+02 -2.171151717805219050e+03 -3.392384333761899029e+01 0.000000000000000000e+00 0.000000000000000000e+00 3.908170825501855461e-02
4.802751721405844023e+02 -2.421475124471118761e+03 -3.958207423846958761e+01 0.000000000000000000e+00 0.000000000000000000e+00 7.026131243900124446e-02
4.814988451545139014e+02 -2.005242651133835352e+03 -2.780610904595979349e+01 0.000000000000000000e+00 0.000000000000000000e+00 1.413242585235607862e-01
1.867255242307731464e+02 -2.000573698059407434e+03 -2.611650282174986870e+01 0.000000000000000000e+00 0.000000000000000000e+00 8.384716091036992225e-02
1.833197238929645039e+02 -2.421308342896213162e+03 -3.802060646325800519e+01 0.000000000000000000e+00 0.000000000000000000e+00 1.014161101515682617e-01
-5.861294580072729410e+00 -2.171259902232785407e+03 -3.041105256712366867e+01 0.000000000000000000e+00 0.000000000000000000e+00 1.189705626180526110e-02
-1.882852509539536925e+02 -2.003651458229130867e+03 -2.620039383967262125e+01 0.000000000000000000e+00 0.000000000000000000e+00 9.068557148717459881e-02
-1.921466538556020396e+02 -2.419878106414455942e+03 -3.800264928232967065e+01 0.000000000000000000e+00 0.000000000000000000e+00 1.015647998915554240e-01
-8.601119415984604757e+02 -1.672816507354739088e+03 -2.399406952472598675e+01 0.000000000000000000e+00 0.000000000000000000e+00 -8.108630624411716781e-02
-4.845833789628224508e+02 -1.673231830901248486e+03 -1.997025553095710748e+01 0.000000000000000000e+00 0.000000000000000000e+00 6.010675267921072873e-02
-8.579081507100064528e+02 -1.254887481503013305e+03 -1.607795574617408718e+01 0.000000000000000000e+00 0.000000000000000000e+00 -1.508876981827818042e-01
-6.735589539168767033e+02 -1.421583111789746226e+03 -1.669759906089787194e+01 0.000000000000000000e+00 0.000000000000000000e+00 -1.296063706042893671e-01
-4.821098910440593954e+02 -1.252185554483349051e+03 -1.199766437387394014e+01 0.000000000000000000e+00 0.000000000000000000e+00 -4.683984601857105190e-02
2.192745856889892366e+03 -2.420004135574727115e+03 -7.502635779587531317e+01 0.000000000000000000e+00 0.000000000000000000e+00 -2.292469312858713693e-02
1.817745216404644680e+03 -2.420237105929152222e+03 -6.351433731749188638e+01 0.000000000000000000e+00 0.000000000000000000e+00 3.479806468438084721e-02
1.818446506573730630e+03 -2.004998344906605780e+03 -5.201015342843430744e+01 0.000000000000000000e+00 0.000000000000000000e+00 7.368506965433851974e-02
2.003263465084450445e+03 -2.170891583701784839e+03 -6.183382848114539598e+01 0.000000000000000000e+00 0.000000000000000000e+00 -4.281909986328003015e-02
2.194286802189377795e+03 -2.000155325120097586e+03 -6.356329739839897996e+01 0.000000000000000000e+00 0.000000000000000000e+00 2.783584964579688403e-02
2.195744129804514159e+03 -2.748853409135083439e+03 -8.553253608052216350e+01 0.000000000000000000e+00 0.000000000000000000e+00 4.156396623187674777e-03
2.192235106808446290e+03 -3.169350241416645986e+03 -1.003922971284082024e+02 0.000000000000000000e+00 0.000000000000000000e+00 -1.611838577829871610e-03
2.004065224920975425e+03 -2.918224894226179458e+03 -8.530831932994303202e+01 0.000000000000000000e+00 0.000000000000000000e+00 -3.651191423710997697e-02
1.818858946749910956e+03 -3.170428545650615433e+03 -8.929384313166048059e+01 0.000000000000000000e+00 0.000000000000000000e+00 9.184957642921176557e-02
1.821459559568855184e+03 -2.753126077102604086e+03 -7.428945605903545868e+01 0.000000000000000000e+00 0.000000000000000000e+00 1.307256241047554113e-01
4.799431814290147713e+02 -1.672367934239631950e+03 -1.991581389105250111e+01 0.000000000000000000e+00 0.000000000000000000e+00 1.709439643345653792e-01
6.658134570163749686e+02 -1.421866987715638970e+03 -1.661973019847139099e+01 0.000000000000000000e+00 0.000000000000000000e+00 3.085096141224497046e-02
8.557742494475049853e+02 -1.670197841609437091e+03 -2.387840664685741388e+01 0.000000000000000000e+00 0.000000000000000000e+00 1.725269873546935173e-01
8.557751336716210062e+02 -1.249429640160296458e+03 -1.596047778992129196e+01 0.000000000000000000e+00 0.000000000000000000e+00 1.762114645251298128e-01
4.808039763185771562e+02 -1.256153990971085932e+03 -1.205191158430995202e+01 0.000000000000000000e+00 0.000000000000000000e+00 1.936685127055746136e-01
1.842618181451129544e+02 -1.671632031207603859e+03 -1.832768339278594638e+01 0.000000000000000000e+00 0.000000000000000000e+00 1.958938091260584713e-01
-1.911780117198528899e+02 -1.672111544723976749e+03 -1.835883227229581394e+01 0.000000000000000000e+00 0.000000000000000000e+00 1.058910280009257576e-01
-1.881216810291775232e+02 -1.255304348336703015e+03 -1.046522367518469210e+01 0.000000000000000000e+00 0.000000000000000000e+00 -2.506861253120362676e-02
1.866043049043554163e+02 -1.250213801970846816e+03 -1.037816456451464830e+01 0.000000000000000000e+00 0.000000000000000000e+00 1.186614320123116073e-01
-4.394884943245866538e+00 -1.421187788544407113e+03 -1.305192723437121316e+01 0.000000000000000000e+00 0.000000000000000000e+00 2.061505700635102301e-02
-2.863222086953789130e+03 -1.665363928618630553e+03 -8.175175384704539283e+01 0.000000000000000000e+00 0.000000000000000000e+00 -1.849986103178480334e-02
-2.491535546351577523e+03 -1.663967386573887552e+03 -6.657281248959500886e+01 0.000000000000000000e+00 0.000000000000000000e+00 -7.953070620342828079e-02
-2.862017104792611462e+03 -1.248905067673535086e+03 -7.417558947167947281e+01 0.000000000000000000e+00 0.000000000000000000e+00 -6.393118774505524016e-02
-2.680827311959588769e+03 -1.412529035939734968e+03 -6.923732827737978823e+01 0.000000000000000000e+00 0.000000000000000000e+00 -5.972749253979259265e-02
-2.489748172258229715e+03 -1.244374050147325534e+03 -5.884323328657035290e+01 0.000000000000000000e+00 0.000000000000000000e+00 -5.863151746704176048e-02
-2.860113320040648887e+03 -1.994866313640186036e+03 -8.900618052896777499e+01 0.000000000000000000e+00 0.000000000000000000e+00 -6.090226066606874156e-02
-2.864175198179585095e+03 -2.416451317384455706e+03 -1.004143480588452348e+02 0.000000000000000000e+00 0.000000000000000000e+00 -7.101681346941290940e-02
-2.484916943501501464e+03 -1.993061838012159569e+03 -7.380189506951428768e+01 0.000000000000000000e+00 0.000000000000000000e+00 -4.490431078006906773e-02
-2.678715217957340883e+03 -2.161648247179005921e+03 -8.568545603391783061e+01 0.000000000000000000e+00 0.000000000000000000e+00 -1.118286942756299140e-01
-2.488725511172489860e+03 -2.413804105237873955e+03 -8.533298924659294471e+01 0.000000000000000000e+00 0.000000000000000000e+00 -1.549803829728091387e-01
-2.194871509641240664e+03 -1.675326783065576819e+03 -5.609557918647810482e+01 0.000000000000000000e+00 0.000000000000000000e+00 -9.684197783215608979e-03
-1.823377782101449611e+03 -1.671542878121162857e+03 -4.439048971309200908e+01 0.000000000000000000e+00 0.000000000000000000e+00 7.504067176716944232e-02
-2.196796668798143401e+03 -1.254446743153141142e+03 -4.836162483205084328e+01 0.000000000000000000e+00 0.000000000000000000e+00 -1.005296971400539974e-01
-2.015188640169820928e+03 -1.420019605264504435e+03 -4.520903322439578176e+01 0.000000000000000000e+00 0.000000000000000000e+00 -6.898657068310853901e-02
-1.824430193800224970e+03 -1.252358671940733529e+03 -3.660849727042815971e+01 0.000000000000000000e+00 0.000000000000000000e+00 -6.157401563952191736e-02
-4.811070433536326050e+02 -5.041877729198471343e+02 -3.497948139054159356e+00 0.000000000000000000e+00 0.000000000000000000e+00 -1.175274386695703832e-01
-8.565141687620655375e+02 -5.069418686726854162e+02 -7.544080673168843454e+00 0.000000000000000000e+00 0.000000000000000000e+00 -2.356478979404865726e-01
-6.727448907821207058e+02 -6.742445805686750191e+02 -6.568439065534471766e+00 0.000000000000000000e+00 0.000000000000000000e+00 -1.988578129361489033e-01
-4.835471665936055956e+02 -9.242624007853388548e+02 -7.394527202676610678e+00 0.000000000000000000e+00 0.000000000000000000e+00 -7.316556513532912476e-02
-8.574979046461102143e+02 -9.239630182187393075e+02 -1.141540768900811642e+01 0.000000000000000000e+00 0.000000000000000000e+00 -3.303555025840942960e-02
-1.151830773027539635e+03 -5.024436039966259955e+02 -1.225687417494466480e+01 0.000000000000000000e+00 0.000000000000000000e+00 -1.668814786098842262e-01
-1.153855335236801920e+03 -9.234172752635074630e+02 -1.617613048582381907e+01 0.000000000000000000e+00 0.000000000000000000e+00 -8.088650347256987061e-02
-1.341264359903551167e+03 -6.726048904504782513e+02 -1.731705457698081929e+01 0.000000000000000000e+00 0.000000000000000000e+00 -1.219518773995709182e-01
-1.526547613435752965e+03 -5.051386909520765585e+02 -2.026091875756197425e+01 0.000000000000000000e+00 0.000000000000000000e+00 -1.796985051215216345e-01
-1.527615605985529783e+03 -9.225752439719988161e+02 -2.414135338163319489e+01 0.000000000000000000e+00 0.000000000000000000e+00 -9.171240458728391332e-02
-1.820295293877805761e+03 2.464091663088851192e+02 -2.665624960009525424e+01 0.000000000000000000e+00 0.000000000000000000e+00 -1.143616995004386183e-01
-1.822031985240809945e+03 -1.724005714331516970e+02 -2.659654565274382065e+01 0.000000000000000000e+00 0.000000000000000000e+00 -1.402001466227567050e-01
-2.010901344597876005e+03 7.699301677420230305e+01 -3.207779881968654934e+01 0.000000000000000000e+00 0.000000000000000000e+00 -1.006011330398450809e-01
-2.195022990572682374e+03 2.428533818670215396e+02 -3.841380479714472784e+01 0.000000000000000000e+00 0.000000000000000000e+00 -4.560562399754530816e-02
-2.195808872030975635e+03 -1.728912600027326789e+02 -3.837480215958096608e+01 0.000000000000000000e+00 0.000000000000000000e+00 -1.177608479563332367e-01
-1.819987051867688024e+03 -4.968049035836596090e+02 -2.797394157974483875e+01 0.000000000000000000e+00 0.000000000000000000e+00 -1.122017894081537293e-01
-1.824531083935333072e+03 -9.171888225348816377e+02 -3.194757305994935948e+01 0.000000000000000000e+00 0.000000000000000000e+00 -8.538850852454871188e-02
-2.012380300410892687e+03 -6.632408520321447440e+02 -3.502952208605464790e+01 0.000000000000000000e+00 0.000000000000000000e+00 -1.513766603105253239e-01
-2.192867207832211989e+03 -4.964992504965152875e+02 -3.971758157029686487e+01 0.000000000000000000e+00 0.000000000000000000e+00 -1.527948598433965799e-01
-2.197354344362434404e+03 -9.172617582632909716e+02 -4.370985998480998092e+01 0.000000000000000000e+00 0.000000000000000000e+00 -9.276133824136678641e-02
-2.491995144794299449e+03 -1.752347547196463893e+02 -4.917464393114661902e+01 0.000000000000000000e+00 0.000000000000000000e+00 -9.551401074150334125e-02
-2.681975820789575209e+03 7.630610694326850307e+01 -5.651490899556329595e+01 0.000000000000000000e+00 0.000000000000000000e+00 -4.358839673460579434e-02
-2.867501748030997078e+03 2.407006578325006103e+02 -6.465604660312644114e+01 0.000000000000000000e+00 0.000000000000000000e+00 -2.483740594411187885e-02
-2.866431098502283021e+03 -1.755450969578061517e+02 -6.461116755278509061e+01 0.000000000000000000e+00 0.000000000000000000e+00 -1.310181276268309603e-01
-2.490868401775124312e+03 2.461732439848663603e+02 -4.917461089490908677e+01 0.000000000000000000e+00 0.000000000000000000e+00 -5.992502253796772038e-02
-2.488905520920794970e+03 -4.990379028525248941e+02 -5.051615629430490628e+01 0.000000000000000000e+00 0.000000000000000000e+00 -6.988940104852048307e-02
-2.492115383073753947e+03 -9.191285723738537854e+02 -5.447190892437159704e+01 0.000000000000000000e+00 0.000000000000000000e+00 -3.466868078410101361e-02
-2.681316227988187165e+03 -6.663296621216102267e+02 -5.945849129394058252e+01 0.000000000000000000e+00 0.000000000000000000e+00 -9.919926102102749610e-02
-2.862409280543509794e+03 -4.990817068245112296e+02 -6.589837087145470207e+01 0.000000000000000000e+00 0.000000000000000000e+00 -8.469672396800831393e-02
-2.864903636294301577e+03 -9.178125198979503239e+02 -6.979853270739941706e+01 0.000000000000000000e+00 0.000000000000000000e+00 -3.710574893416662690e-02
1.818938013407846256e+03 -1.671759882603201504e+03 -4.426847925869908096e+01 0.000000000000000000e+00 0.000000000000000000e+00 2.044519023669693070e-01
2.004398180176922551e+03 -1.421723230519523668e+03 -4.490081953320567010e+01 0.000000000000000000e+00 0.000000000000000000e+00 -4.475809608285175045e-02
2.195963626364663014e+03 -1.252175725058910757e+03 -4.829694901123934869e+01 0.000000000000000000e+00 0.000000000000000000e+00 1.138764570088426353e-01
1.820522021357226322e+03 -1.256111742765125200e+03 -3.655665589304444296e+01 0.000000000000000000e+00 0.000000000000000000e+00 6.350536161829012372e-02
2.193929880843568753e+03 -1.672090902445890379e+03 -5.599535351372598058e+01 0.000000000000000000e+00 0.000000000000000000e+00 -1.567087639546826949e-02
2.488046695049013579e+03 -1.674844916242373301e+03 -6.666637261206298604e+01 0.000000000000000000e+00 0.000000000000000000e+00 -7.472497960586110821e-02
2.485981200395709038e+03 -1.257855850733443958e+03 -5.891161939584744545e+01 0.000000000000000000e+00 0.000000000000000000e+00 -6.782974625661353230e-02
2.671638997284398101e+03 -1.422867686439152521e+03 -6.904454288781846572e+01 0.000000000000000000e+00 0.000000000000000000e+00 -1.741439517834635353e-01
2.860671414618992912e+03 -1.250044705440304369e+03 -7.413479288311985727e+01 0.000000000000000000e+00 0.000000000000000000e+00 -1.648521932342390528e-01
2.862837329967722326e+03 -1.672581116457130520e+03 -8.188349816067832876e+01 0.000000000000000000e+00 0.000000000000000000e+00 -2.232178456256690424e-01
1.149949822357466473e+03 -1.672702044238418011e+03 -2.862689077200066379e+01 0.000000000000000000e+00 0.000000000000000000e+00 9.018774280126962140e-02
1.151949545058290369e+03 -1.257522872069769164e+03 -2.084088849755305262e+01 0.000000000000000000e+00 0.000000000000000000e+00 1.662401280121876823e-01
1.334345154037208204e+03 -1.423845134002137911e+03 -2.731714724051096965e+01 0.000000000000000000e+00 0.000000000000000000e+00 3.175220192494876414e-02
1.524887150608428328e+03 -1.673798218397973869e+03 -3.658586059638771104e+01 0.000000000000000000e+00 0.000000000000000000e+00 1.268446537057670298e-01
1.527217542875891240e+03 -1.252882963464581508e+03 -2.875433450073715136e+01 0.000000000000000000e+00 0.000000000000000000e+00 2.904278816649963346e-02
