# x y z x_res y_res z_res
-1.944799212942410350e+03 2.329354268601540298e+03 1.380473701234290900e+02 0.000000000000000000e+00 0.000000000000000000e+00 -5.357835684336009763e-02
-2.142824589602013475e+03 2.149414576458230840e+03 1.387964369538122753e+02 0.000000000000000000e+00 0.000000000000000000e+00 -6.148441899560452839e-02
-1.952793928000343840e+03 1.915860107797532464e+03 1.156526088809033013e+02 0.000000000000000000e+00 0.000000000000000000e+00 2.537942188689612522e-02
-2.277515073173211022e+03 1.895466134538711685e+03 1.336319495281548768e+02 0.000000000000000000e+00 0.000000000000000000e+00 -2.920909974270102794e-02
-1.943014087371721871e+03 1.601738618977783517e+03 1.009245793721963338e+02 0.000000000000000000e+00 0.000000000000000000e+00 -5.950896538769256949e-02
-1.926696213709258473e+03 1.246458449166836317e+03 8.717007878348859151e+01 0.000000000000000000e+00 0.000000000000000000e+00 2.339402085029007594e-02
-2.109997083553411812e+03 1.425268047470736747e+03 1.032995060732863521e+02 0.000000000000000000e+00 0.000000000000000000e+00 3.200822384239643270e-02
-2.305643587266992654e+03 1.587772916882630398e+03 1.214395071482089179e+02 0.000000000000000000e+00 0.000000000000000000e+00 1.782729951855799300e-03
-2.322078279196498897e+03 1.245912771756981101e+03 1.099070254695201214e+02 0.000000000000000000e+00 0.000000000000000000e+00 -4.007791356535506111e-02
-2.635597011569452661e+03 1.615510429489713260e+03 1.450882979339685903e+02 0.000000000000000000e+00 0.000000000000000000e+00 -4.360714296223022757e-02
-2.637052127446393570e+03 1.210729799390220705e+03 1.300849727605719579e+02 0.000000000000000000e+00 0.000000000000000000e+00 9.073828070143008517e-04
-2.809668525070692795e+03 1.435665404872194813e+03 1.509225040568069005e+02 0.000000000000000000e+00 0.000000000000000000e+00 1.507502519459080759e-02
-3.006754656889359921e+03 1.586219435854754238e+03 1.729598056280367473e+02 0.000000000000000000e+00 0.000000000000000000e+00 -2.600193971341013821e-02
-3.015638983441337587e+03 1.248978195755232491e+03 1.607934279441138585e+02 0.000000000000000000e+00 0.000000000000000000e+00 -5.704110468630574360e-02
-1.941239536733674413e+03 8.997690477353748975e+02 7.848354876052881934e+01 0.000000000000000000e+00 0.000000000000000000e+00 1.465083681287637773e-02
-1.944211268576107841e+03 5.103381925995342385e+02 7.162308014100392484e+01 0.000000000000000000e+00 0.000000000000000000e+00 1.295588291935700909e-02
-2.111664205231359574e+03 7.109753758913086585e+02 8.381561308510615049e+01 0.000000000000000000e+00 0.000000000000000000e+00 -5.413065928024707318e-02
-2.301441056769206170e+03 8.623789905230325985e+02 9.812580005480631939e+01 0.000000000000000000e+00 0.000000000000000000e+00 -3.271260366275896558e-02
-2.314066548057862747e+03 4.578274387429088392e+02 9.186272436171967115e+01 0.000000000000000000e+00 0.000000000000000000e+00 1.899526647321181372e-03
-2.619952471773955494e+03 8.613746446947594677e+02 1.192685548623969112e+02 0.000000000000000000e+00 0.000000000000000000e+00 6.709804643094230414e-03
-2.620592302659398229e+03 4.723525357432122860e+02 1.122839757978709798e+02 0.000000000000000000e+00 0.000000000000000000e+00 3.904854422259518287e-03
-2.808118926792623824e+03 7.107360166826393879e+02 1.299239883953056562e+02 0.000000000000000000e+00 0.000000000000000000e+00 -4.666464915979418038e-02
-3.010245218564679362e+03 8.785345070518739021e+02 1.496221905034074666e+02 0.000000000000000000e+00 0.000000000000000000e+00 -3.081791703095859702e-02
-3.021945601553643883e+03 4.893439402690872839e+02 1.431141081047357773e+02 0.000000000000000000e+00 0.000000000000000000e+00 2.951440397143301198e-02
-1.940498782966646104e+03 1.892732085398264417e+02 6.843838676670523569e+01 0.000000000000000000e+00 0.000000000000000000e+00 -6.657902015362537895e-03
-1.944662335676677458e+03 -1.961965067218936554e+02 6.830347510623384721e+01 0.000000000000000000e+00 0.000000000000000000e+00 1.197725783633529772e-02
-2.109230984409636676e+03 5.557534735642334134e+00 7.679710303174154262e+01 0.000000000000000000e+00 0.000000000000000000e+00 5.693451148971462317e-03
-2.322468765521040496e+03 1.557485979244143550e+02 8.973908503980536011e+01 0.000000000000000000e+00 0.000000000000000000e+00 6.753889696150849886e-02
-2.323533036186577647e+03 -1.848452082845178666e+02 8.945559484204042633e+01 0.000000000000000000e+00 0.000000000000000000e+00 4.658372012954714592e-03
-2.612348692332906012e+03 1.630294680323679302e+02 1.087943292709484098e+02 0.000000000000000000e+00 0.000000000000000000e+00 -4.508594193536907824e-02
-2.637434745831898908e+03 -2.052834292704819461e+02 1.101007348675900346e+02 0.000000000000000000e+00 0.000000000000000000e+00 1.424746420380529344e-02
-2.810712923959521504e+03 9.417964737287849886e+00 1.225698485653063017e+02 0.000000000000000000e+00 0.000000000000000000e+00 -1.553220304303692956e-02
-3.008786546626986819e+03 1.590699428233734807e+02 1.386786723987275991e+02 0.000000000000000000e+00 0.000000000000000000e+00 -1.449048508635542021e-02
-3.020759803179703795e+03 -2.082025980704283370e+02 1.390588921672656966e+02 0.000000000000000000e+00 0.000000000000000000e+00 4.709583208023104817e-02
-1.936922632977200237e+03 -5.173196322375853242e+02 7.027901719632656352e+01 0.000000000000000000e+00 0.000000000000000000e+00 3.564317953946272155e-02
-1.941510374196835983e+03 -9.007017018800539745e+02 7.644524444190275858e+01 0.000000000000000000e+00 0.000000000000000000e+00 5.887920178523131653e-02
-2.144018560553559382e+03 -6.800800794997002185e+02 8.336330936726000118e+01 0.000000000000000000e+00 0.000000000000000000e+00 2.532911071597254704e-03
-2.332139385564214990e+03 -5.261903318730596766e+02 9.238074059021073481e+01 0.000000000000000000e+00 0.000000000000000000e+00 4.819899266146876471e-02
-2.321009885097718779e+03 -9.019151571593359904e+02 9.748203632359503956e+01 0.000000000000000000e+00 0.000000000000000000e+00 2.930040833199143435e-02
-2.638863492714591757e+03 -5.191902143826184783e+02 1.123696721322553458e+02 0.000000000000000000e+00 0.000000000000000000e+00 -3.843766494355804753e-04
-2.641879762876253153e+03 -9.071116160113291471e+02 1.184627095563111112e+02 0.000000000000000000e+00 0.000000000000000000e+00 5.225975551623207593e-02
-2.832838950354527697e+03 -6.862809587099585542e+02 1.285159108630524543e+02 0.000000000000000000e+00 0.000000000000000000e+00 -2.609683298828713305e-02
-3.031341910780398393e+03 -5.089486213513673079e+02 1.418569471578734920e+02 0.000000000000000000e+00 0.000000000000000000e+00 1.164430499483160020e-02
-3.024815562245818455e+03 -8.970622828043499339e+02 1.470231698454643663e+02 0.000000000000000000e+00 0.000000000000000000e+00 1.357958437787942785e-02
-1.941034668414275075e+03 -1.230114609405247620e+03 8.419815170494044310e+01 0.000000000000000000e+00 0.000000000000000000e+00 7.875621719222181127e-05
-1.930251471083576689e+03 -1.620819798141715182e+03 9.607690600317798157e+01 0.000000000000000000e+00 0.000000000000000000e+00 5.652924922468116620e-02
-2.130521637370671215e+03 -1.386373809265229511e+03 9.872242813534549555e+01 0.000000000000000000e+00 0.000000000000000000e+00 2.478754691483686656e-02
-2.327059438550210871e+03 -1.627943071712341407e+03 1.182317093913583363e+02 0.000000000000000000e+00 0.000000000000000000e+00 -6.197150160232922644e-03
-2.303525407793959857e+03 -1.248957237525379924e+03 1.046606875006294644e+02 0.000000000000000000e+00 0.000000000000000000e+00 1.237150964418276544e-02
-2.642659987956357782e+03 -1.610272709020023512e+03 1.381211740769681739e+02 0.000000000000000000e+00 0.000000000000000000e+00 4.503494749465630775e-02
-2.636136544815773505e+03 -1.222220377866358376e+03 1.254273460069757675e+02 0.000000000000000000e+00 0.000000000000000000e+00 1.828102293066535822e-02
-2.830458088139869233e+03 -1.377785805721257248e+03 1.439209916287089470e+02 0.000000000000000000e+00 0.000000000000000000e+00 3.947317245271619868e-02
-3.012293401493120200e+03 -1.624900088916714139e+03 1.663087914930694069e+02 0.000000000000000000e+00 0.000000000000000000e+00 9.783514504931645206e-03
-3.020129875977024312e+03 -1.234680294497441082e+03 1.545025210008222700e+02 0.000000000000000000e+00 0.000000000000000000e+00 4.766550849839745752e-02
-1.911534723868479205e+03 -1.964846568358808781e+03 1.089563982202595014e+02 0.000000000000000000e+00 0.000000000000000000e+00 9.666756828806910562e-03
-1.936718744435568851e+03 -2.329475312526427388e+03 1.278074789683689261e+02 0.000000000000000000e+00 0.000000000000000000e+00 6.851815832681040774e-02
-2.102533366918669344e+03 -2.119720002886414477e+03 1.259866394922334081e+02 0.000000000000000000e+00 0.000000000000000000e+00 7.631130447435907627e-03
-2.307798545325955729e+03 -2.298949068117261959e+03 1.467197002661166323e+02 0.000000000000000000e+00 0.000000000000000000e+00 -1.698597877347651774e-02
-2.314950562901663488e+03 -1.962138348839271430e+03 1.309605048284578857e+02 0.000000000000000000e+00 0.000000000000000000e+00 2.329027413753692599e-02
-1.252522998837034265e+03 -3.046885018052835676e+03 1.431157195520534060e+02 0.000000000000000000e+00 0.000000000000000000e+00 -5.557594641186369699e-02
-1.257333491087609673e+03 -2.648348343796434165e+03 1.176831050467008311e+02 0.000000000000000000e+00 0.000000000000000000e+00 -1.784748740448094395e-03
-1.445992143728360361e+03 -2.805538101485707102e+03 1.339038123047848501e+02 0.000000000000000000e+00 0.000000000000000000e+00 1.957310833429914965e-02
-1.635157374199494370e+03 -3.046120307742588921e+03 1.574050744705583043e+02 0.000000000000000000e+00 0.000000000000000000e+00 -3.989640836505259358e-02
-1.633181990949109831e+03 -2.667643107637460162e+03 1.328356640673023037e+02 0.000000000000000000e+00 0.000000000000000000e+00 -4.595401856184366807e-02
-1.247355305465020592e+03 -2.359426871123225737e+03 1.011339124059028052e+02 0.000000000000000000e+00 0.000000000000000000e+00 -2.751623165724481623e-02
-1.605175124021158808e+03 -2.371760451914649821e+03 1.148794341342296974e+02 0.000000000000000000e+00 0.000000000000000000e+00 4.088487442436417041e-02
-1.415484253663539448e+03 -2.133584969915165857e+03 9.549932566792585931e+01 0.000000000000000000e+00 0.000000000000000000e+00 -4.000901998911388091e-02
-1.229255809462507841e+03 -1.965716580762924650e+03 8.152245079861410204e+01 0.000000000000000000e+00 0.000000000000000000e+00 -1.260253248719322983e-02
-1.615855839749279539e+03 -1.973659315855993100e+03 9.592709609415774707e+01 0.000000000000000000e+00 0.000000000000000000e+00 -4.960579582203195059e-02
-1.242890530504560274e+03 -1.667908273327021334e+03 6.987138894240996478e+01 0.000000000000000000e+00 0.000000000000000000e+00 1.203128544986498127e-03
-1.627177515787649327e+03 -1.656591633964890434e+03 8.353015271278491127e+01 0.000000000000000000e+00 0.000000000000000000e+00 -1.050522716781188137e-02
-1.415292439844744649e+03 -1.413691993834752566e+03 6.696618749535055315e+01 0.000000000000000000e+00 0.000000000000000000e+00 6.560584674829783580e-03
-1.229867235285593779e+03 -1.259618410512357059e+03 5.612029885741937107e+01 0.000000000000000000e+00 0.000000000000000000e+00 -2.713344524531891011e-02
-1.606419079830717465e+03 -1.256790340236428392e+03 6.967602663760303017e+01 0.000000000000000000e+00 0.000000000000000000e+00 3.346156103089015232e-02
-1.209562928974269653e+03 -9.358689304885149340e+02 4.755133327335420290e+01 0.000000000000000000e+00 0.000000000000000000e+00 2.652521552760589429e-02
-1.606157966755625921e+03 -9.471693064169061245e+02 6.207125069833097086e+01 0.000000000000000000e+00 0.000000000000000000e+00 1.747214524334594898e-02
-1.409548711726649344e+03 -6.985963410888286944e+02 4.992552612698902692e+01 0.000000000000000000e+00 0.000000000000000000e+00 -8.629392628520804465e-04
-1.214251020417676045e+03 -5.429629299289538267e+02 4.121495100239505405e+01 0.000000000000000000e+00 0.000000000000000000e+00 -5.378951044078661425e-02
-1.615949096088929082e+03 -5.441464497997570788e+02 5.583615324807080782e+01 0.000000000000000000e+00 0.000000000000000000e+00 -1.244142424907579425e-02
-1.222912840562250494e+03 -2.352881148253399601e+02 3.885064682595971419e+01 0.000000000000000000e+00 0.000000000000000000e+00 -2.403290809856883925e-02
-1.612237088504288067e+03 -2.364317669474408774e+02 5.310594769019138539e+01 0.000000000000000000e+00 0.000000000000000000e+00 -3.013360379258500643e-02
-1.400827144522045273e+03 1.056164884310997998e+01 4.435100725498406860e+01 0.000000000000000000e+00 0.000000000000000000e+00 6.455077030338429722e-04
-1.230306204449955658e+03 1.643259548724462036e+02 3.891812501125416190e+01 0.000000000000000000e+00 0.000000000000000000e+00 -2.000378382290790569e-02
-1.611197271423556231e+03 1.627228051540195395e+02 5.299252042183142919e+01 0.000000000000000000e+00 0.000000000000000000e+00 -3.904846995580157909e-02
-1.212439071248133132e+03 4.806223097547745056e+02 4.087733192198275844e+01 0.000000000000000000e+00 0.000000000000000000e+00 -2.991644720505348687e-02
-1.606066607172945851e+03 4.803938680418858098e+02 5.541242226675894500e+01 0.000000000000000000e+00 0.000000000000000000e+00 -2.010603689218726231e-02
-1.410073643195076329e+03 7.234454937799871459e+02 5.127024293929277832e+01 0.000000000000000000e+00 0.000000000000000000e+00 -7.493435093977041106e-03
-1.215193823419739147e+03 8.794120812522925235e+02 4.758800707580610378e+01 0.000000000000000000e+00 0.000000000000000000e+00 -4.893589808587250900e-02
-1.613468735992322763e+03 8.793476260537255484e+02 6.250512569105359262e+01 0.000000000000000000e+00 0.000000000000000000e+00 7.305228728540669181e-03
-1.218310877570768525e+03 1.193625904754126623e+03 5.568215093415068395e+01 0.000000000000000000e+00 0.000000000000000000e+00 -6.301894757251602641e-02
-1.597847275769091084e+03 1.186986671197487112e+03 6.976614632345666678e+01 0.000000000000000000e+00 0.000000000000000000e+00 2.724642761863549367e-02
-1.401025358098918105e+03 1.433559759178228887e+03 6.991014715766662846e+01 0.000000000000000000e+00 0.000000000000000000e+00 -2.776142710843032546e-02
-1.208647864917688821e+03 1.587324841983187071e+03 6.894095311140475246e+01 0.000000000000000000e+00 0.000000000000000000e+00 -2.172010314703243239e-02
-1.614105627940710747e+03 1.589965171031482441e+03 8.453026502811169962e+01 0.000000000000000000e+00 0.000000000000000000e+00 3.306097352151482482e-05
-1.223290898448545477e+03 1.899249173555536800e+03 8.307349646004351484e+01 0.000000000000000000e+00 0.000000000000000000e+00 -2.075364355505371350e-02
-1.616065922723179028e+03 1.895666687154420288e+03 9.814659764425768174e+01 0.000000000000000000e+00 0.000000000000000000e+00 -1.673443953572473220e-02
-1.416964552112315005e+03 2.129387012582230000e+03 1.018703645476193458e+02 0.000000000000000000e+00 0.000000000000000000e+00 1.983819390271435168e-02
-1.196599904209907436e+03 2.304935301390810309e+03 1.038926800184344756e+02 0.000000000000000000e+00 0.000000000000000000e+00 -1.905339665128735760e-02
-1.608470822874884561e+03 2.303560799959179349e+03 1.198300553325730107e+02 0.000000000000000000e+00 0.000000000000000000e+00 2.156137642454325487e-02
-1.223048234254947602e+03 2.615864586925816639e+03 1.245425752261358241e+02 0.000000000000000000e+00 0.000000000000000000e+00 2.076418446877426049e-02
-1.603122687099660197e+03 2.665478372759283047e+03 1.430494796930919392e+02 0.000000000000000000e+00 0.000000000000000000e+00 -1.826903397159185261e-02
-1.394824477073276057e+03 2.856126607579841675e+03 1.480847348128895931e+02 0.000000000000000000e+00 0.000000000000000000e+00 -5.232521864192563044e-02
-1.234141774704050476e+03 3.029482442564774374e+03 1.555706384609756014e+02 0.000000000000000000e+00 0.000000000000000000e+00 -2.492645596589682100e-03
-1.611244037645017670e+03 2.996162354032233907e+03 1.681912535195166924e+02 0.000000000000000000e+00 0.000000000000000000e+00 -6.013601810798263614e-02
-8.731507722073796458e+02 -3.009997207884886848e+03 1.301941711422059313e+02 0.000000000000000000e+00 0.000000000000000000e+00 2.683687246388899439e-03
-5.653508037298856834e+02 -3.030699193764875417e+03 1.259167858850946118e+02 0.000000000000000000e+00 0.000000000000000000e+00 1.503048937131268303e-02
-6.891292030850978563e+02 -2.828527730224794141e+03 1.145956329927707316e+02 0.000000000000000000e+00 0.000000000000000000e+00 1.788186851098316765e-02
-5.464234409327975754e+02 -2.653771998057838573e+03 1.016124879047373355e+02 0.000000000000000000e+00 0.000000000000000000e+00 3.366546139109516389e-02
-8.723769983395809504e+02 -2.638726223157875211e+03 1.066167457363708024e+02 0.000000000000000000e+00 0.000000000000000000e+00 2.627809484096133019e-03
-5.559344605910566770e+02 -2.354651874285571921e+03 8.500997345068083177e+01 0.000000000000000000e+00 0.000000000000000000e+00 -1.748344151577896355e-02
-8.608152746355286808e+02 -2.319729805786733323e+03 8.867043920097117393e+01 0.000000000000000000e+00 0.000000000000000000e+00 -6.220864876397058651e-03
-7.120555168273529034e+02 -2.115851314313422790e+03 7.561135057592930764e+01 0.000000000000000000e+00 0.000000000000000000e+00 1.676154745247515621e-02
-9.205837901524881772e+02 -1.963525282561279937e+03 7.299507507702557518e+01 0.000000000000000000e+00 0.000000000000000000e+00 4.951267799130221192e-02
-5.382513685901705003e+02 -1.957777324708398055e+03 6.568540543435256041e+01 0.000000000000000000e+00 0.000000000000000000e+00 7.057662514476703564e-02
-9.299667715574105387e+02 -1.647031976997687252e+03 6.046880414042895779e+01 0.000000000000000000e+00 0.000000000000000000e+00 1.660991248548526755e-02
-5.520200121264560948e+02 -1.629722756893538644e+03 5.275493990318103954e+01 0.000000000000000000e+00 0.000000000000000000e+00 3.404080830292599558e-02
-7.018522881902731569e+02 -1.413745595197470720e+03 4.778908734148185999e+01 0.000000000000000000e+00 0.000000000000000000e+00 1.950754276255395325e-02
-5.359699441613619229e+02 -1.250318712733356733e+03 4.032672174235968043e+01 0.000000000000000000e+00 0.000000000000000000e+00 5.843734918642695675e-02
-8.741594645602514220e+02 -1.212903394225560760e+03 4.532725487770296979e+01 0.000000000000000000e+00 0.000000000000000000e+00 2.472403310841286839e-02
-5.403304159620720384e+02 -9.365622924205250683e+02 3.269016783871805387e+01 0.000000000000000000e+00 0.000000000000000000e+00 3.202731970094419012e-02
-8.778908358102679585e+02 -9.301824985283299156e+02 3.862491210684268594e+01 0.000000000000000000e+00 0.000000000000000000e+00 1.400039635851868525e-02
-7.061088994283981037e+02 -6.992289617849166916e+02 3.094180278604284240e+01 0.000000000000000000e+00 0.000000000000000000e+00 4.311572351148740267e-02
-5.299606667215589368e+02 -5.544978638645701494e+02 2.612717539171719849e+01 0.000000000000000000e+00 0.000000000000000000e+00 2.405027432382311758e-02
-8.871274877672475441e+02 -5.453859095242735293e+02 3.245938536113250450e+01 0.000000000000000000e+00 0.000000000000000000e+00 1.177835986945297009e-02
-9.165832372153309962e+02 -2.421269856578965118e+02 3.046776690128116982e+01 0.000000000000000000e+00 0.000000000000000000e+00 4.046727226096891172e-03
-5.374481419710468799e+02 -1.930194409833927693e+02 2.316991536142199237e+01 0.000000000000000000e+00 0.000000000000000000e+00 7.012443943605362051e-02
-7.110152659226888545e+02 3.076615253227387714e-01 2.554010609867075488e+01 0.000000000000000000e+00 0.000000000000000000e+00 7.179680164625779071e-03
-5.228473477168963655e+02 1.564415452090658789e+02 2.285251761245001845e+01 0.000000000000000000e+00 0.000000000000000000e+00 7.959655603472270968e-02
-9.100628222671106187e+02 1.667437862620192561e+02 3.005252852859134549e+01 0.000000000000000000e+00 0.000000000000000000e+00 3.794398179613267530e-02
-5.058694650377622111e+02 4.864392268699077135e+02 2.513104577360633130e+01 0.000000000000000000e+00 0.000000000000000000e+00 2.656855192135054722e-02
-9.055278168266114562e+02 4.750316515659255288e+02 3.233446879872676760e+01 0.000000000000000000e+00 0.000000000000000000e+00 1.301445819642310653e-02
-7.165486521772966171e+02 7.146943541255091077e+02 3.174957443772176902e+01 0.000000000000000000e+00 0.000000000000000000e+00 1.670161954800875037e-02
-5.146979545202780173e+02 8.713978117007354740e+02 3.146689794310736943e+01 0.000000000000000000e+00 0.000000000000000000e+00 3.695412653383556290e-02
-8.901781391624710977e+02 8.812969656996126560e+02 3.860760801448972757e+01 0.000000000000000000e+00 0.000000000000000000e+00 5.387420190284331056e-02
-5.185695490041836138e+02 1.190717415781463615e+03 3.944784800547782311e+01 0.000000000000000000e+00 0.000000000000000000e+00 -3.276974034243096412e-02
-9.134326451003370266e+02 1.196732653175432915e+03 4.712457720149237872e+01 0.000000000000000000e+00 0.000000000000000000e+00 -1.553954756514031033e-02
-7.273026322456051957e+02 1.458815196172457718e+03 5.157481058027825327e+01 0.000000000000000000e+00 0.000000000000000000e+00 3.816640435435658674e-02
-5.124935393798465384e+02 1.586851090603465536e+03 5.280032465460497804e+01 0.000000000000000000e+00 0.000000000000000000e+00 1.338300275506298931e-03
-9.030778030321107508e+02 1.593717722195594206e+03 6.049916654101046731e+01 0.000000000000000000e+00 0.000000000000000000e+00 1.163786355763818392e-02
-5.186771634562265945e+02 1.899558362047633636e+03 6.639530782943623421e+01 0.000000000000000000e+00 0.000000000000000000e+00 1.020129295099536648e-02
-8.969986151644631036e+02 1.910497628243016379e+03 7.419076441322889082e+01 0.000000000000000000e+00 0.000000000000000000e+00 -3.432287836501757283e-02
-7.086448255862800352e+02 2.144973348143114890e+03 8.203472435239349636e+01 0.000000000000000000e+00 0.000000000000000000e+00 2.613403943989567324e-02
-4.979158372304486875e+02 2.296956340854484552e+03 8.709294226438900921e+01 0.000000000000000000e+00 0.000000000000000000e+00 -3.084192727948220636e-02
-8.739333185793124130e+02 2.314934542219401465e+03 9.525456152559283396e+01 0.000000000000000000e+00 0.000000000000000000e+00 -4.670174532607518358e-02
-5.112247903794186072e+02 2.627288907611848117e+03 1.080804263378378351e+02 0.000000000000000000e+00 0.000000000000000000e+00 -2.198207392031292784e-02
-9.017798343106138645e+02 2.614882028828381408e+03 1.149354009806212957e+02 0.000000000000000000e+00 0.000000000000000000e+00 -7.088941068758458641e-03
-7.178795521353971480e+02 2.881812064658936833e+03 1.298267661269175335e+02 0.000000000000000000e+00 0.000000000000000000e+00 4.130021273041961649e-02
-5.191704517760132376e+02 3.026129785312796685e+03 1.375175172784214794e+02 0.000000000000000000e+00 0.000000000000000000e+00 5.117549616718974903e-02
-9.080250685832709223e+02 3.020090804784127613e+03 1.448986392540470547e+02 0.000000000000000000e+00 0.000000000000000000e+00 9.788297955594771338e-03
1.647869113253633486e+02 3.059666171495745857e+03 1.367649281877168050e+02 0.000000000000000000e+00 0.000000000000000000e+00 -2.708227882226310612e-02
-1.735774016925795422e+02 3.031294057698288270e+03 1.345412372355336856e+02 0.000000000000000000e+00 0.000000000000000000e+00 2.705103762161797931e-02
-2.575024659090289436e+00 2.909380495608654655e+03 1.246547583760800393e+02 0.000000000000000000e+00 0.000000000000000000e+00 2.593593632980173425e-04
1.960353066930667012e+02 2.676183793559309379e+03 1.083150674678641394e+02 0.000000000000000000e+00 0.000000000000000000e+00 -4.108569955805307927e-02
-1.725898544446612561e+02 2.647653301560438194e+03 1.062382771167252002e+02 0.000000000000000000e+00 0.000000000000000000e+00 -3.502851025885433955e-02
1.905808646582034385e+02 2.353131507467633128e+03 8.749638674861751042e+01 0.000000000000000000e+00 0.000000000000000000e+00 1.618749920267248399e-02
-1.778546893149855066e+02 2.354030597703870626e+03 8.748555246279283892e+01 0.000000000000000000e+00 0.000000000000000000e+00 -4.187852511276446421e-02
-5.363694565495054078e-01 2.199278888894423289e+03 7.813503529410468218e+01 0.000000000000000000e+00 0.000000000000000000e+00 2.946386209130480438e-02
1.777552699925724937e+02 1.969617325173390327e+03 6.655488890821128223e+01 0.000000000000000000e+00 0.000000000000000000e+00 -1.504329170806784077e-02
-1.664893909271174266e+02 1.943862673746074734e+03 6.524498290703277803e+01 0.000000000000000000e+00 0.000000000000000000e+00 6.151303302033284126e-03
1.915960207689426795e+02 1.643831782001025658e+03 5.203250833043212253e+01 0.000000000000000000e+00 0.000000000000000000e+00 5.209124194713155021e-02
-1.817062968817083402e+02 1.637667583293378357e+03 5.173408135323170143e+01 0.000000000000000000e+00 0.000000000000000000e+00 -9.997184581060025721e-03
-2.809902321618270804e+00 1.484793514219505141e+03 4.544061737320524941e+01 0.000000000000000000e+00 0.000000000000000000e+00 2.439256332644390568e-02
1.863993426963335764e+02 1.250834682512089557e+03 3.812109626817277785e+01 0.000000000000000000e+00 0.000000000000000000e+00 -1.344582144022155035e-02
-1.939370513112497747e+02 1.254586618556287931e+03 3.827286025573226880e+01 0.000000000000000000e+00 0.000000000000000000e+00 6.335040733787877798e-03
1.905290571177640118e+02 9.305607624410963581e+02 2.974060315748365468e+01 0.000000000000000000e+00 0.000000000000000000e+00 -2.747748978611141979e-02
-1.978121737232827968e+02 9.396345812234422965e+02 2.998046626416039828e+01 0.000000000000000000e+00 0.000000000000000000e+00 1.944895776828303724e-02
-1.111493713818201101e+01 7.839688410175589297e+02 2.627413531623298226e+01 0.000000000000000000e+00 0.000000000000000000e+00 -1.110879415647403334e-02
1.703915508581744689e+02 5.364994519394390409e+02 2.278891888858296255e+01 0.000000000000000000e+00 0.000000000000000000e+00 -2.853040795379513384e-03
-1.851736481885356795e+02 5.376818594542647816e+02 2.287211866158093443e+01 0.000000000000000000e+00 0.000000000000000000e+00 1.929939292154969621e-02
1.845803063026550603e+02 2.210009964178028383e+02 2.005525321697823671e+01 0.000000000000000000e+00 0.000000000000000000e+00 -1.580653451592084480e-02
-1.908229277751914310e+02 2.283299191096800485e+02 2.012381223891562598e+01 0.000000000000000000e+00 0.000000000000000000e+00 1.508788235869573668e-02
-6.684149601296123677e+00 6.992875054601695695e+01 1.910708272159002874e+01 0.000000000000000000e+00 0.000000000000000000e+00 -1.579636270970752321e-02
1.762491917577189895e+02 -1.763209185928418776e+02 1.980426447608712692e+01 0.000000000000000000e+00 0.000000000000000000e+00 7.638267998324010932e-03
-1.986112962086648679e+02 -1.679766104996312492e+02 1.987847647598668033e+01 0.000000000000000000e+00 0.000000000000000000e+00 -5.438949023712780217e-03
1.868856636059150844e+02 -4.906925211062508652e+02 2.224509683481751310e+01 0.000000000000000000e+00 0.000000000000000000e+00 1.571252945077716845e-02
-1.969703964191149907e+02 -4.841129871423788700e+02 2.222137518805495660e+01 0.000000000000000000e+00 0.000000000000000000e+00 5.773024425214856592e-02
-1.669488754127254992e+01 -6.495035550597613110e+02 2.386033923121559397e+01 0.000000000000000000e+00 0.000000000000000000e+00 2.678034295206543902e-02
1.588473389972286611e+02 -9.103071221233623191e+02 2.877089252408296005e+01 0.000000000000000000e+00 0.000000000000000000e+00 2.600219139277015756e-02
-2.010666612393338255e+02 -8.853789437779659011e+02 2.845864009693129404e+01 0.000000000000000000e+00 0.000000000000000000e+00 -7.366778798864714872e-03
1.667820415704434538e+02 -1.199288487353611799e+03 3.565238686012583003e+01 0.000000000000000000e+00 0.000000000000000000e+00 3.481724008700837203e-02
-1.977048100075344621e+02 -1.196507057474775138e+03 3.571983701698853508e+01 0.000000000000000000e+00 0.000000000000000000e+00 5.837244684904874248e-03
-1.243978004239426127e+01 -1.358987483242195594e+03 3.987814421589447988e+01 0.000000000000000000e+00 0.000000000000000000e+00 1.157980414541270875e-02
1.749421057578435921e+02 -1.595659171272868207e+03 4.807298103627643826e+01 0.000000000000000000e+00 0.000000000000000000e+00 4.468766428854564765e-02
-1.964685653816752335e+02 -1.591010119999878953e+03 4.800838719402882759e+01 0.000000000000000000e+00 0.000000000000000000e+00 4.608707053181149149e-02
1.980581081440916194e+02 -1.919775509638312769e+03 6.088250676961079932e+01 0.000000000000000000e+00 0.000000000000000000e+00 2.267429304213663954e-02
-1.934570313924911602e+02 -1.904485413141873323e+03 6.020840618699536151e+01 0.000000000000000000e+00 0.000000000000000000e+00 2.061957226280242139e-02
-8.384545644468284209e+00 -2.123035625960149900e+03 6.954134925636842013e+01 0.000000000000000000e+00 0.000000000000000000e+00 1.925213944356585216e-02
1.984011821336214041e+02 -2.302388151192355963e+03 7.888073862345187592e+01 0.000000000000000000e+00 0.000000000000000000e+00 1.591932582400090723e-02
-1.751072263288777151e+02 -2.351089292931826549e+03 8.129686379472755675e+01 0.000000000000000000e+00 0.000000000000000000e+00 6.271221057076559191e-03
1.729790046133739168e+02 -2.622193805017413069e+03 9.633357777574337888e+01 0.000000000000000000e+00 0.000000000000000000e+00 6.647960353217285956e-02
-2.059605384833638198e+02 -2.616401397837910736e+03 9.615329201846185470e+01 0.000000000000000000e+00 0.000000000000000000e+00 4.311363066209139561e-02
-1.907192288682486803e+00 -2.772753678493843381e+03 1.050359096426107328e+02 0.000000000000000000e+00 0.000000000000000000e+00 -1.319937291154360537e-02
1.901018607008900005e+02 -3.010100983439951960e+03 1.208864880130599744e+02 0.000000000000000000e+00 0.000000000000000000e+00 -1.570972378117119206e-02
-2.039623037733305466e+02 -3.014447199895243557e+03 1.212505460959079215e+02 0.000000000000000000e+00 0.000000000000000000e+00 -1.791571346569753587e-02
7.946557489707503237e+02 3.021006324465954549e+03 1.422354073590823305e+02 0.000000000000000000e+00 0.000000000000000000e+00 -6.219171647160237626e-03
4.886628049044476825e+02 3.007072738857312743e+03 1.355747787605303643e+02 0.000000000000000000e+00 0.000000000000000000e+00 -1.749881762629001969e-02
6.786463452921315138e+02 2.842201520363595591e+03 1.260983776010198767e+02 0.000000000000000000e+00 0.000000000000000000e+00 1.604352208072157282e-02
8.757008217902805427e+02 2.611020799459478894e+03 1.140277306304930107e+02 0.000000000000000000e+00 0.000000000000000000e+00 -3.814235906659746433e-02
5.031264855805685556e+02 2.604997249913746145e+03 1.064642899345133884e+02 0.000000000000000000e+00 0.000000000000000000e+00 7.953027215918950787e-03
8.470499532625069605e+02 2.325150797899914323e+03 9.522095147472390408e+01 0.000000000000000000e+00 0.000000000000000000e+00 -2.552221678385535597e-02
4.886137050357539806e+02 2.293363457618748271e+03 8.675743735062955864e+01 0.000000000000000000e+00 0.000000000000000000e+00 -1.352445332581453386e-02
6.961998978736124855e+02 2.146048729769380316e+03 8.185357680568577621e+01 0.000000000000000000e+00 0.000000000000000000e+00 -1.206942123886278750e-02
8.622986717583440850e+02 1.914250926955642399e+03 7.354058782751469892e+01 0.000000000000000000e+00 0.000000000000000000e+00 1.083383697486794972e-02
5.012911009240062867e+02 1.904251170657925968e+03 6.637742408238949565e+01 0.000000000000000000e+00 0.000000000000000000e+00 -1.776871231352572522e-02
8.569224752740448139e+02 1.637070368373477777e+03 6.114122025952389095e+01 0.000000000000000000e+00 0.000000000000000000e+00 -1.795830538853238068e-02
5.270435815185373940e+02 1.610348890200241613e+03 5.392841386758968980e+01 0.000000000000000000e+00 0.000000000000000000e+00 -3.431971936011279922e-02
6.461218919341908986e+02 1.450071366284581245e+03 4.977172468285300511e+01 0.000000000000000000e+00 0.000000000000000000e+00 -2.111231318215089914e-02
8.797758717596517499e+02 1.195432182210124893e+03 4.628482550216302371e+01 0.000000000000000000e+00 0.000000000000000000e+00 -5.391005382716684835e-02
4.917588039517137872e+02 1.194730905465090700e+03 3.920491583656524170e+01 0.000000000000000000e+00 0.000000000000000000e+00 -1.025186166089042672e-03
8.860111374464161145e+02 8.725012349802506151e+02 3.832386577661885951e+01 0.000000000000000000e+00 0.000000000000000000e+00 -8.542394760141291954e-03
4.978089128054200501e+02 8.748360170096580077e+02 3.131433951750674538e+01 0.000000000000000000e+00 0.000000000000000000e+00 -1.040624193490202742e-02
7.186448517660588777e+02 7.154314580951320295e+02 3.180154129786296835e+01 0.000000000000000000e+00 0.000000000000000000e+00 -3.455227822289330675e-02
8.555403331224191561e+02 4.912467408688770547e+02 3.137637488738513980e+01 0.000000000000000000e+00 0.000000000000000000e+00 -1.172404082280564808e-02
5.247239025832637935e+02 4.804312944918628432e+02 2.531466135507421811e+01 0.000000000000000000e+00 0.000000000000000000e+00 -2.639071309491924922e-02
9.079476310624536382e+02 1.650924671206517758e+02 2.999607391762601338e+01 0.000000000000000000e+00 0.000000000000000000e+00 6.359411741669873663e-03
5.109816950692194837e+02 1.697738590400260250e+02 2.274595611596783584e+01 0.000000000000000000e+00 0.000000000000000000e+00 -4.315551406934403644e-02
6.721924447273632950e+02 1.643783199850515331e+01 2.485492299141591133e+01 0.000000000000000000e+00 0.000000000000000000e+00 -1.367184655526187953e-02
8.748597411159305466e+02 -2.274868181165312251e+02 2.943357381738583456e+01 0.000000000000000000e+00 0.000000000000000000e+00 -4.544723526811011993e-02
5.004533984991317084e+02 -2.314508902660732019e+02 2.286353025970801056e+01 0.000000000000000000e+00 0.000000000000000000e+00 5.311689657808926768e-03
8.278241568667576757e+02 -5.121592064313413175e+02 3.076761783962750485e+01 0.000000000000000000e+00 0.000000000000000000e+00 7.352932945821066824e-03
4.596000212810868106e+02 -5.357359597511983793e+02 2.501050378743715541e+01 0.000000000000000000e+00 0.000000000000000000e+00 -1.014568968365736623e-02
7.342858008627350728e+02 -6.537360089145827260e+02 3.076459478881465515e+01 0.000000000000000000e+00 0.000000000000000000e+00 1.330532891989477662e-02
8.699344446624253351e+02 -9.409109133118955697e+02 3.867346876196671701e+01 0.000000000000000000e+00 0.000000000000000000e+00 -2.694206295458201339e-02
4.775250931437695954e+02 -9.362578906639953402e+02 3.187479047004208255e+01 0.000000000000000000e+00 0.000000000000000000e+00 -7.371378822259799790e-03
8.504142424997851322e+02 -1.241634483123123800e+03 4.559738132296385515e+01 0.000000000000000000e+00 0.000000000000000000e+00 -3.986016887105847673e-02
4.498357040977194288e+02 -1.242650956584576761e+03 3.904069203885970296e+01 0.000000000000000000e+00 0.000000000000000000e+00 -2.553142771830607671e-02
6.783902218210621413e+02 -1.408786686195016046e+03 4.722351633070918808e+01 0.000000000000000000e+00 0.000000000000000000e+00 -4.177955076367823040e-02
8.678065350977602748e+02 -1.647752840697425427e+03 5.908048055064091386e+01 0.000000000000000000e+00 0.000000000000000000e+00 -5.832301307418674696e-02
4.858389640059555745e+02 -1.587329642092631275e+03 5.036670331233053588e+01 0.000000000000000000e+00 0.000000000000000000e+00 -1.078657746405298212e-02
8.596382574257505667e+02 -1.961429233433052786e+03 7.152828380339339276e+01 0.000000000000000000e+00 0.000000000000000000e+00 -1.732111161534533039e-02
4.735745645690153651e+02 -1.890799173341985124e+03 6.198664969308460115e+01 0.000000000000000000e+00 0.000000000000000000e+00 -4.763502154298748792e-02
6.837136459518867468e+02 -2.125906553002605506e+03 7.558600980055999230e+01 0.000000000000000000e+00 0.000000000000000000e+00 -4.630532538099885187e-02
8.712204898561133177e+02 -2.297349179210363673e+03 8.774546548549145086e+01 0.000000000000000000e+00 0.000000000000000000e+00 -1.267549465036665879e-02
4.740634244082552868e+02 -2.300303970096502781e+03 8.111970182093132564e+01 0.000000000000000000e+00 0.000000000000000000e+00 -4.978511956599618316e-02
8.899243936897079266e+02 -2.622307132231433570e+03 1.060437958566790115e+02 0.000000000000000000e+00 0.000000000000000000e+00 -3.714504100709348222e-02
4.908509181176647189e+02 -2.621241885972061937e+03 9.895982065850598985e+01 0.000000000000000000e+00 0.000000000000000000e+00 3.450460488210183030e-03
6.934281752682813931e+02 -2.782087483966307900e+03 1.117489012933377808e+02 0.000000000000000000e+00 0.000000000000000000e+00 -1.264649173324983167e-02
8.662032004294617309e+02 -3.070586287671674654e+03 1.341920635077539714e+02 0.000000000000000000e+00 0.000000000000000000e+00 -5.674485407001839121e-02
4.731619331351983533e+02 -3.064848544812420641e+03 1.270312001119707901e+02 0.000000000000000000e+00 0.000000000000000000e+00 -4.908356115227263672e-02
1.589346788321995291e+03 -3.010709807680835638e+03 1.530469993312228212e+02 0.000000000000000000e+00 0.000000000000000000e+00 -2.853772868883197589e-02
1.212089294209778018e+03 -3.000776510103778946e+03 1.386754012676710488e+02 0.000000000000000000e+00 0.000000000000000000e+00 -3.447630651720601236e-03
1.409724811378933737e+03 -2.836868286936277400e+03 1.345614686746167763e+02 0.000000000000000000e+00 0.000000000000000000e+00 -4.323607363636483569e-02
1.581056752334169460e+03 -2.668632403108625567e+03 1.307297716658324873e+02 0.000000000000000000e+00 0.000000000000000000e+00 -2.566626039751440658e-02
1.213780658550275803e+03 -2.672124967711055433e+03 1.177232324991116315e+02 0.000000000000000000e+00 0.000000000000000000e+00 -3.123370280782467034e-02
1.600684710744828408e+03 -2.352450307448557396e+03 1.136695775390425069e+02 0.000000000000000000e+00 0.000000000000000000e+00 -5.450631322901244857e-03
1.252906732654138978e+03 -2.322746356923621988e+03 9.938838300565745953e+01 0.000000000000000000e+00 0.000000000000000000e+00 -1.542222110157354109e-02
1.420060469771161479e+03 -2.097949511907579563e+03 9.397813009483135716e+01 0.000000000000000000e+00 0.000000000000000000e+00 -3.733712430175728514e-03
1.591353747536694527e+03 -1.954256079694292112e+03 9.406695710197979565e+01 0.000000000000000000e+00 0.000000000000000000e+00 -2.467480465816151991e-02
1.236741580301002841e+03 -1.953174410774563967e+03 8.120861337162499183e+01 0.000000000000000000e+00 0.000000000000000000e+00 7.194149330331356396e-03
1.581929497761951552e+03 -1.639262220207327573e+03 8.103327074296979049e+01 0.000000000000000000e+00 0.000000000000000000e+00 -3.901229796166205688e-02
1.214494959971671051e+03 -1.643155273457102112e+03 6.806928421882045654e+01 0.000000000000000000e+00 0.000000000000000000e+00 -6.644281417510455867e-02
1.393901106125825436e+03 -1.399500141528080121e+03 6.575420878015040671e+01 0.000000000000000000e+00 0.000000000000000000e+00 4.953431645162709174e-03
1.596907564188758215e+03 -1.262353522478126024e+03 6.944197018102281049e+01 0.000000000000000000e+00 0.000000000000000000e+00 1.964022392692754693e-02
1.224050563972873533e+03 -1.243304781876159495e+03 5.548276791439372602e+01 0.000000000000000000e+00 0.000000000000000000e+00 -1.751060139061877408e-02
1.596925531377771222e+03 -9.338341652547641161e+02 6.141318092781562399e+01 0.000000000000000000e+00 0.000000000000000000e+00 -3.802338454344322827e-02
1.211362400362090057e+03 -9.381405672548197572e+02 4.765441887100946161e+01 0.000000000000000000e+00 0.000000000000000000e+00 1.340372374286857848e-03
1.386016469635055273e+03 -6.894126020322374870e+02 4.894085806113122317e+01 0.000000000000000000e+00 0.000000000000000000e+00 -4.442435295079860680e-02
1.596321480603075543e+03 -5.474611865282608960e+02 5.506315058764408832e+01 0.000000000000000000e+00 0.000000000000000000e+00 -4.053921703801677268e-02
1.202549741712788546e+03 -5.386040790510834313e+02 4.080042961155892556e+01 0.000000000000000000e+00 0.000000000000000000e+00 -5.228533663493806216e-02
1.584859059307373172e+03 -2.219645482648155905e+02 5.190503942555481132e+01 0.000000000000000000e+00 0.000000000000000000e+00 -3.903921536886656440e-02
1.189303248553678486e+03 -2.314304966589271828e+02 3.778813504190281236e+01 0.000000000000000000e+00 0.000000000000000000e+00 -5.272783221906252038e-02
1.410390748401947349e+03 2.021358301319780537e+01 4.470807361377897848e+01 0.000000000000000000e+00 0.000000000000000000e+00 -1.410926050827043809e-02
1.606404955868179059e+03 1.653228303219178486e+02 5.280312712630924210e+01 0.000000000000000000e+00 0.000000000000000000e+00 -2.509078581369550420e-02
1.226217766457853941e+03 1.722795215265017532e+02 3.882234956505836010e+01 0.000000000000000000e+00 0.000000000000000000e+00 -5.999330343890818540e-02
1.623198619100626956e+03 4.864340526288666524e+02 5.621326830122742990e+01 0.000000000000000000e+00 0.000000000000000000e+00 -3.916788312157848395e-02
1.204928950748984562e+03 4.887173142333633677e+02 4.073607571415941209e+01 0.000000000000000000e+00 0.000000000000000000e+00 -1.870634164652784648e-02
1.416387502864325825e+03 7.253963024744928134e+02 5.154037107238024618e+01 0.000000000000000000e+00 0.000000000000000000e+00 -1.535827551812474212e-02
1.594061741168498429e+03 8.807919610684770078e+02 6.171028007883447231e+01 0.000000000000000000e+00 0.000000000000000000e+00 -3.943300864420962171e-03
1.198116199739939930e+03 8.847761583525334572e+02 4.715946496896607698e+01 0.000000000000000000e+00 0.000000000000000000e+00 1.646785287412910748e-03
1.590259463117227369e+03 1.195154596818053506e+03 6.968526802077997218e+01 0.000000000000000000e+00 0.000000000000000000e+00 -1.793712238801958847e-02
1.181487319183974250e+03 1.200660521538785815e+03 5.471192575979736006e+01 0.000000000000000000e+00 0.000000000000000000e+00 1.257527451066664526e-03
1.404827441216972829e+03 1.444709964590459322e+03 7.045444728618772956e+01 0.000000000000000000e+00 0.000000000000000000e+00 2.540552424487430017e-02
1.599893223197589123e+03 1.590713237766359498e+03 8.394073659425359324e+01 0.000000000000000000e+00 0.000000000000000000e+00 3.613309733023584158e-02
1.208662910592117214e+03 1.592203858363035351e+03 6.913497370652481777e+01 0.000000000000000000e+00 0.000000000000000000e+00 9.686470328702512234e-03
1.603899229149232042e+03 1.906780547019289997e+03 9.814895224180776268e+01 0.000000000000000000e+00 0.000000000000000000e+00 -6.037881046893289749e-03
1.206254371571303409e+03 1.902364910065642107e+03 8.265857413775690077e+01 0.000000000000000000e+00 0.000000000000000000e+00 -1.489044355943747178e-02
1.401907868980392777e+03 2.145198531017863843e+03 1.021506150334493839e+02 0.000000000000000000e+00 0.000000000000000000e+00 1.813364584192811435e-02
1.577461556891787268e+03 2.305239411450941589e+03 1.185572819656984507e+02 0.000000000000000000e+00 0.000000000000000000e+00 3.165238223175492749e-02
1.226127542272163964e+03 2.312441334807038402e+03 1.053271206109822913e+02 0.000000000000000000e+00 0.000000000000000000e+00 3.397210783401760636e-02
1.628952096444181961e+03 2.631022040161483346e+03 1.418282710375050044e+02 0.000000000000000000e+00 0.000000000000000000e+00 2.434286046459988029e-02
1.211456912629340650e+03 2.621191274612591769e+03 1.245102911285346465e+02 0.000000000000000000e+00 0.000000000000000000e+00 1.716494962407466573e-02
1.408277728740653856e+03 2.861429401925779530e+03 1.490182962825806783e+02 0.000000000000000000e+00 0.000000000000000000e+00 1.918925059268872246e-02
1.599348605043579937e+03 3.013427325610924981e+03 1.690288425967448518e+02 0.000000000000000000e+00 0.000000000000000000e+00 9.188781748918017911e-03
1.215413889086803238e+03 3.020236441337301130e+03 1.541778228693519850e+02 0.000000000000000000e+00 0.000000000000000000e+00 -1.875713831606162785e-02
2.298888337233758193e+03 2.290941205853499923e+03 1.567772986625236342e+02 0.000000000000000000e+00 0.000000000000000000e+00 2.450001973014082068e-02
1.951483322037721564e+03 2.313736621604483389e+03 1.374622497551586378e+02 0.000000000000000000e+00 0.000000000000000000e+00 -5.494543955052222373e-03
2.111358252045858990e+03 2.204860015879845378e+03 1.400925573351622688e+02 0.000000000000000000e+00 0.000000000000000000e+00 1.650465264714284785e-02
2.290884040004811141e+03 1.963440224537458562e+03 1.379129483885512855e+02 0.000000000000000000e+00 0.000000000000000000e+00 2.545076236685872573e-02
1.929765125007196502e+03 1.958475847827572579e+03 1.165522895987649008e+02 0.000000000000000000e+00 0.000000000000000000e+00 8.618984705464072249e-04
2.255148859760388859e+03 1.594787853847208908e+03 1.185679717717909938e+02 0.000000000000000000e+00 0.000000000000000000e+00 1.924933318392163528e-02
1.908558285796882274e+03 1.589935947031696969e+03 9.863320966840329618e+01 0.000000000000000000e+00 0.000000000000000000e+00 1.832795803794340372e-02
2.113733744732714058e+03 1.497173591418482829e+03 1.062157684927560410e+02 0.000000000000000000e+00 0.000000000000000000e+00 6.008493022012828533e-02
2.268106697808826993e+03 1.251015807197210052e+03 1.067047108191791125e+02 0.000000000000000000e+00 0.000000000000000000e+00 1.090599504106819495e-01
1.946853258832756637e+03 1.246071401134264988e+03 8.821141741861305263e+01 0.000000000000000000e+00 0.000000000000000000e+00 6.065948596918246949e-02
2.290500528652584308e+03 9.333300845826854584e+02 9.910540814060033199e+01 0.000000000000000000e+00 0.000000000000000000e+00 1.146380034910521317e-03
1.917012745893165174e+03 9.420026451445150997e+02 7.822078083734355403e+01 0.000000000000000000e+00 0.000000000000000000e+00 3.285025488349901934e-02
2.105147839049191589e+03 7.796420993623867162e+02 8.476883359352603975e+01 0.000000000000000000e+00 0.000000000000000000e+00 -1.128256134902017038e-02
2.250951526719797585e+03 5.050698178457373047e+02 8.863640548618327841e+01 0.000000000000000000e+00 0.000000000000000000e+00 6.461457634986800258e-02
1.905047546531963690e+03 4.830300315364593189e+02 6.927842039568422194e+01 0.000000000000000000e+00 0.000000000000000000e+00 4.055982465260399294e-02
2.281863958228010688e+03 2.323809484849952298e+02 8.772176976155633099e+01 0.000000000000000000e+00 0.000000000000000000e+00 -2.683112153822264645e-02
1.908214785382731861e+03 2.271279884873012520e+02 6.702923747287987055e+01 0.000000000000000000e+00 0.000000000000000000e+00 -1.387090189868445123e-02
2.099521592231581053e+03 7.546437955800637098e+01 7.640632678336665151e+01 0.000000000000000000e+00 0.000000000000000000e+00 -2.771198225293858286e-02
2.294740084824935821e+03 -1.639449420121617038e+02 8.764733077536251926e+01 0.000000000000000000e+00 0.000000000000000000e+00 1.656652121312163217e-03
1.919986255909350348e+03 -1.637731824086375241e+02 6.695365189777513137e+01 0.000000000000000000e+00 0.000000000000000000e+00 6.332167239975206030e-03
2.249392087918041398e+03 -5.061576078611950607e+02 8.720131594035254352e+01 0.000000000000000000e+00 0.000000000000000000e+00 -2.596861007646111830e-03
1.918969597143179271e+03 -4.750805646078764539e+02 6.893241400092668414e+01 0.000000000000000000e+00 0.000000000000000000e+00 4.106924529946809344e-02
2.100466396033022647e+03 -6.473923519916219220e+02 8.048888347234282037e+01 0.000000000000000000e+00 0.000000000000000000e+00 5.488961358975075200e-02
2.281393787663106650e+03 -8.851328982167605091e+02 9.477559022068510330e+01 0.000000000000000000e+00 0.000000000000000000e+00 2.812120211248725354e-02
1.908220044750748457e+03 -8.807414021609729389e+02 7.439677035398518967e+01 0.000000000000000000e+00 0.000000000000000000e+00 5.091325153203740683e-02
2.281017312339045020e+03 -1.202734220554395506e+03 1.020608314386357733e+02 0.000000000000000000e+00 0.000000000000000000e+00 3.701019816925565920e-02
1.910243501748009521e+03 -1.194666758581575323e+03 8.171319306870921650e+01 0.000000000000000000e+00 0.000000000000000000e+00 1.070663257800674728e-02
2.094817624688911565e+03 -1.423376089942238650e+03 9.792675250363625139e+01 0.000000000000000000e+00 0.000000000000000000e+00 -5.048074645422673257e-02
2.279529945813990707e+03 -1.598881641513061822e+03 1.143324935229922801e+02 0.000000000000000000e+00 0.000000000000000000e+00 -2.561015174458702859e-02
1.911176283978667698e+03 -1.589851836733737628e+03 9.402166363536079530e+01 0.000000000000000000e+00 0.000000000000000000e+00 -4.122378969401552240e-02
2.282072209250964988e+03 -1.968085875742983490e+03 1.292528714641485408e+02 0.000000000000000000e+00 0.000000000000000000e+00 -1.623189921366474664e-02
1.882224412378731358e+03 -1.970975561116937570e+03 1.077920983313486971e+02 0.000000000000000000e+00 0.000000000000000000e+00 2.782063562629844000e-02
2.098954194061951512e+03 -2.056347927752774922e+03 1.228147502847664043e+02 0.000000000000000000e+00 0.000000000000000000e+00 6.782927240408298530e-03
2.292150081332997161e+03 -2.302487137857934158e+03 1.459624193256713340e+02 0.000000000000000000e+00 0.000000000000000000e+00 -3.420725185813466851e-02
1.924319570818195189e+03 -2.298287430223394040e+03 1.255617369911129373e+02 0.000000000000000000e+00 0.000000000000000000e+00 3.040664390940150952e-02
2.618337318965641316e+03 -1.656157903378060837e+03 1.381181096992298762e+02 0.000000000000000000e+00 0.000000000000000000e+00 -3.588999424755456857e-02
2.960077371669134209e+03 -1.652444650502704008e+03 1.631745234150914996e+02 0.000000000000000000e+00 0.000000000000000000e+00 -7.060842838373559971e-02
2.822356293908717817e+03 -1.413463670090096457e+03 1.444234857790177102e+02 0.000000000000000000e+00 0.000000000000000000e+00 -1.590405596374466768e-02
2.996395924283775003e+03 -1.265661253060471381e+03 1.534582092495554377e+02 0.000000000000000000e+00 0.000000000000000000e+00 4.030928546555401226e-02
2.621492771986670505e+03 -1.196755529211872954e+03 1.237343106754704962e+02 0.000000000000000000e+00 0.000000000000000000e+00 3.186800941942635745e-02
2.995852981895281573e+03 -9.452275728481948818e+02 1.456560430243906126e+02 0.000000000000000000e+00 0.000000000000000000e+00 1.828989405947822888e-02
2.655830794093358691e+03 -8.963379977797751508e+02 1.192255199687205618e+02 0.000000000000000000e+00 0.000000000000000000e+00 9.843006477083804384e-03
2.825184805599811625e+03 -6.853462361972615327e+02 1.279277798973198799e+02 0.000000000000000000e+00 0.000000000000000000e+00 -1.974968887779482429e-03
3.004064202748959360e+03 -5.391088143145302638e+02 1.399699211331145534e+02 0.000000000000000000e+00 0.000000000000000000e+00 2.611704906252043656e-02
2.646004857216429627e+03 -5.019914330913680942e+02 1.126894772304030425e+02 0.000000000000000000e+00 0.000000000000000000e+00 -1.960955104229356039e-02
2.972254916241103274e+03 -2.390517261983363255e+02 1.352603477086120449e+02 0.000000000000000000e+00 0.000000000000000000e+00 -2.328312674725907527e-02
2.607521049376218343e+03 -2.353180953226404029e+02 1.081269610386070070e+02 0.000000000000000000e+00 0.000000000000000000e+00 -4.272177955647293857e-02
2.809696076372609241e+03 7.580282434239039802e+00 1.224894254347438363e+02 0.000000000000000000e+00 0.000000000000000000e+00 1.283077620763606319e-02
3.003858597279710921e+03 1.766347661475663813e+02 1.383893085011456776e+02 0.000000000000000000e+00 0.000000000000000000e+00 3.369182181401697562e-02
2.610542891022871572e+03 1.660146645237548171e+02 1.086853975418928258e+02 0.000000000000000000e+00 0.000000000000000000e+00 -6.213019046185763727e-03
2.993178727775991774e+03 4.710792334763279996e+02 1.405076470730377594e+02 0.000000000000000000e+00 0.000000000000000000e+00 2.186797708893095660e-02
2.632612076677608911e+03 4.788288837638737618e+02 1.132184425828070857e+02 0.000000000000000000e+00 0.000000000000000000e+00 -4.297896454616534356e-03
2.768266027536673846e+03 7.427424674899663160e+02 1.275437419946222661e+02 0.000000000000000000e+00 0.000000000000000000e+00 2.184203640953796821e-02
3.000638028128943006e+03 8.780443764009829692e+02 1.488190765340731900e+02 0.000000000000000000e+00 0.000000000000000000e+00 2.518837208344848477e-02
2.606945057456038285e+03 8.772960479060657235e+02 1.187156727072932654e+02 0.000000000000000000e+00 0.000000000000000000e+00 2.034027802619675640e-02
3.001979188004240314e+03 1.189678683755508018e+03 1.577000597480190720e+02 0.000000000000000000e+00 0.000000000000000000e+00 4.787581067759560938e-02
2.623334807999452096e+03 1.193664100750538410e+03 1.285559458513936590e+02 0.000000000000000000e+00 0.000000000000000000e+00 5.380925143711579040e-02
2.781994290426279349e+03 1.443950746157023559e+03 1.491002782243108129e+02 0.000000000000000000e+00 0.000000000000000000e+00 5.116382270156805134e-02
2.987912270539089604e+03 1.584922236499147402e+03 1.713271644136109728e+02 0.000000000000000000e+00 0.000000000000000000e+00 1.579871337540339482e-02
2.613827354457766432e+03 1.591398643529005540e+03 1.424851510717143697e+02 0.000000000000000000e+00 0.000000000000000000e+00 6.931684299075868694e-02
