# x y z x_res y_res z_res
-1.944088051026943504e+03 2.329434261328439788e+03 1.380135750373252677e+02 0.000000000000000000e+00 0.000000000000000000e+00 -5.029317838182123523e-02
-2.143053063105564888e+03 2.150375251393264080e+03 1.388642099424229741e+02 0.000000000000000000e+00 0.000000000000000000e+00 -7.313944019892915094e-02
-1.952935918310073930e+03 1.916172877745329515e+03 1.156757344697574865e+02 0.000000000000000000e+00 0.000000000000000000e+00 2.732078511647273444e-02
-2.277661622486959459e+03 1.895648317212861912e+03 1.336502324996134519e+02 0.000000000000000000e+00 0.000000000000000000e+00 -2.070080338259572272e-02
-1.942769295817565308e+03 1.602620361447247205e+03 1.009477601085577163e+02 0.000000000000000000e+00 0.000000000000000000e+00 -5.969576775444807026e-02
-1.926881480806865056e+03 1.246717256313489770e+03 8.718790506370558546e+01 0.000000000000000000e+00 0.000000000000000000e+00 2.348749137077277283e-02
-2.110089044524227120e+03 1.425436003976010170e+03 1.033109385617811142e+02 0.000000000000000000e+00 0.000000000000000000e+00 2.891539106147433813e-02
-2.305699662789674676e+03 1.587904252092312845e+03 1.214484809198021509e+02 0.000000000000000000e+00 0.000000000000000000e+00 -6.019555904828166604e-04
-2.322129197618293801e+03 1.245957535117410771e+03 1.099116873984911535e+02 0.000000000000000000e+00 0.000000000000000000e+00 -5.296472300801724487e-02
-2.635214696367503620e+03 1.615421860703041830e+03 1.450566103504264106e+02 0.000000000000000000e+00 0.000000000000000000e+00 -4.155268832249703337e-02
-2.637585718611945140e+03 1.211105521270111922e+03 1.301355126375789553e+02 0.000000000000000000e+00 0.000000000000000000e+00 -5.564745978432483753e-03
-2.809821554217732682e+03 1.435887323357945434e+03 1.509428977036029949e+02 0.000000000000000000e+00 0.000000000000000000e+00 1.879930891468006848e-02
-3.006870005768044848e+03 1.586951665604942946e+03 1.730008430179716470e+02 0.000000000000000000e+00 0.000000000000000000e+00 -4.005598072910743213e-02
-3.019705708690322354e+03 1.247788222091033504e+03 1.610928631569424567e+02 0.000000000000000000e+00 0.000000000000000000e+00 -6.571695441803626636e-02
-1.941775503518866572e+03 9.003365553088414117e+02 7.852433347972694833e+01 0.000000000000000000e+00 0.000000000000000000e+00 1.697821102517593772e-02
-1.942816925991439575e+03 5.114421378092801547e+02 7.156596466230988085e+01 0.000000000000000000e+00 0.000000000000000000e+00 1.245090714724028658e-02
-2.111988527799195253e+03 7.112439330374876363e+02 8.383882792703693099e+01 0.000000000000000000e+00 0.000000000000000000e+00 -4.833511803578005583e-02
-2.301565507457388776e+03 8.624757035473160158e+02 9.813567694851218448e+01 0.000000000000000000e+00 0.000000000000000000e+00 -3.389668307372062372e-02
-2.315284336046321641e+03 4.589479155196833062e+02 9.195176907668977151e+01 0.000000000000000000e+00 0.000000000000000000e+00 5.884505975032539027e-03
-2.620235852699780935e+03 8.619631964185409743e+02 1.193022031179366564e+02 0.000000000000000000e+00 0.000000000000000000e+00 7.193092833787773088e-03
-2.620698254773257759e+03 4.725174000286547198e+02 1.122936143197372019e+02 0.000000000000000000e+00 0.000000000000000000e+00 2.201380268586206057e-02
-2.808205927584437177e+03 7.107447967211325022e+02 1.299307912431726209e+02 0.000000000000000000e+00 0.000000000000000000e+00 -3.994116090564148180e-02
-3.010357597017364697e+03 8.790424589023664339e+02 1.496437287271263017e+02 0.000000000000000000e+00 0.000000000000000000e+00 -2.241666675666920128e-02
-3.022035283579468341e+03 4.893809820088343940e+02 1.431220035810976299e+02 0.000000000000000000e+00 0.000000000000000000e+00 3.350822749635540276e-02
-1.940529439091476661e+03 1.892075920243921985e+02 6.843959132836477011e+01 0.000000000000000000e+00 0.000000000000000000e+00 -1.940283444383794631e-02
-1.944766741518346862e+03 -1.960459044412279468e+02 6.830822518192822201e+01 0.000000000000000000e+00 0.000000000000000000e+00 1.434653163090615635e-02
-2.109224514398422343e+03 5.622895825609425913e+00 7.679682746191670617e+01 0.000000000000000000e+00 0.000000000000000000e+00 1.638782637471081216e-03
-2.322631114291787071e+03 1.554070369317830966e+02 8.974733323767235049e+01 0.000000000000000000e+00 0.000000000000000000e+00 6.480904137568188617e-02
-2.323594767000975935e+03 -1.848310192215176073e+02 8.945932806676790960e+01 0.000000000000000000e+00 0.000000000000000000e+00 6.338058962526815776e-03
-2.612579499546995976e+03 1.631686833768092129e+02 1.088112062350910492e+02 0.000000000000000000e+00 0.000000000000000000e+00 -3.595703810742634232e-02
-2.637595257847203357e+03 -2.051129124439375460e+02 1.101114277902608336e+02 0.000000000000000000e+00 0.000000000000000000e+00 1.492248725134004417e-02
-2.810903450699112000e+03 1.077228058565252233e+01 1.225871413724774754e+02 0.000000000000000000e+00 0.000000000000000000e+00 -2.010651307384136999e-02
-3.009189142087995151e+03 1.619138238154999101e+02 1.387287797903309752e+02 0.000000000000000000e+00 0.000000000000000000e+00 -4.617535716988641070e-05
-3.020894583822853292e+03 -2.081308530895911417e+02 1.390696198349471615e+02 0.000000000000000000e+00 0.000000000000000000e+00 3.857110788823092662e-02
-1.936337111441909201e+03 -5.166527225418732314e+02 7.024219141313568571e+01 0.000000000000000000e+00 0.000000000000000000e+00 3.309402153520579759e-02
-1.941560642193414651e+03 -9.005846517109549723e+02 7.644544329179633735e+01 0.000000000000000000e+00 0.000000000000000000e+00 5.470299186150384685e-02
-2.144099117394024233e+03 -6.800899171590438073e+02 8.336795089216778365e+01 0.000000000000000000e+00 0.000000000000000000e+00 1.198701561523307646e-02
-2.332029551925378200e+03 -5.259892399861520289e+02 9.237181317216493426e+01 0.000000000000000000e+00 0.000000000000000000e+00 5.284730583947805371e-02
-2.321126409026345300e+03 -9.020385961353507582e+02 9.749153107587127920e+01 0.000000000000000000e+00 0.000000000000000000e+00 2.769304192618449179e-02
-2.639115638070591558e+03 -5.190422235879304935e+02 1.123856891020105593e+02 0.000000000000000000e+00 0.000000000000000000e+00 1.288489336653242390e-02
-2.641980605406124596e+03 -9.071915447515482356e+02 1.184713018321087361e+02 0.000000000000000000e+00 0.000000000000000000e+00 6.342516751799109898e-02
-2.832951074075347151e+03 -6.862917955076071621e+02 1.285244977598453318e+02 0.000000000000000000e+00 0.000000000000000000e+00 -2.345833906176153505e-02
-3.031504789039376192e+03 -5.087264626067155859e+02 1.418679273719831144e+02 0.000000000000000000e+00 0.000000000000000000e+00 -2.241588723791210214e-03
-3.025018096198024068e+03 -8.971074531100052809e+02 1.470403776034567898e+02 0.000000000000000000e+00 0.000000000000000000e+00 1.720756701249115395e-02
-1.940620533189350226e+03 -1.230186791618166581e+03 8.417938407934055078e+01 0.000000000000000000e+00 0.000000000000000000e+00 1.898064645558861230e-03
-1.929129703976321707e+03 -1.622183641440826932e+03 9.607049735902356247e+01 0.000000000000000000e+00 0.000000000000000000e+00 4.410929588945577962e-02
-2.131735135096906561e+03 -1.386853276876189966e+03 9.880425880814948414e+01 0.000000000000000000e+00 0.000000000000000000e+00 1.749016236139766534e-02
-2.327562694242526504e+03 -1.627326231992131397e+03 1.182397647642515608e+02 0.000000000000000000e+00 0.000000000000000000e+00 -2.709162230047468256e-03
-2.303180577986929620e+03 -1.249145126234314603e+03 1.046452099641036284e+02 0.000000000000000000e+00 0.000000000000000000e+00 1.485626222809344199e-02
-2.642537095370219959e+03 -1.610667653076508941e+03 1.381268768934521347e+02 0.000000000000000000e+00 0.000000000000000000e+00 3.648578956173764709e-02
-2.636150122682867732e+03 -1.222576738020737821e+03 1.254379223797951681e+02 0.000000000000000000e+00 0.000000000000000000e+00 5.538164934776546033e-03
-2.830911242882326405e+03 -1.375891959008473577e+03 1.438969348924973133e+02 0.000000000000000000e+00 0.000000000000000000e+00 3.634745037368247722e-02
-3.011801014017902162e+03 -1.627859422270257710e+03 1.663773673332339627e+02 0.000000000000000000e+00 0.000000000000000000e+00 2.957318095587879725e-02
-3.020466005679682894e+03 -1.235186239145191621e+03 1.545433466025991720e+02 0.000000000000000000e+00 0.000000000000000000e+00 5.143605412843044178e-02
-1.910294861274070627e+03 -1.965720675500423795e+03 1.089337601479442839e+02 0.000000000000000000e+00 0.000000000000000000e+00 1.067339566735370227e-02
-1.936779684344730413e+03 -2.329668926255627866e+03 1.278207007745979382e+02 0.000000000000000000e+00 0.000000000000000000e+00 9.760050018130073113e-02
-2.102578555920016242e+03 -2.119572069861530508e+03 1.259820497600502023e+02 0.000000000000000000e+00 0.000000000000000000e+00 6.701021719266009313e-03
-2.308132808438268967e+03 -2.299045051826575218e+03 1.467448766314346642e+02 0.000000000000000000e+00 0.000000000000000000e+00 -2.049871633883526556e-02
-2.314999521716239997e+03 -1.962116150308248734e+03 1.309624815164384586e+02 0.000000000000000000e+00 0.000000000000000000e+00 2.727480487078537408e-02
-1.252108522546250924e+03 -3.046948844574113537e+03 1.431066923157156339e+02 0.000000000000000000e+00 0.000000000000000000e+00 -5.459678662509759306e-02
-1.257490573215183531e+03 -2.648141383917354688e+03 1.176758584221445574e+02 0.000000000000000000e+00 0.000000000000000000e+00 6.973063892587560986e-03
-1.448337777464395003e+03 -2.805652372147126243e+03 1.339987307690550722e+02 0.000000000000000000e+00 0.000000000000000000e+00 1.420877243228346742e-02
-1.635657954677305497e+03 -3.045751629941679766e+03 1.574008804028065640e+02 0.000000000000000000e+00 0.000000000000000000e+00 -3.294186426344936081e-02
-1.633214953860822334e+03 -2.667578178700982789e+03 1.328331476040869745e+02 0.000000000000000000e+00 0.000000000000000000e+00 -3.346955262210826731e-02
-1.246590513848485898e+03 -2.360072095870571047e+03 1.011436316578458161e+02 0.000000000000000000e+00 0.000000000000000000e+00 -4.527307206734576539e-02
-1.605562301390749781e+03 -2.371031251736578270e+03 1.148565815077947718e+02 0.000000000000000000e+00 0.000000000000000000e+00 3.453401013500467798e-02
-1.415179427262884246e+03 -2.133673444056165863e+03 9.549251492108557215e+01 0.000000000000000000e+00 0.000000000000000000e+00 -4.805889412767783142e-02
-1.229114283685735018e+03 -1.965935567745529852e+03 8.152763567768556641e+01 0.000000000000000000e+00 0.000000000000000000e+00 -2.418100803065215132e-02
-1.616029770142116377e+03 -1.973319117482653610e+03 9.591927812008421483e+01 0.000000000000000000e+00 0.000000000000000000e+00 -6.572572324301972913e-02
-1.244933230842786315e+03 -1.669201869446866112e+03 6.998421368824746480e+01 0.000000000000000000e+00 0.000000000000000000e+00 -1.602471000254013234e-03
-1.627386153389348237e+03 -1.656371404063661657e+03 8.353070215675975874e+01 0.000000000000000000e+00 0.000000000000000000e+00 1.285364479377903990e-02
-1.415112737137470731e+03 -1.413894301405892747e+03 6.696608142566078925e+01 0.000000000000000000e+00 0.000000000000000000e+00 3.112974460024986456e-02
-1.223977436819459854e+03 -1.259723665771422020e+03 5.593936219823027045e+01 0.000000000000000000e+00 0.000000000000000000e+00 -1.361404461067650118e-02
-1.606542518489341546e+03 -1.256732592771377540e+03 6.967948929326293239e+01 0.000000000000000000e+00 0.000000000000000000e+00 3.085369940221482921e-02
-1.207061983674193471e+03 -9.352615491048347849e+02 4.746159367929321604e+01 0.000000000000000000e+00 0.000000000000000000e+00 1.631753922073642116e-02
-1.606697997322786705e+03 -9.472483470597960604e+02 6.209517909478864794e+01 0.000000000000000000e+00 0.000000000000000000e+00 1.193246534410974391e-02
-1.409224521298898026e+03 -6.986622434734224498e+02 4.991483376833160435e+01 0.000000000000000000e+00 0.000000000000000000e+00 3.461789154712846539e-03
-1.213122234477691336e+03 -5.430249859840300815e+02 4.118061232221376144e+01 0.000000000000000000e+00 0.000000000000000000e+00 -5.034614770305267939e-02
-1.616225544826169653e+03 -5.438821245521353376e+02 5.584452792196714199e+01 0.000000000000000000e+00 0.000000000000000000e+00 3.864537509272736315e-03
-1.223145625481030720e+03 -2.351018915347795257e+02 3.885703560804505230e+01 0.000000000000000000e+00 0.000000000000000000e+00 -2.056542406720041072e-02
-1.612177841045168407e+03 -2.366051587645530105e+02 5.310431111644619762e+01 0.000000000000000000e+00 0.000000000000000000e+00 -3.366745904997969774e-02
-1.399767007080108215e+03 1.078612313676242174e+01 4.431269239697023465e+01 0.000000000000000000e+00 0.000000000000000000e+00 -6.796966817219640689e-04
-1.230520985955248761e+03 1.630592330342620926e+02 3.891961897063481501e+01 0.000000000000000000e+00 0.000000000000000000e+00 -2.435607863201028067e-02
-1.611272637205699311e+03 1.628498338042633975e+02 5.299626286454683566e+01 0.000000000000000000e+00 0.000000000000000000e+00 -3.942230665863633021e-02
-1.212059349425905566e+03 4.799893679646349938e+02 4.085786465257662314e+01 0.000000000000000000e+00 0.000000000000000000e+00 -4.211203670369201291e-02
-1.606097524440531060e+03 4.802731800008570531e+02 5.541226595858110215e+01 0.000000000000000000e+00 0.000000000000000000e+00 -1.753506592233122774e-02
-1.409874579131079599e+03 7.236441828627981749e+02 5.126638752790829301e+01 0.000000000000000000e+00 0.000000000000000000e+00 -1.643851994469969213e-02
-1.214421426784986124e+03 8.793117071409540131e+02 4.756106782501049679e+01 0.000000000000000000e+00 0.000000000000000000e+00 -5.234793999424880440e-02
-1.612138298970607821e+03 8.800394703950868234e+02 6.246330681507429006e+01 0.000000000000000000e+00 0.000000000000000000e+00 -6.126151995921702564e-03
-1.208789683336919325e+03 1.197197895035218835e+03 5.547936279226566825e+01 0.000000000000000000e+00 0.000000000000000000e+00 -5.008709375097453176e-02
-1.597896125419938699e+03 1.186943805151982133e+03 6.976696545996675525e+01 0.000000000000000000e+00 0.000000000000000000e+00 1.537248922329581546e-02
-1.400857327483004383e+03 1.433614861779552939e+03 6.990578349128624325e+01 0.000000000000000000e+00 0.000000000000000000e+00 -2.283953214946166099e-02
-1.207545143348810825e+03 1.587134529171068152e+03 6.889746743622404779e+01 0.000000000000000000e+00 0.000000000000000000e+00 -2.586012194396403174e-02
-1.614003588050391500e+03 1.589969114069210491e+03 8.452595512599083349e+01 0.000000000000000000e+00 0.000000000000000000e+00 -3.332836718115572694e-03
-1.222579880168649879e+03 1.899621745162424304e+03 8.306764889448092504e+01 0.000000000000000000e+00 0.000000000000000000e+00 -2.741504957734264281e-02
-1.615996312699610598e+03 1.895534622420582537e+03 9.813712552212041373e+01 0.000000000000000000e+00 0.000000000000000000e+00 -1.753229599638927994e-02
-1.418603054843728160e+03 2.129866487047758255e+03 1.019605209446312841e+02 0.000000000000000000e+00 0.000000000000000000e+00 2.304653948823442988e-02
-1.194600065144843256e+03 2.305470475358863951e+03 1.038581824474263868e+02 0.000000000000000000e+00 0.000000000000000000e+00 -1.443161341693155464e-02
-1.608486962540065406e+03 2.303663443209933121e+03 1.198369013432929506e+02 0.000000000000000000e+00 0.000000000000000000e+00 1.444098155096185110e-02
-1.222082453948804186e+03 2.616614788303617388e+03 1.245605600793389840e+02 0.000000000000000000e+00 0.000000000000000000e+00 1.682073917942261687e-02
-1.604191495681419156e+03 2.666354030748865171e+03 1.431591049425647384e+02 0.000000000000000000e+00 0.000000000000000000e+00 -1.998999380822397143e-02
-1.394669706303897556e+03 2.856208991736934422e+03 1.480848278290341398e+02 0.000000000000000000e+00 0.000000000000000000e+00 -5.568914906464783598e-02
-1.233983091961892569e+03 3.029570431228002235e+03 1.555721266176657878e+02 0.000000000000000000e+00 0.000000000000000000e+00 -9.447610474921930290e-04
-1.612592925142176682e+03 2.995421861401896876e+03 1.681941925607382586e+02 0.000000000000000000e+00 0.000000000000000000e+00 -6.295337096764797025e-02
-8.730887373082066460e+02 -3.010017243347366730e+03 1.301941374487610403e+02 0.000000000000000000e+00 0.000000000000000000e+00 -3.104319988409542930e-03
-5.643552663699746290e+02 -3.031148112736075745e+03 1.259329802398478364e+02 0.000000000000000000e+00 0.000000000000000000e+00 1.201602629838305347e-02
-6.884366079060066568e+02 -2.828501715843125567e+03 1.145817836245061301e+02 0.000000000000000000e+00 0.000000000000000000e+00 1.969855188889368947e-02
-5.462562095323944504e+02 -2.653888889234304315e+03 1.016171024512405978e+02 0.000000000000000000e+00 0.000000000000000000e+00 2.796163917996352666e-02
-8.723946703597590613e+02 -2.638737017384530191e+03 1.066177775916597739e+02 0.000000000000000000e+00 0.000000000000000000e+00 3.666201861832973918e-03
-5.530466869030615271e+02 -2.353881518816151129e+03 8.492890426581897145e+01 0.000000000000000000e+00 0.000000000000000000e+00 -1.238395113374224366e-02
-8.608539465375586133e+02 -2.319721413007433966e+03 8.867085047431739042e+01 0.000000000000000000e+00 0.000000000000000000e+00 -4.618078378584300481e-03
-7.120417716326318214e+02 -2.115990835755946136e+03 7.561768628090423761e+01 0.000000000000000000e+00 0.000000000000000000e+00 6.668186579275925396e-03
-9.206687900125031092e+02 -1.963297537922756646e+03 7.298708388770036493e+01 0.000000000000000000e+00 0.000000000000000000e+00 5.231995621505802774e-02
-5.374060012425277364e+02 -1.957533200195680593e+03 6.566326788285154237e+01 0.000000000000000000e+00 0.000000000000000000e+00 7.013904811519466875e-02
-9.294274227094720118e+02 -1.647178462317464437e+03 6.046148672155233328e+01 0.000000000000000000e+00 0.000000000000000000e+00 1.331008693520630004e-02
-5.519264356477766569e+02 -1.629707103682910429e+03 5.275306709133742800e+01 0.000000000000000000e+00 0.000000000000000000e+00 3.487779929321987993e-02
-7.018693529158098272e+02 -1.413747430524060974e+03 4.778944802713665041e+01 0.000000000000000000e+00 0.000000000000000000e+00 2.245305316534995654e-03
-5.357258929479577318e+02 -1.250360490346471579e+03 4.032458834967827954e+01 0.000000000000000000e+00 0.000000000000000000e+00 5.265592083860326511e-02
-8.741443392406433759e+02 -1.213053105784780200e+03 4.533098255408917510e+01 0.000000000000000000e+00 0.000000000000000000e+00 1.690296636263610708e-02
-5.403249529893295175e+02 -9.365311522688222112e+02 3.268943738071737926e+01 0.000000000000000000e+00 0.000000000000000000e+00 2.835908207140391823e-02
-8.779342495339793686e+02 -9.300976565020944236e+02 3.862411010025496694e+01 0.000000000000000000e+00 0.000000000000000000e+00 1.192294489766254628e-02
-7.061402010720642011e+02 -6.991981071076450007e+02 3.094187858915426048e+01 0.000000000000000000e+00 0.000000000000000000e+00 4.158622058108818464e-02
-5.296188256446114337e+02 -5.540005672047424241e+02 2.611633543446314931e+01 0.000000000000000000e+00 0.000000000000000000e+00 3.374726777910552755e-02
-8.871638799568816012e+02 -5.452881338761369534e+02 3.245901167436424117e+01 0.000000000000000000e+00 0.000000000000000000e+00 5.262057584353385664e-03
-9.166663979848083272e+02 -2.420218939823717221e+02 3.046915909429388591e+01 0.000000000000000000e+00 0.000000000000000000e+00 3.656836157077236749e-03
-5.374346513495244153e+02 -1.930266492048080522e+02 2.316976129224256908e+01 0.000000000000000000e+00 0.000000000000000000e+00 6.930793861742046147e-02
-7.109339878967984987e+02 2.194075236899791503e-01 2.553860778395011977e+01 0.000000000000000000e+00 0.000000000000000000e+00 3.635026150593745342e-03
-5.224472319900405637e+02 1.568778439997721250e+02 2.284874956759211173e+01 0.000000000000000000e+00 0.000000000000000000e+00 9.389931119550354310e-02
-9.102431423343133474e+02 1.670568656934055696e+02 3.005805883853557958e+01 0.000000000000000000e+00 0.000000000000000000e+00 2.724431855859776874e-02
-5.043386558752985707e+02 4.866386133486556105e+02 2.511325956223102551e+01 0.000000000000000000e+00 0.000000000000000000e+00 3.515450319482127384e-02
-9.057920209880821858e+02 4.751170831823643539e+02 3.234167459291548852e+01 0.000000000000000000e+00 0.000000000000000000e+00 2.628784442771348040e-02
-7.164557196886894417e+02 7.146684273832852341e+02 3.174738903256054812e+01 0.000000000000000000e+00 0.000000000000000000e+00 1.276146170050296291e-02
-5.146666586454501839e+02 8.715015858558161881e+02 3.146863939851074576e+01 0.000000000000000000e+00 0.000000000000000000e+00 3.482821842947458890e-02
-8.902485652371171909e+02 8.814506784703793301e+02 3.861253205592572613e+01 0.000000000000000000e+00 0.000000000000000000e+00 4.850944208305918437e-02
-5.184387699842119446e+02 1.190675682704629253e+03 3.944484775251524411e+01 0.000000000000000000e+00 0.000000000000000000e+00 -3.666121558562451810e-02
-9.134574670970702073e+02 1.196863043485073149e+03 4.712899046227495603e+01 0.000000000000000000e+00 0.000000000000000000e+00 -1.196859841584085871e-02
-7.273599270645371462e+02 1.458924864720494270e+03 5.157985511612994856e+01 0.000000000000000000e+00 0.000000000000000000e+00 4.007710362019167860e-02
-5.115759205264843104e+02 1.587372921706273473e+03 5.280809935854038883e+01 0.000000000000000000e+00 0.000000000000000000e+00 1.494821155105796606e-04
-9.031475465041338566e+02 1.593829494769520579e+03 6.050527486583570180e+01 0.000000000000000000e+00 0.000000000000000000e+00 1.401165161209405596e-02
-5.182591186404030168e+02 1.899795977861631172e+03 6.640068834765034467e+01 0.000000000000000000e+00 0.000000000000000000e+00 1.597006493970809515e-02
-8.972510456059213766e+02 1.910692815081297567e+03 7.420628099950440060e+01 0.000000000000000000e+00 0.000000000000000000e+00 -3.218188228365193027e-02
-7.087651738030772322e+02 2.145134914925825342e+03 8.204581786355484496e+01 0.000000000000000000e+00 0.000000000000000000e+00 2.410703961056981370e-02
-4.979744275201838377e+02 2.296858992426855366e+03 8.708806985631782993e+01 0.000000000000000000e+00 0.000000000000000000e+00 -3.910791181927208982e-02
-8.738681902083510522e+02 2.314694446089569738e+03 9.523881073454188595e+01 0.000000000000000000e+00 0.000000000000000000e+00 -3.661416997992716915e-02
-5.111678722770330410e+02 2.627296024890077206e+03 1.080800974982456069e+02 0.000000000000000000e+00 0.000000000000000000e+00 -1.619971269833797578e-02
-9.017901658893432568e+02 2.614828879353498905e+03 1.149320666343409272e+02 0.000000000000000000e+00 0.000000000000000000e+00 -1.113916711956619565e-02
-7.179287796750406869e+02 2.881717045107189278e+03 1.298206102845582848e+02 0.000000000000000000e+00 0.000000000000000000e+00 3.818478082766318948e-02
-5.191852217221421597e+02 3.026220087871298347e+03 1.375249059610510187e+02 0.000000000000000000e+00 0.000000000000000000e+00 5.696226897904921316e-02
-9.080217539483799101e+02 3.020135760540013962e+03 1.449021302333451047e+02 0.000000000000000000e+00 0.000000000000000000e+00 1.138111977545008813e-02
1.647799515336703564e+02 3.059690124652406212e+03 1.367668187711942380e+02 0.000000000000000000e+00 0.000000000000000000e+00 -2.965216601742781677e-02
-1.735721387810349086e+02 3.031107928820167217e+03 1.345264267647835936e+02 0.000000000000000000e+00 0.000000000000000000e+00 2.365426662083791598e-02
-2.555950881826936971e+00 2.909300392422022924e+03 1.246486860350673282e+02 0.000000000000000000e+00 0.000000000000000000e+00 2.929479239810461877e-05
1.960119172420838822e+02 2.676052361451294018e+03 1.083058729287688777e+02 0.000000000000000000e+00 0.000000000000000000e+00 -3.872917538160436379e-02
-1.725647643899089871e+02 2.647762035019068662e+03 1.062455675021215171e+02 0.000000000000000000e+00 0.000000000000000000e+00 -3.964649036086598244e-02
1.904236009353886061e+02 2.353008783190283793e+03 8.748822693797310990e+01 0.000000000000000000e+00 0.000000000000000000e+00 1.308689655868988666e-02
-1.778504450729544715e+02 2.354201337496559063e+03 8.749574045135743461e+01 0.000000000000000000e+00 0.000000000000000000e+00 -3.953938191483530318e-02
-5.418733948350752394e-01 2.199278131388379279e+03 7.813499336982313537e+01 0.000000000000000000e+00 0.000000000000000000e+00 3.070006595703489438e-02
1.777919377049935008e+02 1.969426855609478253e+03 6.654570165714045515e+01 0.000000000000000000e+00 0.000000000000000000e+00 -1.743342156396465725e-02
-1.664917547311609383e+02 1.943732202003219982e+03 6.523867029138628482e+01 0.000000000000000000e+00 0.000000000000000000e+00 5.001098846662443975e-03
1.916271132323929294e+02 1.643707021319945397e+03 5.202762166554215639e+01 0.000000000000000000e+00 0.000000000000000000e+00 4.859279842237640423e-02
-1.814553238726181803e+02 1.637928961293668181e+03 5.174338898294946887e+01 0.000000000000000000e+00 0.000000000000000000e+00 -2.364370431352824653e-02
-2.685094651566357626e+00 1.484720680026857281e+03 4.543796636263186883e+01 0.000000000000000000e+00 0.000000000000000000e+00 2.294656453691601428e-02
1.864265926655334908e+02 1.250761881961455629e+03 3.811902736571212102e+01 0.000000000000000000e+00 0.000000000000000000e+00 -1.080615809613760803e-02
-1.939367481896146614e+02 1.254562213734219768e+03 3.827211761184963734e+01 0.000000000000000000e+00 0.000000000000000000e+00 1.487853235978775501e-03
1.905643505114864524e+02 9.306151127335294859e+02 2.974198791926806251e+01 0.000000000000000000e+00 0.000000000000000000e+00 -2.495342337301664770e-02
-1.977889903973787966e+02 9.398527906891863495e+02 2.998524619456376428e+01 0.000000000000000000e+00 0.000000000000000000e+00 2.244274757513053942e-02
-1.112462686120297661e+01 7.839746173877153979e+02 2.627424561366311551e+01 0.000000000000000000e+00 0.000000000000000000e+00 -1.637210371265140907e-02
1.703794570053011057e+02 5.365301597400965647e+02 2.278925302256027052e+01 0.000000000000000000e+00 0.000000000000000000e+00 -4.811178111559399895e-03
-1.852064599818756108e+02 5.380612967260697133e+02 2.287707948871705099e+01 0.000000000000000000e+00 0.000000000000000000e+00 2.610413651197873719e-02
1.846134496433998038e+02 2.211053154800907237e+02 2.005594802870201931e+01 0.000000000000000000e+00 0.000000000000000000e+00 -2.808521851708078998e-02
-1.908462895239475756e+02 2.286212047647618704e+02 2.012547786838198505e+01 0.000000000000000000e+00 0.000000000000000000e+00 2.034948862837637762e-02
-6.721607737322198517e+00 6.985455377908726859e+01 1.910696922440922307e+01 0.000000000000000000e+00 0.000000000000000000e+00 -1.640868680912532795e-02
1.762866573498807554e+02 -1.764081942638156590e+02 1.980478584381454610e+01 0.000000000000000000e+00 0.000000000000000000e+00 9.449011405500584715e-03
-1.985966252745763825e+02 -1.679258430021660047e+02 1.987820675289070138e+01 0.000000000000000000e+00 0.000000000000000000e+00 4.254453794509061026e-03
1.870147394837769923e+02 -4.908795078637652978e+02 2.224779668319220605e+01 0.000000000000000000e+00 0.000000000000000000e+00 1.270374473886803912e-02
-1.969420111255087420e+02 -4.841467931613235578e+02 2.222160523575167801e+01 0.000000000000000000e+00 0.000000000000000000e+00 6.134170645069048078e-02
-1.668942730332021895e+01 -6.496589122166860761e+02 2.386262381516845110e+01 0.000000000000000000e+00 0.000000000000000000e+00 2.330120082241293744e-02
1.588415460142180109e+02 -9.102206204376867618e+02 2.876909529030150381e+01 0.000000000000000000e+00 0.000000000000000000e+00 2.343906402723305860e-02
-2.010321084557870677e+02 -8.853161996881664209e+02 2.845721240948096309e+01 0.000000000000000000e+00 0.000000000000000000e+00 -1.630615018463288379e-03
1.667870077736035341e+02 -1.199598727470549875e+03 3.566074986503456046e+01 0.000000000000000000e+00 0.000000000000000000e+00 3.739418240516556580e-02
-1.976772303924522305e+02 -1.196440784487492238e+03 3.571792184776622037e+01 0.000000000000000000e+00 0.000000000000000000e+00 4.370983866685662633e-03
-1.241528613274309123e+01 -1.359336766736668778e+03 3.988875664024388357e+01 0.000000000000000000e+00 0.000000000000000000e+00 1.604192303464202496e-02
1.749346482524006774e+02 -1.595643279779195154e+03 4.807238228713707429e+01 0.000000000000000000e+00 0.000000000000000000e+00 2.072372281014622786e-02
-1.964645783584610683e+02 -1.590827151098319518e+03 4.800187118362302385e+01 0.000000000000000000e+00 0.000000000000000000e+00 4.863669308990381523e-02
1.981440683604377568e+02 -1.919939215972663078e+03 6.088993847097326295e+01 0.000000000000000000e+00 0.000000000000000000e+00 4.193475481568498253e-02
-1.934588205786149331e+02 -1.904271670725907825e+03 6.019934581673661711e+01 0.000000000000000000e+00 0.000000000000000000e+00 5.604667669039997691e-03
-8.358914802180052561e+00 -2.123202254936405097e+03 6.954922457561966098e+01 0.000000000000000000e+00 0.000000000000000000e+00 1.890155881305588537e-02
1.984602443361685857e+02 -2.302272858983593324e+03 7.887511812769326980e+01 0.000000000000000000e+00 0.000000000000000000e+00 9.233758774968237049e-03
-1.750798569870646588e+02 -2.351101611002628488e+03 8.129738823660855473e+01 0.000000000000000000e+00 0.000000000000000000e+00 1.893534256048212683e-02
1.728951085955391420e+02 -2.622102826035485577e+03 9.632787839880289482e+01 0.000000000000000000e+00 0.000000000000000000e+00 6.985905773794343077e-02
-2.059927575697522855e+02 -2.616457922593930107e+03 9.615676532564086187e+01 0.000000000000000000e+00 0.000000000000000000e+00 3.457067711548234001e-02
-1.920811668093113100e+00 -2.772691542231321819e+03 1.050320539153179453e+02 0.000000000000000000e+00 0.000000000000000000e+00 -1.002197185434283710e-02
1.901644388147301754e+02 -3.010183015333917410e+03 1.208923405225233978e+02 0.000000000000000000e+00 0.000000000000000000e+00 -1.528500250412889727e-02
-2.040207172818559513e+02 -3.014604576769352207e+03 1.212615114305585280e+02 0.000000000000000000e+00 0.000000000000000000e+00 -6.620681090552693604e-03
7.970792741429626176e+02 3.021369260061688237e+03 1.423189097906018503e+02 0.000000000000000000e+00 0.000000000000000000e+00 2.670550935846449647e-03
4.886489902503636245e+02 3.007121122491117603e+03 1.355784019701897591e+02 0.000000000000000000e+00 0.000000000000000000e+00 -3.026611930471290179e-02
6.791246956773544525e+02 2.841701118860993120e+03 1.260704503212862448e+02 0.000000000000000000e+00 0.000000000000000000e+00 2.806656299775056596e-02
8.773987027235840515e+02 2.611415036477569629e+03 1.140958674210419304e+02 0.000000000000000000e+00 0.000000000000000000e+00 -3.718909710029549842e-02
5.057653252910589003e+02 2.606189712101389432e+03 1.065813143138255725e+02 0.000000000000000000e+00 0.000000000000000000e+00 6.588390351510042819e-03
8.481698322786932067e+02 2.324706908976562772e+03 9.522081583804840932e+01 0.000000000000000000e+00 0.000000000000000000e+00 -3.319231641027897695e-02
4.890202829313789721e+02 2.293139324718217267e+03 8.674986226822856850e+01 0.000000000000000000e+00 0.000000000000000000e+00 -2.847394867983155109e-02
6.963285455048500125e+02 2.146032983036446694e+03 8.185517648333842544e+01 0.000000000000000000e+00 0.000000000000000000e+00 -6.547475431077032226e-03
8.626489268379084479e+02 1.914147925523150889e+03 7.354385915202647084e+01 0.000000000000000000e+00 0.000000000000000000e+00 7.311787704040284552e-03
5.012803017696144252e+02 1.904054497930574371e+03 6.636793540234489797e+01 0.000000000000000000e+00 0.000000000000000000e+00 -2.214402353362743270e-02
8.578391645441897708e+02 1.635301503595763961e+03 6.109063606740878072e+01 0.000000000000000000e+00 0.000000000000000000e+00 -4.420119457883231462e-03
5.270489164970897491e+02 1.610247052528369522e+03 5.392444863018172896e+01 0.000000000000000000e+00 0.000000000000000000e+00 -5.252324537836727814e-02
6.462368065550236906e+02 1.450250285901735879e+03 4.978007162762141036e+01 0.000000000000000000e+00 0.000000000000000000e+00 -2.655296281555763471e-02
8.865369857882932365e+02 1.194413614888169832e+03 4.641375425918835163e+01 0.000000000000000000e+00 0.000000000000000000e+00 -3.930982310950525971e-02
4.894964360286685405e+02 1.194912578511490210e+03 3.918076179422821781e+01 0.000000000000000000e+00 0.000000000000000000e+00 7.598640597471728597e-03
8.862219859850454213e+02 8.727820148815314951e+02 3.833470091262680057e+01 0.000000000000000000e+00 0.000000000000000000e+00 -1.354719093353651260e-02
4.979296269830390997e+02 8.749663246967096484e+02 3.131864459254421007e+01 0.000000000000000000e+00 0.000000000000000000e+00 -1.102389505023637639e-02
7.188443128509815097e+02 7.151557227154397651e+02 3.180057209689054787e+01 0.000000000000000000e+00 0.000000000000000000e+00 -3.329485911799778819e-02
8.555643503931753457e+02 4.906826952683968557e+02 3.137027274700032109e+01 0.000000000000000000e+00 0.000000000000000000e+00 -1.032198344229939835e-02
5.247249106262007672e+02 4.799471456619445462e+02 2.530917619352950254e+01 0.000000000000000000e+00 0.000000000000000000e+00 -3.212858058172685105e-02
9.096054850629021757e+02 1.649783225141498804e+02 3.003455392831938298e+01 0.000000000000000000e+00 0.000000000000000000e+00 1.370228925087957350e-02
5.113927992163119711e+02 1.702147650626003781e+02 2.275314523211377349e+01 0.000000000000000000e+00 0.000000000000000000e+00 -4.547674262839862536e-02
6.722533730935950871e+02 1.635648893566290951e+01 2.485593538229327848e+01 0.000000000000000000e+00 0.000000000000000000e+00 -2.041016627425307206e-02
8.767467699686429796e+02 -2.270569078137206986e+02 2.947378040825554280e+01 0.000000000000000000e+00 0.000000000000000000e+00 -4.234410468666993665e-02
5.004476002254972400e+02 -2.316476135274761816e+02 2.286448826810375223e+01 0.000000000000000000e+00 0.000000000000000000e+00 2.497474575861247104e-03
8.293933908497788252e+02 -5.121180841419760554e+02 3.080030792140167506e+01 0.000000000000000000e+00 0.000000000000000000e+00 5.389822647053676974e-03
4.595538551780163061e+02 -5.359148284860092417e+02 2.501213522687326929e+01 0.000000000000000000e+00 0.000000000000000000e+00 -1.590282231342854402e-02
7.347354499929664371e+02 -6.542138487384821701e+02 3.078003214680475352e+01 0.000000000000000000e+00 0.000000000000000000e+00 9.424077459076585228e-03
8.716157622920167114e+02 -9.412500512767711598e+02 3.871779135885299183e+01 0.000000000000000000e+00 0.000000000000000000e+00 -3.343919786825466645e-02
4.751912955120812967e+02 -9.356773698525132659e+02 3.183443783675456729e+01 0.000000000000000000e+00 0.000000000000000000e+00 -1.387225689860827060e-02
8.478102139305533456e+02 -1.242773692807479847e+03 4.557303701240807925e+01 0.000000000000000000e+00 0.000000000000000000e+00 -3.173333915147225071e-02
4.460760964916399303e+02 -1.240156007833729518e+03 3.892881408644769436e+01 0.000000000000000000e+00 0.000000000000000000e+00 -2.131111777494254511e-03
6.831404043502054719e+02 -1.410391003931997830e+03 4.735576661185787373e+01 0.000000000000000000e+00 0.000000000000000000e+00 -3.185981923769531932e-02
8.693276032799793711e+02 -1.647828414848132979e+03 5.911670064204272990e+01 0.000000000000000000e+00 0.000000000000000000e+00 -3.158140171031931231e-02
4.873007653261578866e+02 -1.587300970169414541e+03 5.038363104314201735e+01 0.000000000000000000e+00 0.000000000000000000e+00 -1.242982702744654944e-02
8.632963101127734262e+02 -1.962137623659509472e+03 7.163912955584117981e+01 0.000000000000000000e+00 0.000000000000000000e+00 -1.844516341306245977e-02
4.725192014611227478e+02 -1.890609794947604541e+03 6.196606722583645421e+01 0.000000000000000000e+00 0.000000000000000000e+00 -4.639608403291362038e-02
6.850380619262703021e+02 -2.125511243593374729e+03 7.559022387505724794e+01 0.000000000000000000e+00 0.000000000000000000e+00 -2.882883783250633769e-02
8.708998789311824567e+02 -2.297210140652908194e+03 8.773123433370307112e+01 0.000000000000000000e+00 0.000000000000000000e+00 -1.128733035446316535e-02
4.732340977324009259e+02 -2.300704200694404335e+03 8.113028801081618724e+01 0.000000000000000000e+00 0.000000000000000000e+00 -4.981864780754108324e-02
8.909352282976956303e+02 -2.622640402159808218e+03 1.060863580536411064e+02 0.000000000000000000e+00 0.000000000000000000e+00 -4.251694549792262023e-02
4.904875427321106827e+02 -2.621525609306954721e+03 9.897191669919220658e+01 0.000000000000000000e+00 0.000000000000000000e+00 7.844355001651592829e-04
6.931589062373890329e+02 -2.782080489694943481e+03 1.117436953706528584e+02 0.000000000000000000e+00 0.000000000000000000e+00 -1.911124721893031619e-02
8.647788011743060679e+02 -3.070111271083319480e+03 1.341274240040388577e+02 0.000000000000000000e+00 0.000000000000000000e+00 -5.922707049808195734e-02
4.716225599684440795e+02 -3.064219343352750911e+03 1.269691469734158886e+02 0.000000000000000000e+00 0.000000000000000000e+00 -4.861017195858607920e-02
1.589349242375636322e+03 -3.010860793167445081e+03 1.530574183705612654e+02 0.000000000000000000e+00 0.000000000000000000e+00 -3.186624476774113646e-02
1.212097440363819942e+03 -3.000772993022290393e+03 1.386754178000159641e+02 0.000000000000000000e+00 0.000000000000000000e+00 -1.060158511126019221e-02
1.409724092184536630e+03 -2.836898944452513661e+03 1.345634058380514091e+02 0.000000000000000000e+00 0.000000000000000000e+00 -4.467637665615598053e-02
1.581043739040253513e+03 -2.668556096532990068e+03 1.307246473292653945e+02 0.000000000000000000e+00 0.000000000000000000e+00 -3.445783955663728193e-02
1.213759716893789573e+03 -2.672105246840121254e+03 1.177213958397467763e+02 0.000000000000000000e+00 0.000000000000000000e+00 -3.032480972711937284e-02
1.601234800178149499e+03 -2.352284098451452337e+03 1.136834547535185891e+02 0.000000000000000000e+00 0.000000000000000000e+00 -2.062294615637938477e-02
1.252510258991160072e+03 -2.322531563745783842e+03 9.936452045914462872e+01 0.000000000000000000e+00 0.000000000000000000e+00 -1.290442171661254633e-02
1.420073851746695709e+03 -2.097932876155485246e+03 9.397783518559097615e+01 0.000000000000000000e+00 0.000000000000000000e+00 -9.053111993509332933e-03
1.591713011345722634e+03 -1.954261944305966381e+03 9.408186864267996441e+01 0.000000000000000000e+00 0.000000000000000000e+00 -2.662919913288419593e-02
1.236610220809232260e+03 -1.953170891270702896e+03 8.120432281042594980e+01 0.000000000000000000e+00 0.000000000000000000e+00 4.615060229426148908e-03
1.581893993135012806e+03 -1.639247973480932842e+03 8.103131170488012458e+01 0.000000000000000000e+00 0.000000000000000000e+00 -4.434442610599376167e-02
1.214273786946261907e+03 -1.643156207727773790e+03 6.806248857187959800e+01 0.000000000000000000e+00 0.000000000000000000e+00 -6.605916843585646347e-02
1.395514716428568136e+03 -1.399577394393698569e+03 6.581402464872050473e+01 0.000000000000000000e+00 0.000000000000000000e+00 -3.994183198670953061e-03
1.596937909579789675e+03 -1.262277672025585389e+03 6.944107731998735744e+01 0.000000000000000000e+00 0.000000000000000000e+00 2.762717100340239540e-02
1.224074131643673581e+03 -1.243287533171317818e+03 5.548302316861554573e+01 0.000000000000000000e+00 0.000000000000000000e+00 -2.141741229378624212e-02
1.597631629888800717e+03 -9.337044274609189642e+02 6.143943453231440799e+01 0.000000000000000000e+00 0.000000000000000000e+00 -4.215002354526831141e-02
1.211495280912231692e+03 -9.381693182243569709e+02 4.765912563863786744e+01 0.000000000000000000e+00 0.000000000000000000e+00 5.684977051458872666e-04
1.386027960394136926e+03 -6.893594563695879742e+02 4.894045282153597753e+01 0.000000000000000000e+00 0.000000000000000000e+00 -2.709610226963121704e-02
1.596320913606542263e+03 -5.474768206777989690e+02 5.506331459685963381e+01 0.000000000000000000e+00 0.000000000000000000e+00 -3.515614008819056835e-02
1.202596531169548598e+03 -5.384636081051860401e+02 4.080018887296382957e+01 0.000000000000000000e+00 0.000000000000000000e+00 -5.367496756711176431e-02
1.584874196965651663e+03 -2.219171623124233292e+02 5.190544687944792202e+01 0.000000000000000000e+00 0.000000000000000000e+00 -4.325620109385397427e-02
1.189314315955478605e+03 -2.312253307449915383e+02 3.778745333893960634e+01 0.000000000000000000e+00 0.000000000000000000e+00 -5.056698893526601069e-02
1.410398953007716045e+03 2.028919171830263934e+01 4.470844912770505175e+01 0.000000000000000000e+00 0.000000000000000000e+00 -2.615351930218423604e-02
1.606428482116373289e+03 1.652773706872494586e+02 5.280390564790252483e+01 0.000000000000000000e+00 0.000000000000000000e+00 -2.682245692757589950e-02
1.226219153935263421e+03 1.724220982784084129e+02 3.882302594487525482e+01 0.000000000000000000e+00 0.000000000000000000e+00 -6.911009208866403242e-02
1.624966177186468940e+03 4.862288228305442885e+02 5.628623344450220145e+01 0.000000000000000000e+00 0.000000000000000000e+00 -3.048142168171352751e-02
1.204960654517632975e+03 4.887444078287041407e+02 4.073739783346245247e+01 0.000000000000000000e+00 0.000000000000000000e+00 -2.522491817568806027e-02
1.416464173697640945e+03 7.254349966071411018e+02 5.154392711549756712e+01 0.000000000000000000e+00 0.000000000000000000e+00 -1.473738592033413397e-02
1.594123671185519242e+03 8.809272279818784455e+02 6.171586812035911151e+01 0.000000000000000000e+00 0.000000000000000000e+00 -1.771232855297455444e-03
1.198354792499964105e+03 8.849347337579512214e+02 4.717044419764243912e+01 0.000000000000000000e+00 0.000000000000000000e+00 7.014151088924336364e-04
1.590426577086058614e+03 1.195116130378753724e+03 6.969123917874146912e+01 0.000000000000000000e+00 0.000000000000000000e+00 -1.705753189993686192e-02
1.181497412218469435e+03 1.200764820070355881e+03 5.471532595415474987e+01 0.000000000000000000e+00 0.000000000000000000e+00 -1.933937507551775070e-03
1.404836994097135630e+03 1.444804137177666917e+03 7.045820694395558803e+01 0.000000000000000000e+00 0.000000000000000000e+00 2.441033503271228255e-02
1.599904587653748422e+03 1.590767576007876642e+03 8.394341283285231725e+01 0.000000000000000000e+00 0.000000000000000000e+00 4.299941684359964711e-02
1.207688923317017952e+03 1.592380357755584782e+03 6.911022620561968210e+01 0.000000000000000000e+00 0.000000000000000000e+00 1.417711860018755488e-02
1.603915926376230345e+03 1.906793129627066264e+03 9.815029870185966843e+01 0.000000000000000000e+00 0.000000000000000000e+00 -8.624335995435217228e-03
1.206263780277246951e+03 1.902545565031582782e+03 8.266755924073289918e+01 0.000000000000000000e+00 0.000000000000000000e+00 -8.389556146582322071e-03
1.402493718986730983e+03 2.145263991502207773e+03 1.021768567557827225e+02 0.000000000000000000e+00 0.000000000000000000e+00 1.680993892409787804e-02
1.577479619507782900e+03 2.305273843247848617e+03 1.185601280656798480e+02 0.000000000000000000e+00 0.000000000000000000e+00 2.612666471728175566e-02
1.224873439613671280e+03 2.312581253688420929e+03 1.052928883507997710e+02 0.000000000000000000e+00 0.000000000000000000e+00 4.217388510157604742e-02
1.628918598128411077e+03 2.631114406230593886e+03 1.418331155680151028e+02 0.000000000000000000e+00 0.000000000000000000e+00 1.804869064812919532e-02
1.210885826732417854e+03 2.621217745748836478e+03 1.244927319007561408e+02 0.000000000000000000e+00 0.000000000000000000e+00 1.589951664753641580e-02
1.408339908819270022e+03 2.861419950519567010e+03 1.490200625467767566e+02 0.000000000000000000e+00 0.000000000000000000e+00 2.328701312498537845e-02
1.599300436520559515e+03 3.013422219715747815e+03 1.690262327124445960e+02 0.000000000000000000e+00 0.000000000000000000e+00 1.010847420451455037e-02
1.214396033951144318e+03 3.020267320106221177e+03 1.541451286045983977e+02 0.000000000000000000e+00 0.000000000000000000e+00 -2.255029380771134129e-02
2.298889627673418090e+03 2.290908397420783785e+03 1.567753921998061060e+02 0.000000000000000000e+00 0.000000000000000000e+00 2.398454082731404924e-02
1.951277821762139411e+03 2.313861693188463960e+03 1.374586144366436145e+02 0.000000000000000000e+00 0.000000000000000000e+00 -1.161687977807446259e-02
2.112775115351928889e+03 2.204877484779799488e+03 1.401771372700156917e+02 0.000000000000000000e+00 0.000000000000000000e+00 1.801487009953461893e-02
2.291026797475408785e+03 1.963489678701468620e+03 1.379245829563598136e+02 0.000000000000000000e+00 0.000000000000000000e+00 2.345986842027514285e-02
1.929764283441405496e+03 1.958614299107588749e+03 1.165592527087547268e+02 0.000000000000000000e+00 0.000000000000000000e+00 9.317924932474852540e-04
2.255181584002992167e+03 1.594905426583809003e+03 1.185748618735380404e+02 0.000000000000000000e+00 0.000000000000000000e+00 2.021703367208260715e-02
1.908571861340277110e+03 1.589997712694674419e+03 9.863642524983279714e+01 0.000000000000000000e+00 0.000000000000000000e+00 2.309115904047587264e-02
2.115347077656197143e+03 1.497184324740358079e+03 1.063092617419470685e+02 0.000000000000000000e+00 0.000000000000000000e+00 5.756313457905548603e-02
2.268133432544144853e+03 1.251021045018459063e+03 1.067065277405558561e+02 0.000000000000000000e+00 0.000000000000000000e+00 1.093987009594172832e-01
1.944147780415509487e+03 1.246595792272031076e+03 8.808595807542320699e+01 0.000000000000000000e+00 0.000000000000000000e+00 4.599806048219079457e-02
2.292419594449884244e+03 9.336120744022371127e+02 9.923073622715830311e+01 0.000000000000000000e+00 0.000000000000000000e+00 2.116378518024930599e-02
1.917082510891671973e+03 9.420471041468146041e+02 7.822541955531799829e+01 0.000000000000000000e+00 0.000000000000000000e+00 3.888071104115908838e-02
2.105142536848412419e+03 7.796189331961777498e+02 8.476807013576166128e+01 0.000000000000000000e+00 0.000000000000000000e+00 -1.932690378248480556e-02
2.252540460634047577e+03 5.050116073911163426e+02 8.873092759637577842e+01 0.000000000000000000e+00 0.000000000000000000e+00 6.379871939201109399e-02
1.904835052033929969e+03 4.833085424333577294e+02 6.927120608002346103e+01 0.000000000000000000e+00 0.000000000000000000e+00 2.712798953574235838e-02
2.281970637720934064e+03 2.324639577685289851e+02 8.772879271667011380e+01 0.000000000000000000e+00 0.000000000000000000e+00 -1.419422464979902543e-02
1.908229766025857543e+03 2.272807913859991231e+02 6.703095700784245992e+01 0.000000000000000000e+00 0.000000000000000000e+00 -1.470125361046825674e-02
2.095409030706492103e+03 7.560577017052081317e+01 7.617983765197121215e+01 0.000000000000000000e+00 0.000000000000000000e+00 -5.650556007125828728e-03
2.294708145422057441e+03 -1.638697449378903741e+02 8.764520994400641030e+01 0.000000000000000000e+00 0.000000000000000000e+00 -1.419450416338463583e-02
1.918520614770328621e+03 -1.634620432601327025e+02 6.687936597937940064e+01 0.000000000000000000e+00 0.000000000000000000e+00 8.804718013593060277e-03
2.249816855043682153e+03 -5.060074979322803870e+02 8.722471764235322667e+01 0.000000000000000000e+00 0.000000000000000000e+00 -5.314245154053764963e-03
1.918988978973569829e+03 -4.747421306277012718e+02 6.892995425245806018e+01 0.000000000000000000e+00 0.000000000000000000e+00 3.633573370848353079e-02
2.100452960830195025e+03 -6.471389963496214932e+02 8.048460811665580650e+01 0.000000000000000000e+00 0.000000000000000000e+00 4.876396771332736080e-02
2.281398626702809906e+03 -8.854213306646067849e+02 9.478146240436726089e+01 0.000000000000000000e+00 0.000000000000000000e+00 2.438848215862776669e-02
1.908278330038028571e+03 -8.807103386602321962e+02 7.439904127377620568e+01 0.000000000000000000e+00 0.000000000000000000e+00 4.959481651299313398e-02
2.286070085834543534e+03 -1.202692770315150938e+03 1.023600954759435808e+02 0.000000000000000000e+00 0.000000000000000000e+00 2.351602658674778468e-02
1.908254885138655254e+03 -1.193451699562254362e+03 8.158302812698936179e+01 0.000000000000000000e+00 0.000000000000000000e+00 1.210140730219677607e-02
2.094331428244071049e+03 -1.423228981707980893e+03 9.789571887951686335e+01 0.000000000000000000e+00 0.000000000000000000e+00 -5.371874403297738354e-02
2.280144114212040222e+03 -1.598791051727796685e+03 1.143656892050612299e+02 0.000000000000000000e+00 0.000000000000000000e+00 -2.526604301785084772e-02
1.911212589129753269e+03 -1.589767318088486491e+03 9.402045083075068987e+01 0.000000000000000000e+00 0.000000000000000000e+00 -4.353848419724215546e-02
2.283366047363780581e+03 -1.968079271425601519e+03 1.293295599950786254e+02 0.000000000000000000e+00 0.000000000000000000e+00 -3.758843292075653153e-03
1.882032310585129153e+03 -1.970872622311063651e+03 1.077782222931406437e+02 0.000000000000000000e+00 0.000000000000000000e+00 2.358591512457053341e-02
2.098973035000734853e+03 -2.056472973367199302e+03 1.228215586001279434e+02 0.000000000000000000e+00 0.000000000000000000e+00 2.498332578758777345e-02
2.293543239386731329e+03 -2.302099235916795806e+03 1.460257562148741499e+02 0.000000000000000000e+00 0.000000000000000000e+00 -3.465185353365995979e-02
1.924415399454439239e+03 -2.298213850430491220e+03 1.255627050095070558e+02 0.000000000000000000e+00 0.000000000000000000e+00 2.128346216660759183e-02
2.622926763636623946e+03 -1.655680101657842442e+03 1.384165174271050489e+02 0.000000000000000000e+00 0.000000000000000000e+00 -2.334263186170915105e-02
2.960088574667865032e+03 -1.652460846717596269e+03 1.631760060137083030e+02 0.000000000000000000e+00 0.000000000000000000e+00 -7.203004824455661037e-02
2.822804571499343638e+03 -1.413966430482892974e+03 1.444727766761495502e+02 0.000000000000000000e+00 0.000000000000000000e+00 -2.571957789777457037e-02
2.996526681124953484e+03 -1.265476304985566912e+03 1.534634555176826609e+02 0.000000000000000000e+00 0.000000000000000000e+00 3.899388473237763719e-02
2.621526119134786768e+03 -1.196506873424284322e+03 1.237300337971110196e+02 0.000000000000000000e+00 0.000000000000000000e+00 3.073977916487535822e-02
2.995831903299952955e+03 -9.449736028573738622e+02 1.456491729991568036e+02 0.000000000000000000e+00 0.000000000000000000e+00 1.473407261840975480e-02
2.655900345007982196e+03 -8.963074790045792497e+02 1.192297947071275672e+02 0.000000000000000000e+00 0.000000000000000000e+00 1.939647780379516462e-02
2.825848967034014549e+03 -6.856032943900779628e+02 1.279812786753245746e+02 0.000000000000000000e+00 0.000000000000000000e+00 3.336005329927616003e-03
3.003493070482520579e+03 -5.389466209539124293e+02 1.399223213846561578e+02 0.000000000000000000e+00 0.000000000000000000e+00 8.662673094619322001e-03
2.645937487743841302e+03 -5.020856398435099663e+02 1.126857253229764950e+02 0.000000000000000000e+00 0.000000000000000000e+00 -1.885007698793117470e-02
2.972126409743359090e+03 -2.387339172148316209e+02 1.352489586936409580e+02 0.000000000000000000e+00 0.000000000000000000e+00 -3.303647805594778220e-02
2.607671797093312307e+03 -2.352286321827231461e+02 1.081370286494031632e+02 0.000000000000000000e+00 0.000000000000000000e+00 -4.734881734441387380e-02
2.810964563136288234e+03 8.104635308541952909e+00 1.225859528723058816e+02 0.000000000000000000e+00 0.000000000000000000e+00 2.788169429692288759e-03
3.004725782643075490e+03 1.766928149135969193e+02 1.384600288465244944e+02 0.000000000000000000e+00 0.000000000000000000e+00 2.526887483827522374e-02
2.608664622443651751e+03 1.664378423171108921e+02 1.085570020771358060e+02 0.000000000000000000e+00 0.000000000000000000e+00 5.334940882590899491e-04
2.997283462309829247e+03 4.716593778299247788e+02 1.408494148073761210e+02 0.000000000000000000e+00 0.000000000000000000e+00 1.665091965296028320e-02
2.632513793401883049e+03 4.790774043720699069e+02 1.132148195736462242e+02 0.000000000000000000e+00 0.000000000000000000e+00 -1.674715732661979928e-02
2.769650560216160102e+03 7.427923792569692978e+02 1.276487829697898206e+02 0.000000000000000000e+00 0.000000000000000000e+00 3.102990351005985303e-02
3.000046568552369536e+03 8.784523601106475326e+02 1.487802893456199058e+02 0.000000000000000000e+00 0.000000000000000000e+00 2.326532175470674702e-02
2.606969570164897505e+03 8.773834341561143901e+02 1.187194453906333251e+02 0.000000000000000000e+00 0.000000000000000000e+00 1.837359765085011531e-02
3.002031767440073509e+03 1.189616773688524290e+03 1.577024255499870264e+02 0.000000000000000000e+00 0.000000000000000000e+00 5.019067570771085229e-02
2.623512994295788758e+03 1.193650549366212317e+03 1.285683033013206682e+02 0.000000000000000000e+00 0.000000000000000000e+00 5.574638892676375690e-02
2.786067750744105069e+03 1.444237853117216901e+03 1.494249453442602942e+02 0.000000000000000000e+00 0.000000000000000000e+00 5.051601202146116520e-02
2.988865438539657134e+03 1.585221568049277039e+03 1.714194786225911002e+02 0.000000000000000000e+00 0.000000000000000000e+00 1.697536027415935678e-02
2.613909934686544602e+03 1.591421455675221523e+03 1.424920803081999168e+02 0.000000000000000000e+00 0.000000000000000000e+00 6.497441344313870104e-02
