# x y z x_res y_res z_res x_res_err y_res_err z_res_err
8.456661137452002777e+02 2.076990036935742864e+03 -3.249608723775551056e+01 0.000000000000000000e+00 0.000000000000000000e+00 7.677040216918840088e-03 1.656134687227631477e-02 1.557964842247954070e-02 1.226524929823685772e-02
4.698765489824392034e+02 2.491021801377217798e+03 -4.021983493507695329e+01 0.000000000000000000e+00 0.000000000000000000e+00 -8.570260575567090200e-03 1.562203799450863004e-02 1.468899717582310312e-02 1.154407825777027836e-02
6.559092712461138035e+02 2.326745965266990879e+03 -3.701441746475391881e+01 0.000000000000000000e+00 0.000000000000000000e+00 2.147666032045947304e-02 1.656134687227631477e-02 1.557964842247954070e-02 1.226536015639000804e-02
4.704154234742590575e+02 2.075811791888887001e+03 -2.864571390016637764e+01 0.000000000000000000e+00 0.000000000000000000e+00 -2.347622605220678338e-02 1.656134687227631477e-02 1.557964842247954070e-02 1.226509115851236349e-02
8.450473776307829894e+02 2.497154710343920669e+03 -4.418407385199952131e+01 0.000000000000000000e+00 0.000000000000000000e+00 -1.148930325324215573e-02 1.712092917511845794e-02 1.561489737741667515e-02 1.293578094471419491e-02
1.740417977971748371e+02 2.493236587950300418e+03 -3.882535447761976144e+01 0.000000000000000000e+00 0.000000000000000000e+00 1.804890635848011016e-02 1.757388878167848167e-02 1.613206257592581655e-02 1.319647907839405915e-02
-1.472989416504629112e+01 2.321854505554625121e+03 -3.356441822430593191e+01 0.000000000000000000e+00 0.000000000000000000e+00 3.707370500602280572e-02 1.562203799450863004e-02 1.468899717582310312e-02 1.154387267730628934e-02
1.743433038866303946e+02 2.072592309966740686e+03 -2.708444437314208386e+01 0.000000000000000000e+00 0.000000000000000000e+00 1.296344309951535934e-02 1.515583294574418712e-02 1.416954142264902246e-02 1.127084488717345484e-02
-1.998959656768018931e+02 2.070416022923844139e+03 -2.710314512445349422e+01 0.000000000000000000e+00 0.000000000000000000e+00 -2.817085625174797769e-03 1.515583294574418712e-02 1.416954142264902246e-02 1.127084615801982916e-02
-2.001625329048192441e+02 2.487720858939829213e+03 -3.873332826668509199e+01 0.000000000000000000e+00 0.000000000000000000e+00 -6.616167930900473948e-03 1.562203799450863004e-02 1.468899717582310312e-02 1.154402276575399768e-02
6.586467484586935370e+02 1.577520953868770221e+03 -1.906535971920475347e+01 0.000000000000000000e+00 0.000000000000000000e+00 -1.216208322839662515e-02 1.515583294574418712e-02 1.416954142264902246e-02 1.127065909579503221e-02
4.734023684311171110e+02 1.744018738945464293e+03 -2.085477036290174979e+01 0.000000000000000000e+00 0.000000000000000000e+00 -9.086603075338928193e-04 1.515583294574418712e-02 1.416954142264902246e-02 1.127069008541279130e-02
4.739365148552020628e+02 1.326486711398525586e+03 -1.288593633328961197e+01 0.000000000000000000e+00 0.000000000000000000e+00 1.493718201738580831e-02 1.461655102303576099e-02 1.413645036809458438e-02 1.061302946391541949e-02
8.490120835440401379e+02 1.748367644634592352e+03 -2.481849422653986181e+01 0.000000000000000000e+00 0.000000000000000000e+00 -2.124151945317720447e-02 1.515583294574418712e-02 1.416954142264902246e-02 1.127084053070602325e-02
8.486406952710415226e+02 1.326995520068601536e+03 -1.678707356032947473e+01 0.000000000000000000e+00 0.000000000000000000e+00 1.025507682352611027e-02 1.472131195666861146e-02 1.368257501964280191e-02 1.101795550847084644e-02
1.787889057994275106e+02 1.745070134711271521e+03 -1.937793572555926502e+01 0.000000000000000000e+00 0.000000000000000000e+00 -1.701263810529951570e-02 1.461655102303576099e-02 1.413645036809458438e-02 1.061320569358786652e-02
1.782430858951596520e+02 1.324943201616069246e+03 -1.134291737585489912e+01 0.000000000000000000e+00 0.000000000000000000e+00 3.782824564432019088e-03 1.515583294574418712e-02 1.416954142264902246e-02 1.127041061840055799e-02
-1.186555782458115793e+01 1.574065767653288958e+03 -1.560300115338788984e+01 0.000000000000000000e+00 0.000000000000000000e+00 -2.826906110693272467e-02 1.461655102303576099e-02 1.413645036809458438e-02 1.061309320206106979e-02
-1.957644646033947140e+02 1.740285663707708636e+03 -1.932420739715470148e+01 0.000000000000000000e+00 0.000000000000000000e+00 -8.717583305269727134e-03 1.461655102303576099e-02 1.413645036809458438e-02 1.061320455167560212e-02
-1.960945427556718812e+02 1.323905419288432086e+03 -1.137831647911580291e+01 0.000000000000000000e+00 0.000000000000000000e+00 -1.093908966407219907e-02 1.461655102303576099e-02 1.413645036809458438e-02 1.061297180358142245e-02
1.710358941425990054e+02 2.823526846490051412e+03 -4.944539239847468792e+01 0.000000000000000000e+00 0.000000000000000000e+00 6.618123221947769252e-03 1.650883715718060724e-02 1.606629212623517100e-02 1.190075628690447779e-02
-2.051058242545979056e+02 2.821687892810281937e+03 -4.948038448476638251e+01 0.000000000000000000e+00 0.000000000000000000e+00 -2.606863554074578815e-02 1.702919731858312455e-02 1.609794607440344361e-02 1.254058330253770594e-02
-2.040970404328741949e+02 3.237594744974600417e+03 -6.456705839929372814e+01 0.000000000000000000e+00 0.000000000000000000e+00 2.464509145119109235e-02 1.895611219469621467e-02 1.858430770690061573e-02 1.352701097064679114e-02
1.713971380032562593e+02 3.243924955807673086e+03 -6.471887594959969192e+01 0.000000000000000000e+00 0.000000000000000000e+00 -1.119137989195451155e-02 1.701833151758729706e-02 1.661240062348056865e-02 1.220869863031306783e-02
-1.983220155046935673e+01 3.072685557359153336e+03 -5.804612930184099184e+01 0.000000000000000000e+00 0.000000000000000000e+00 -5.275185036744289846e-03 1.893058866585101835e-02 1.804922653212986602e-02 1.382983640416061630e-02
-4.948086801458686068e+02 2.489556799697199040e+03 -4.035997437188002834e+01 0.000000000000000000e+00 0.000000000000000000e+00 -2.593164902540223693e-02 1.650883715718060724e-02 1.606629212623517100e-02 1.190047189227317129e-02
-4.955436639714750413e+02 2.070606201580581001e+03 -2.870118332386204330e+01 0.000000000000000000e+00 0.000000000000000000e+00 -1.449726375631854580e-02 1.650883715718060724e-02 1.606629212623517100e-02 1.190008771579679700e-02
-6.862391511244406956e+02 2.320940180113310817e+03 -3.716317326064484661e+01 0.000000000000000000e+00 0.000000000000000000e+00 -2.363038876738698946e-02 1.701833151758729706e-02 1.661240062348056865e-02 1.220779107319770393e-02
-8.677423627839314122e+02 2.485514446270463850e+03 -4.413034614842030123e+01 0.000000000000000000e+00 0.000000000000000000e+00 -2.570106336357014243e-02 1.701833151758729706e-02 1.661240062348056865e-02 1.220804628831195261e-02
-8.691668976834422438e+02 2.068571176482854753e+03 -3.259391318770763490e+01 0.000000000000000000e+00 0.000000000000000000e+00 -7.591695099456785556e-03 1.601518016795346055e-02 1.603711531314036542e-02 1.127956480591107633e-02
1.814085869141128740e+02 9.962602941667714731e+02 -6.559582842581178852e+00 0.000000000000000000e+00 0.000000000000000000e+00 -5.009267994790178591e-03 1.461655102303576099e-02 1.413645036809458438e-02 1.061282904987065345e-02
-8.475545019560398075e+00 8.256245149114248534e+02 -4.335778977257873201e+00 0.000000000000000000e+00 0.000000000000000000e+00 -1.596393754924374520e-02 1.416549742350254291e-02 1.364830333959456653e-02 1.034406417276636722e-02
-1.932483582675282889e+02 5.734455252739282969e+02 -2.395086097144608406e+00 0.000000000000000000e+00 0.000000000000000000e+00 -2.886376121987810350e-02 1.504732022315140305e-02 1.502597453802769802e-02 1.068473417474193575e-02
-1.942673112645709352e+02 9.899842353788258151e+02 -6.519241350359132880e+00 0.000000000000000000e+00 0.000000000000000000e+00 -8.196771802993829681e-03 1.504732022315140305e-02 1.502597453802769802e-02 1.068487191108651035e-02
1.825653230114249084e+02 5.770662785766429579e+02 -2.389571556611119529e+00 0.000000000000000000e+00 0.000000000000000000e+00 -2.371512212071547054e-03 1.460957218211096816e-02 1.456766507912106434e-02 1.041789780709906181e-02
-4.921559180836881637e+02 1.742702165304674736e+03 -2.096760526303075167e+01 0.000000000000000000e+00 0.000000000000000000e+00 -1.397845091407390328e-03 1.602580273156152188e-02 1.554693924343934427e-02 1.160984889485786216e-02
-6.827783962279197567e+02 1.575075753327659868e+03 -1.927063560613051152e+01 0.000000000000000000e+00 0.000000000000000000e+00 -1.857963965933606687e-02 1.551678590174613431e-02 1.551678590174618809e-02 1.097271501037911864e-02
-8.652878106605982111e+02 1.320682197377928333e+03 -1.690690102902540914e+01 0.000000000000000000e+00 0.000000000000000000e+00 -4.526202852851213265e-03 1.551678590174613431e-02 1.551678590174618809e-02 1.097265298936483599e-02
-4.906858374951241899e+02 1.324685947440063273e+03 -1.298316783899250204e+01 0.000000000000000000e+00 0.000000000000000000e+00 4.424807529625596203e-03 1.551678590174613431e-02 1.551678590174618809e-02 1.097248829599906106e-02
-8.650917580105693787e+02 1.739193392119675309e+03 -2.483566261907295569e+01 0.000000000000000000e+00 0.000000000000000000e+00 -1.915820889710317942e-03 1.601518016795346055e-02 1.603711531314036542e-02 1.127929649705909296e-02
8.429943565972068882e+02 2.825055491737160537e+03 -5.467503279665111648e+01 0.000000000000000000e+00 0.000000000000000000e+00 4.072141085730862642e-02 1.757388878167848167e-02 1.613206257592581655e-02 1.319701054130977338e-02
4.663428234016642477e+02 3.240501018831893816e+03 -6.600137742782929706e+01 0.000000000000000000e+00 0.000000000000000000e+00 1.165475377528935041e-02 1.752356883387161737e-02 1.664301594074500332e-02 1.283323477371069166e-02
8.433006030064339029e+02 3.246227424183691255e+03 -6.992857851505750943e+01 0.000000000000000000e+00 0.000000000000000000e+00 1.377087746961080938e-02 1.804228146062605842e-02 1.721231478728363351e-02 1.314160622541981141e-02
4.665400744671073880e+02 2.823627270028192470e+03 -5.088214705788887215e+01 0.000000000000000000e+00 0.000000000000000000e+00 -1.275488795471346748e-04 1.650883715718060724e-02 1.606629212623517100e-02 1.190081371172498591e-02
6.516259971270131928e+02 3.075512475151595481e+03 -6.135415492624434108e+01 0.000000000000000000e+00 0.000000000000000000e+00 1.197937350889333175e-02 1.702919731858312455e-02 1.609794607440344361e-02 1.254097657720423288e-02
1.139157734190601104e+03 2.078586484251192815e+03 -3.703111079486933477e+01 0.000000000000000000e+00 0.000000000000000000e+00 7.203048535586731305e-05 1.515583294574418712e-02 1.416954142264902246e-02 1.127121636297172963e-02
1.324970565071267401e+03 2.329878242429340389e+03 -4.726527389733220019e+01 0.000000000000000000e+00 0.000000000000000000e+00 -2.248061534632483927e-02 1.602580273156152188e-02 1.554693924343934427e-02 1.161077924125273123e-02
1.515803986845446389e+03 2.078905864465456489e+03 -4.472480187129539075e+01 0.000000000000000000e+00 0.000000000000000000e+00 1.054647247354978390e-02 1.515583294574418712e-02 1.416954142264902246e-02 1.127150369192695366e-02
1.516581350700912935e+03 2.499629230235052091e+03 -5.634515541034150488e+01 0.000000000000000000e+00 0.000000000000000000e+00 3.630531874981812734e-02 1.712092917511845794e-02 1.561489737741667515e-02 1.293627456212750708e-02
1.140350426085781010e+03 2.494930330293006136e+03 -4.859618781716980607e+01 0.000000000000000000e+00 0.000000000000000000e+00 5.386627136469002153e-02 1.712092917511845794e-02 1.561489737741667515e-02 1.293596156529613558e-02
1.517100869365776362e+03 1.752923566476291171e+03 -3.716834225784226931e+01 0.000000000000000000e+00 0.000000000000000000e+00 -1.687146761663882444e-02 1.515583294574418712e-02 1.416954142264902246e-02 1.127130946199402829e-02
1.142251643334843038e+03 1.746187317392340674e+03 -2.930881058623526769e+01 0.000000000000000000e+00 0.000000000000000000e+00 -1.721719144635969201e-02 1.515583294574418712e-02 1.416954142264902246e-02 1.127101231888276260e-02
1.143399427455705791e+03 1.328530435929738815e+03 -2.141197588607845148e+01 0.000000000000000000e+00 0.000000000000000000e+00 2.326145407787905128e-02 1.472131195666861146e-02 1.368257501964280191e-02 1.101812896698206069e-02
1.327657276346527851e+03 1.581156875756105137e+03 -2.949229886652401333e+01 0.000000000000000000e+00 0.000000000000000000e+00 -2.085300717817517580e-02 1.515583294574418712e-02 1.416954142264902246e-02 1.127105918057232439e-02
1.518614361160802218e+03 1.330475818336187558e+03 -2.923658216393548415e+01 0.000000000000000000e+00 0.000000000000000000e+00 1.072531639839624518e-02 1.572104097419240593e-02 1.420542253004258501e-02 1.194475174298827332e-02
1.812110787839082377e+03 1.750779476433002856e+03 -4.468644074068632221e+01 0.000000000000000000e+00 0.000000000000000000e+00 -2.000940474317047801e-02 1.572104097419240593e-02 1.420542253004258501e-02 1.194523483948622608e-02
1.813261044035810983e+03 1.333361821027359611e+03 -3.690381026775132511e+01 0.000000000000000000e+00 0.000000000000000000e+00 -5.136188667108854133e-03 1.612232648848453340e-02 1.509088171926665882e-02 1.200917309972231520e-02
1.997971479839528456e+03 1.585441671735007276e+03 -4.679177018292559609e+01 0.000000000000000000e+00 0.000000000000000000e+00 -3.059161144603450566e-02 1.572104097419240593e-02 1.420542253004258501e-02 1.194536696134695757e-02
2.187770801523432056e+03 1.334249125637691577e+03 -4.847390750174899665e+01 0.000000000000000000e+00 0.000000000000000000e+00 -2.785417817533186735e-02 1.612232648848453340e-02 1.509088171926665882e-02 1.200964500489423020e-02
2.187374321070190945e+03 1.756086302703669162e+03 -5.628399017577846308e+01 0.000000000000000000e+00 0.000000000000000000e+00 -1.882653372259568414e-02 1.656134687227631477e-02 1.557964842247954070e-02 1.226632515375028140e-02
-1.157409989642135997e+03 2.073859330735998356e+03 -3.723442953757332674e+01 0.000000000000000000e+00 0.000000000000000000e+00 -7.511930431753910398e-03 1.653988812453723728e-02 1.658418461536328992e-02 1.160362193768411584e-02
-1.537143729090823626e+03 2.485154019020240867e+03 -5.638940269905774727e+01 0.000000000000000000e+00 0.000000000000000000e+00 1.394505697909664832e-03 1.701833151758729706e-02 1.661240062348056865e-02 1.220856407285360844e-02
-1.350462100639147138e+03 2.320111177438720460e+03 -4.751225048389299133e+01 0.000000000000000000e+00 0.000000000000000000e+00 9.805722915061210188e-03 1.611717786069427269e-02 1.523761992168301549e-02 1.183605146412854484e-02
-1.161083004036286411e+03 2.493808546806974846e+03 -4.892643532578027532e+01 0.000000000000000000e+00 0.000000000000000000e+00 -1.068347431747440623e-02 1.701833151758729706e-02 1.661240062348056865e-02 1.220824689145571379e-02
-1.533773652543343815e+03 2.069242130526622987e+03 -4.490230125937559080e+01 0.000000000000000000e+00 0.000000000000000000e+00 -1.612375273963806421e-02 1.701833151758729706e-02 1.661240062348056865e-02 1.220818854431293329e-02
-1.161477153544938119e+03 1.746708474199359216e+03 -2.966360936493126133e+01 0.000000000000000000e+00 0.000000000000000000e+00 -1.874071846602731739e-02 1.653988812453723728e-02 1.658418461536328992e-02 1.160335486025023712e-02
-1.534417610501652462e+03 1.739828718264319150e+03 -3.729756076401482545e+01 0.000000000000000000e+00 0.000000000000000000e+00 4.094896231435996015e-03 1.601518016795346055e-02 1.603711531314036542e-02 1.127982297344038050e-02
-1.159234978874623494e+03 1.326245350067079698e+03 -2.165961297540467001e+01 0.000000000000000000e+00 0.000000000000000000e+00 -1.260944519144402420e-02 1.742466266468694486e-02 1.744657781364099963e-02 1.227600759520543726e-02
-1.352364351070896419e+03 1.575537461771398057e+03 -2.989766438548084082e+01 0.000000000000000000e+00 0.000000000000000000e+00 -7.363475233976402023e-03 1.692740280190487348e-02 1.692740280190493246e-02 1.197071215628673670e-02
-1.533633992740604072e+03 1.321468021995756772e+03 -2.944669355558666624e+01 0.000000000000000000e+00 0.000000000000000000e+00 2.184525533393610885e-02 1.692740280190487348e-02 1.692740280190493246e-02 1.197073684104682685e-02
-6.763466373106405172e+02 8.230707823601305790e+02 -7.936544898770734768e+00 0.000000000000000000e+00 0.000000000000000000e+00 -1.024545194734116649e-02 1.596138797399078782e-02 1.640676286331468892e-02 1.104864395078554266e-02
-4.857796810097821663e+02 9.941785381670961215e+02 -8.140500017337517491e+00 0.000000000000000000e+00 0.000000000000000000e+00 5.676101942098554787e-03 1.551678590174613431e-02 1.551678590174618809e-02 1.097232238612482445e-02
-8.606879856480809394e+02 9.874405149469578191e+02 -1.204450929677825854e+01 0.000000000000000000e+00 0.000000000000000000e+00 5.997348591781914706e-03 1.692740280190487348e-02 1.692740280190493246e-02 1.196998794297424347e-02
-8.612180286928615942e+02 5.726695953912349069e+02 -7.990655789683229315e+00 0.000000000000000000e+00 0.000000000000000000e+00 6.267242243009896185e-03 1.645665866834925342e-02 1.643528347098421882e-02 1.168162237223899572e-02
-4.856709946037329928e+02 5.731181911957982038e+02 -3.973589169833731116e+00 0.000000000000000000e+00 0.000000000000000000e+00 -5.998090800434230374e-03 1.645665866834925342e-02 1.643528347098421882e-02 1.168143910411932433e-02
2.483260878124867304e+03 1.333910046850334993e+03 -5.903208293791658434e+01 0.000000000000000000e+00 0.000000000000000000e+00 1.150781194233729821e-03 1.833801970206361265e-02 1.833801970206368204e-02 1.296973635082660989e-02
2.481952964776834506e+03 1.751096898646829004e+03 -6.662800066413150546e+01 0.000000000000000000e+00 0.000000000000000000e+00 -2.469866432856804295e-02 1.949188358542286448e-02 1.794379921455513394e-02 1.467103053920636689e-02
2.666583556088666683e+03 1.586047749823813774e+03 -7.055846632249645722e+01 0.000000000000000000e+00 0.000000000000000000e+00 -1.258206783077753244e-02 2.068571973319267496e-02 2.066428123846120873e-02 1.467552283165027630e-02
2.859106413802800489e+03 1.336046901800494879e+03 -7.429287634067701163e+01 0.000000000000000000e+00 0.000000000000000000e+00 6.690592133125505825e-03 2.489115642505214734e-02 2.666148680245955874e-02 1.658820640733404267e-02
2.857970434794750417e+03 1.758113330623421916e+03 -8.188946829724373799e+01 0.000000000000000000e+00 0.000000000000000000e+00 6.218910951858447334e-03 2.303013281052852454e-02 2.392608139551839069e-02 1.573705853732961998e-02
-1.532984792754068621e+03 9.832374298629877103e+02 -2.463767625448153709e+01 0.000000000000000000e+00 0.000000000000000000e+00 5.627790370478891191e-03 1.692740280190487348e-02 1.692740280190493246e-02 1.197056963607892252e-02
-1.157891290200798267e+03 9.899662368166033275e+02 -1.680166802936277648e+01 0.000000000000000000e+00 0.000000000000000000e+00 2.123146566508893329e-02 1.737092991754165053e-02 1.781624903493744458e-02 1.204628938875648009e-02
-1.347907956859991600e+03 8.183875621528524107e+02 -1.861943164714129040e+01 0.000000000000000000e+00 0.000000000000000000e+00 -3.898490017988365253e-04 1.737092991754165053e-02 1.781624903493744458e-02 1.204639502672255787e-02
-1.532394921865960441e+03 5.686180683578276103e+02 -2.065929913803941531e+01 0.000000000000000000e+00 0.000000000000000000e+00 5.254473886697752505e-03 1.783755661599778844e-02 1.872888237072456788e-02 1.212815138647570061e-02
-1.156916741732244418e+03 5.688708740568137046e+02 -1.269283022282597351e+01 0.000000000000000000e+00 0.000000000000000000e+00 -5.745690225664290551e-03 1.737092991754165053e-02 1.781624903493744458e-02 1.204612699264164845e-02
-1.833962659522895592e+03 1.741444950083763842e+03 -4.510123096943750909e+01 0.000000000000000000e+00 0.000000000000000000e+00 -1.533183731810083827e-02 1.601518016795346055e-02 1.603711531314036542e-02 1.128015085579311613e-02
-2.024118116717967496e+03 1.570998481846007053e+03 -4.732415565823207260e+01 0.000000000000000000e+00 0.000000000000000000e+00 -3.620379392991424083e-03 1.692740280190487348e-02 1.692740280190493246e-02 1.197149120469636480e-02
-2.205650227640626326e+03 1.319134594878956250e+03 -4.883610808822086113e+01 0.000000000000000000e+00 0.000000000000000000e+00 2.748434520483300503e-02 1.785584244891127298e-02 1.831023870582796850e-02 1.235154759347238326e-02
-1.830842116522316019e+03 1.321237498118260646e+03 -3.720387923017201359e+01 0.000000000000000000e+00 0.000000000000000000e+00 9.137641702494647689e-04 1.785584244891127298e-02 1.831023870582796850e-02 1.235098348138495908e-02
-2.205751376140127377e+03 1.734828719704176592e+03 -5.645524916064974263e+01 0.000000000000000000e+00 0.000000000000000000e+00 -1.270173501796989513e-02 1.692740280190487348e-02 1.692740280190493246e-02 1.197185767834219559e-02
4.777754850104587945e+02 9.950546767071705290e+02 -8.090462410255199188e+00 0.000000000000000000e+00 0.000000000000000000e+00 -1.436171400236219142e-03 1.416549742350254291e-02 1.364830333959456653e-02 1.034418760724154646e-02
4.776200367670975879e+02 5.793299640826148789e+02 -3.957227938662120081e+00 0.000000000000000000e+00 0.000000000000000000e+00 -4.142361427654783768e-04 1.504732022315140305e-02 1.502597453802769802e-02 1.068479904469822606e-02
6.628840381843364185e+02 8.290618842034955378e+02 -7.856036498832588144e+00 0.000000000000000000e+00 0.000000000000000000e+00 -2.081805300847783258e-03 1.472131195666861146e-02 1.368257501964280191e-02 1.101769575114501173e-02
8.530811216461100912e+02 1.000065663663823329e+03 -1.209872744798287059e+01 0.000000000000000000e+00 0.000000000000000000e+00 6.677039118955008234e-03 1.416549742350254291e-02 1.364830333959456653e-02 1.034433770958186061e-02
8.521086863273292238e+02 5.796971477359409164e+02 -7.917720709303309512e+00 0.000000000000000000e+00 0.000000000000000000e+00 2.389491756679795742e-03 1.557169079992144940e-02 1.505711080971451621e-02 1.133824508992719964e-02
4.809756369844791379e+02 -1.737905639785077199e+02 -2.050526410430212110e+00 0.000000000000000000e+00 0.000000000000000000e+00 9.503891932313823787e-03 1.504732022315140305e-02 1.502597453802769802e-02 1.068473674679219776e-02
8.560443205502587034e+02 -1.729668350250183551e+02 -6.064572704352614529e+00 0.000000000000000000e+00 0.000000000000000000e+00 2.564954379719708299e-03 1.460957218211096816e-02 1.456766507912106434e-02 1.041806592006430318e-02
6.650105387015833003e+02 7.725793427081669051e+01 -3.577911078205982864e+00 0.000000000000000000e+00 0.000000000000000000e+00 -3.270753354818189962e-03 1.460957218211096816e-02 1.456766507912106434e-02 1.041796429358409978e-02
4.792524423128311355e+02 2.428388947991567193e+02 -2.213880857787004164e+00 0.000000000000000000e+00 0.000000000000000000e+00 2.256233875277358081e-02 1.601476867469488197e-02 1.597272077225525208e-02 1.141187273840684260e-02
8.551252196924222062e+02 2.501557099891951452e+02 -6.238653253245312058e+00 0.000000000000000000e+00 0.000000000000000000e+00 7.174420590975394418e-03 1.460957218211096816e-02 1.456766507912106434e-02 1.041806898786198747e-02
1.334408547983563722e+03 8.155092394318552351e+01 -1.424120032336575292e+01 0.000000000000000000e+00 0.000000000000000000e+00 3.038257512638864455e-03 1.416549742350254291e-02 1.364830333959456653e-02 1.034448981011935019e-02
1.524030548355425708e+03 2.522336102474364452e+02 -1.886981163168287168e+01 0.000000000000000000e+00 0.000000000000000000e+00 4.959470082042116701e-04 1.515583294574418712e-02 1.416954142264902246e-02 1.127084573083334505e-02
1.149799157377850179e+03 -1.708188313509001262e+02 -1.076359046875569625e+01 0.000000000000000000e+00 0.000000000000000000e+00 -3.336303845003385504e-03 1.557169079992144940e-02 1.505711080971451621e-02 1.133839281133511810e-02
1.149146025543560427e+03 2.469685506965381592e+02 -1.091676274485673481e+01 0.000000000000000000e+00 0.000000000000000000e+00 -7.429906334280644842e-03 1.557169079992144940e-02 1.505711080971451621e-02 1.133839314002772422e-02
1.525142581985687912e+03 -1.682403378213630560e+02 -1.873608595011248212e+01 0.000000000000000000e+00 0.000000000000000000e+00 2.689744417379102970e-02 1.515583294574418712e-02 1.416954142264902246e-02 1.127084931767604291e-02
8.590043610090779111e+02 -5.000190364199114583e+02 -7.533187152791027685e+00 0.000000000000000000e+00 0.000000000000000000e+00 2.234861210535044052e-02 1.504732022315140305e-02 1.502597453802769802e-02 1.068495893970089310e-02
8.607345372085803774e+02 -9.211740632202003098e+02 -1.142671362779098310e+01 0.000000000000000000e+00 0.000000000000000000e+00 -1.964538987745889642e-02 1.504732022315140305e-02 1.502597453802769802e-02 1.068509236277832321e-02
6.703223965697371796e+02 -6.713967944135289372e+02 -6.517555989337992628e+00 0.000000000000000000e+00 0.000000000000000000e+00 9.335528060257836103e-03 1.504732022315140305e-02 1.502597453802769802e-02 1.068490468025806023e-02
4.843724996367240578e+02 -9.229586559121869414e+02 -7.385378064924327468e+00 0.000000000000000000e+00 0.000000000000000000e+00 -8.627876294271530355e-04 1.504732022315140305e-02 1.502597453802769802e-02 1.068491942194316896e-02
4.837832729521245483e+02 -5.071049757634704065e+02 -3.537743778903593928e+00 0.000000000000000000e+00 0.000000000000000000e+00 1.637193706771622459e-03 1.557169079992144940e-02 1.505711080971451621e-02 1.133806811427035682e-02
2.197373016522039052e+03 -9.151824220922787845e+02 -4.368608789783790769e+01 0.000000000000000000e+00 0.000000000000000000e+00 6.634653620992025935e-03 1.596138797399078782e-02 1.640676286331468892e-02 1.105028265835812477e-02
2.006863117900218867e+03 -6.640985502152510662e+02 -3.486279711091508915e+01 0.000000000000000000e+00 0.000000000000000000e+00 -1.148137649771285851e-03 1.551678590174613431e-02 1.551678590174618809e-02 1.097352782812078230e-02
1.819871640149910490e+03 -4.995331042451591088e+02 -2.798835411545729457e+01 0.000000000000000000e+00 0.000000000000000000e+00 3.235829107037346830e-03 1.656134687227631477e-02 1.557964842247954070e-02 1.226541825597513881e-02
1.822294461467349947e+03 -9.178522005671260331e+02 -3.189111295776607591e+01 0.000000000000000000e+00 0.000000000000000000e+00 -1.527565969231403642e-02 1.656134687227631477e-02 1.557964842247954070e-02 1.226554412286364609e-02
2.197249595013900944e+03 -4.926643796487813916e+02 -3.984310575005395805e+01 0.000000000000000000e+00 0.000000000000000000e+00 2.584033869021595820e-02 1.602580273156152188e-02 1.554693924343934427e-02 1.161088402181988805e-02
2.202796930282750964e+03 -1.242635925595658819e+03 -4.837973393997699390e+01 0.000000000000000000e+00 0.000000000000000000e+00 -2.280012411031862030e-02 1.692740280190487348e-02 1.692740280190493246e-02 1.197168768894129459e-02
1.827376992181427568e+03 -1.248337871682723062e+03 -3.662882915374734694e+01 0.000000000000000000e+00 0.000000000000000000e+00 -1.062034763513253210e-02 1.602580273156152188e-02 1.554693924343934427e-02 1.161065601424440125e-02
2.012060671982856547e+03 -1.413189341925067538e+03 -4.498754522121038946e+01 0.000000000000000000e+00 0.000000000000000000e+00 -1.357923477400646561e-02 1.602580273156152188e-02 1.554693924343934427e-02 1.161098603902532833e-02
1.827724638811210525e+03 -1.664037518297687029e+03 -4.435573582498361844e+01 0.000000000000000000e+00 0.000000000000000000e+00 1.636648446847743799e-04 1.602580273156152188e-02 1.554693924343934427e-02 1.161090297667365621e-02
2.202773312857780638e+03 -1.662676380754912316e+03 -5.609879686753190242e+01 0.000000000000000000e+00 0.000000000000000000e+00 2.060203444613506463e-02 1.692740280190487348e-02 1.692740280190493246e-02 1.197196398572131573e-02
2.491725121412301633e+03 -9.133466529884964302e+02 -5.438931069159033171e+01 0.000000000000000000e+00 0.000000000000000000e+00 -1.565541562495553762e-02 1.737092991754165053e-02 1.781624903493744458e-02 1.204817575539609935e-02
2.867320756833204086e+03 -9.110934310948964594e+02 -6.982658684840910723e+01 0.000000000000000000e+00 0.000000000000000000e+00 1.300645870523453596e-02 1.878063328064462356e-02 1.922590106535461765e-02 1.304642832871807240e-02
2.677682834977553284e+03 -6.615770205362442766e+02 -5.926808775912643767e+01 0.000000000000000000e+00 0.000000000000000000e+00 -2.057418103724728553e-03 1.785584244891127298e-02 1.831023870582796850e-02 1.235223140333984934e-02
2.866855729482952029e+03 -4.909044358552871472e+02 -6.604039408643683373e+01 0.000000000000000000e+00 0.000000000000000000e+00 -2.644519415952117924e-03 1.833801970206361265e-02 1.833801970206368204e-02 1.297029326273175034e-02
2.494612592307584691e+03 -4.970962634232976711e+02 -5.072378821687568973e+01 0.000000000000000000e+00 0.000000000000000000e+00 -9.495313863624232908e-03 1.692740280190487348e-02 1.692740280190493246e-02 1.197187233119385852e-02
2.497114147301496359e+03 -1.664044342623251396e+03 -6.678780505272298740e+01 0.000000000000000000e+00 0.000000000000000000e+00 -6.567471906933519676e-03 1.878063328064462356e-02 1.922590106535461765e-02 1.304614898828110152e-02
2.493070737295039180e+03 -1.246883034211841505e+03 -5.901040187222459821e+01 0.000000000000000000e+00 0.000000000000000000e+00 2.087101062785023942e-02 1.737092991754165053e-02 1.781624903493744458e-02 1.204835999876998492e-02
2.679566948815136129e+03 -1.411109956642485031e+03 -6.916063722287721305e+01 0.000000000000000000e+00 0.000000000000000000e+00 -1.988116692588448586e-02 1.924469759433532559e-02 2.013599061583237412e-02 1.312745237750663485e-02
2.867843707000075028e+03 -1.237398996750305059e+03 -7.425090911726944398e+01 0.000000000000000000e+00 0.000000000000000000e+00 -1.305743145465498856e-03 1.924469759433532559e-02 2.013599061583237412e-02 1.312774887595800390e-02
2.871942423460882310e+03 -1.660029823727155417e+03 -8.202029435432589821e+01 0.000000000000000000e+00 0.000000000000000000e+00 1.398530967239253187e-02 1.924469759433532559e-02 2.013599061583237412e-02 1.312808577156477849e-02
1.523497524134261312e+03 1.004910003496868967e+03 -2.467623483704899812e+01 0.000000000000000000e+00 0.000000000000000000e+00 2.137497010195588132e-02 1.472131195666861146e-02 1.368257501964280191e-02 1.101831151785486428e-02
1.332961631984888299e+03 8.331552348306677231e+02 -1.845549234260235849e+01 0.000000000000000000e+00 0.000000000000000000e+00 3.364389582966254011e-03 1.472131195666861146e-02 1.368257501964280191e-02 1.101810125416681323e-02
1.524779507522108361e+03 5.830564412608010798e+02 -2.057838761379200676e+01 0.000000000000000000e+00 0.000000000000000000e+00 -3.046526132227000971e-03 1.472131195666861146e-02 1.368257501964280191e-02 1.101821327305455359e-02
1.149638128993957025e+03 5.826910255071270512e+02 -1.265927582020361264e+01 0.000000000000000000e+00 0.000000000000000000e+00 7.750312948521909107e-03 1.472131195666861146e-02 1.368257501964280191e-02 1.101790849091710545e-02
1.148246882232017697e+03 9.974908284660373283e+02 -1.671978517854588020e+01 0.000000000000000000e+00 0.000000000000000000e+00 2.494928598643753048e-03 1.416549742350254291e-02 1.364830333959456653e-02 1.034451138067908268e-02
2.192315655365342081e+03 1.007232123480205701e+03 -4.401937322895687288e+01 0.000000000000000000e+00 0.000000000000000000e+00 -2.741472967687030859e-02 1.572104097419240593e-02 1.420542253004258501e-02 1.194540920030793228e-02
1.818037570584988771e+03 9.996559372086261419e+02 -3.229187455760299486e+01 0.000000000000000000e+00 0.000000000000000000e+00 -1.050367864920787042e-02 1.472131195666861146e-02 1.368257501964280191e-02 1.101860013114882436e-02
1.818050843885326685e+03 5.849429177921565497e+02 -2.828577777017878958e+01 0.000000000000000000e+00 0.000000000000000000e+00 -6.676627010744340396e-03 1.515583294574418712e-02 1.416954142264902246e-02 1.127119242447075995e-02
2.192299962674113885e+03 5.855097978459069736e+02 -3.998833390465555482e+01 0.000000000000000000e+00 0.000000000000000000e+00 -3.144630309160589832e-02 1.557169079992144940e-02 1.505711080971451621e-02 1.133957956063291750e-02
2.002515354839684278e+03 8.349609883927780629e+02 -3.593638682785967120e+01 0.000000000000000000e+00 0.000000000000000000e+00 4.222169183385915403e-03 1.515583294574418712e-02 1.416954142264902246e-02 1.127145916455425494e-02
2.487265395111792259e+03 1.003802469209038350e+03 -5.459402684554038387e+01 0.000000000000000000e+00 0.000000000000000000e+00 -1.464356745423600614e-02 1.697861806978078272e-02 1.646622810179921084e-02 1.233486730598169941e-02
2.486815331287122717e+03 5.870752872091134122e+02 -5.065417977797631011e+01 0.000000000000000000e+00 0.000000000000000000e+00 9.564279624527216583e-03 1.645665866834925342e-02 1.643528347098421882e-02 1.168353872845624697e-02
2.861758979986128907e+03 5.873961894598567142e+02 -6.601236007358171776e+01 0.000000000000000000e+00 0.000000000000000000e+00 -5.789934925573447799e-03 1.972869898952670301e-02 2.106541016718005421e-02 1.321343837727497091e-02
2.860601707539548897e+03 1.008216820238899572e+03 -6.985968640635486793e+01 0.000000000000000000e+00 0.000000000000000000e+00 1.500213506990633050e-02 2.067571104814041813e-02 2.199378993988969702e-02 1.382769050473565096e-02
2.671769612284814684e+03 8.386119718642323733e+02 -6.007766386589793939e+01 0.000000000000000000e+00 0.000000000000000000e+00 -7.394213072871025361e-04 1.924469759433532559e-02 2.013599061583237412e-02 1.312693873315361193e-02
1.820552915111942411e+03 2.488011054434521441e+02 -2.667056751556818028e+01 0.000000000000000000e+00 0.000000000000000000e+00 5.988929465626569026e-03 1.515583294574418712e-02 1.416954142264902246e-02 1.127115814271655893e-02
1.820545593429151722e+03 -1.680177396613260896e+02 -2.654360336557465416e+01 0.000000000000000000e+00 0.000000000000000000e+00 1.023298209368306289e-02 1.557169079992144940e-02 1.505711080971451621e-02 1.133906251760716070e-02
2.195125426642744060e+03 2.555162479757426865e+02 -3.845307416622993912e+01 0.000000000000000000e+00 0.000000000000000000e+00 1.329489763911340106e-03 1.557169079992144940e-02 1.505711080971451621e-02 1.133954727686457484e-02
2.195963451051679840e+03 -1.656963168261989949e+02 -3.836290141266366049e+01 0.000000000000000000e+00 0.000000000000000000e+00 2.081267392505026237e-02 1.557169079992144940e-02 1.505711080971451621e-02 1.133955877588518728e-02
2.004921032233080496e+03 8.429753289043910058e+01 -3.189533048741690990e+01 0.000000000000000000e+00 0.000000000000000000e+00 2.012140470995404939e-03 1.557169079992144940e-02 1.505711080971451621e-02 1.133928314084235722e-02
1.154327438758808739e+03 -5.029634846419840528e+02 -1.230621831719155246e+01 0.000000000000000000e+00 0.000000000000000000e+00 4.994900726720885586e-02 1.504732022315140305e-02 1.502597453802769802e-02 1.068516188028809967e-02
1.339661611444960499e+03 -6.687801748083912798e+02 -1.724964200340464870e+01 0.000000000000000000e+00 0.000000000000000000e+00 1.849418661061008606e-02 1.557169079992144940e-02 1.505711080971451621e-02 1.133864430909190674e-02
1.529998840365117758e+03 -9.176738796114639172e+02 -2.414100634250588229e+01 0.000000000000000000e+00 0.000000000000000000e+00 3.489567563991613497e-02 1.504732022315140305e-02 1.502597453802769802e-02 1.068563209474872842e-02
1.154014718582533760e+03 -9.190839993990313133e+02 -1.612751098165064079e+01 0.000000000000000000e+00 0.000000000000000000e+00 1.392151101520155976e-02 1.557169079992144940e-02 1.505711080971451621e-02 1.133856926909068870e-02
1.529274537911886000e+03 -4.980563528728121696e+02 -2.028080376178984423e+01 0.000000000000000000e+00 0.000000000000000000e+00 -8.028511668214832753e-03 1.504732022315140305e-02 1.502597453802769802e-02 1.068549968021513877e-02
-2.493237406798968095e+03 9.831326494755035128e+02 -5.457795995523027699e+01 0.000000000000000000e+00 0.000000000000000000e+00 5.445835287427769345e-02 1.971818554346291275e-02 2.060902517863326747e-02 1.342809448298167875e-02
-2.869283365841669820e+03 5.628220691115669752e+02 -6.617883355466798889e+01 0.000000000000000000e+00 0.000000000000000000e+00 -6.116095294061096865e-02 2.749967215825225436e-02 2.977973433123563829e-02 1.829639016332047091e-02
-2.686056985927326878e+03 8.175876114111393917e+02 -6.045798258367968714e+01 0.000000000000000000e+00 0.000000000000000000e+00 4.069699309442142976e-02 2.399666634293828871e-02 2.579047949024267095e-02 1.600510263906857258e-02
-2.495182291897039249e+03 5.644092088896724135e+02 -5.082236553083254904e+01 0.000000000000000000e+00 0.000000000000000000e+00 5.386046929816501461e-02 2.065231282553922632e-02 2.154355776986169313e-02 1.412340432905707759e-02
-2.865677182173255005e+03 9.813977584857359489e+02 -6.976836208000996464e+01 0.000000000000000000e+00 0.000000000000000000e+00 -1.857544478961870027e-02 2.254545735595777159e-02 2.297898605081779774e-02 1.574980092609257198e-02
-2.199550402199173277e+03 9.853678065734899292e+02 -4.400259125693089857e+01 0.000000000000000000e+00 0.000000000000000000e+00 2.122389596607376916e-03 1.785584244891127298e-02 1.831023870582796850e-02 1.235136956516176381e-02
-2.016705884361829021e+03 8.193954789898591571e+02 -3.622376228833467593e+01 0.000000000000000000e+00 0.000000000000000000e+00 8.723024852244520844e-03 1.737092991754165053e-02 1.781624903493744458e-02 1.204724467472963710e-02
-1.825658774949651615e+03 9.879765429920655606e+02 -3.236636815794742716e+01 0.000000000000000000e+00 0.000000000000000000e+00 1.066241583269089688e-02 1.785584244891127298e-02 1.831023870582796850e-02 1.235079700909158529e-02
-2.199114428765838511e+03 5.659443301983621950e+02 -4.008644180933677603e+01 0.000000000000000000e+00 0.000000000000000000e+00 2.181353221327242409e-02 1.924469759433532559e-02 2.013599061583237412e-02 1.312590047138687335e-02
-1.826332933360389461e+03 5.669061719492168550e+02 -2.839588214594654758e+01 0.000000000000000000e+00 0.000000000000000000e+00 3.315269610894588936e-02 1.878063328064462356e-02 1.922590106535461765e-02 1.304424516379714891e-02
1.536145792951464955e+03 -1.994823925532019302e+03 -4.435376482809201093e+01 0.000000000000000000e+00 0.000000000000000000e+00 -1.166015973871026290e-02 1.551678590174613431e-02 1.551678590174618809e-02 1.097373451012313011e-02
1.536129654084208596e+03 -2.413655584043625367e+03 -5.600958164010357621e+01 0.000000000000000000e+00 0.000000000000000000e+00 -1.212801090245108071e-02 1.692740280190487348e-02 1.692740280190493246e-02 1.197177073262322387e-02
1.160918418649117257e+03 -2.417136131022229165e+03 -4.822738334208458610e+01 0.000000000000000000e+00 0.000000000000000000e+00 1.248428720300864825e-02 1.692740280190487348e-02 1.692740280190493246e-02 1.197141763142647690e-02
1.346362048393135183e+03 -2.165863227289736642e+03 -4.457796787985770237e+01 0.000000000000000000e+00 0.000000000000000000e+00 -1.706431463710345042e-02 1.596138797399078782e-02 1.640676286331468892e-02 1.105014328179543086e-02
1.159748395746672259e+03 -2.001772077507341464e+03 -3.654474032468826294e+01 0.000000000000000000e+00 0.000000000000000000e+00 1.006288474320626847e-02 1.551678590174613431e-02 1.551678590174618809e-02 1.097340053986983061e-02
1.533550212954565040e+03 -1.667637774185737726e+03 -3.666333530726407730e+01 0.000000000000000000e+00 0.000000000000000000e+00 6.081539751860987053e-03 1.551678590174613431e-02 1.551678590174618809e-02 1.097347365845182526e-02
1.341765889554618752e+03 -1.418547346855715432e+03 -2.737805535127459677e+01 0.000000000000000000e+00 0.000000000000000000e+00 1.362208490289162910e-02 1.602580273156152188e-02 1.554693924343934427e-02 1.161021965018119335e-02
1.533844393169072873e+03 -1.246651083517236202e+03 -2.881494783726122932e+01 0.000000000000000000e+00 0.000000000000000000e+00 -4.492556150310633711e-03 1.551678590174613431e-02 1.551678590174618809e-02 1.097320450074711073e-02
1.158531525169728639e+03 -1.253057018121486863e+03 -2.088987696774494296e+01 0.000000000000000000e+00 0.000000000000000000e+00 -2.500659221514212049e-03 1.557169079992144940e-02 1.505711080971451621e-02 1.133872257082021474e-02
1.158589231325550145e+03 -1.668344047071417663e+03 -2.869182781482710709e+01 0.000000000000000000e+00 0.000000000000000000e+00 -1.396236633485870016e-02 1.551678590174613431e-02 1.551678590174618809e-02 1.097312931927270363e-02
1.467697484571397482e-01 -6.744431199625042836e+02 -2.932532108759542844e+00 0.000000000000000000e+00 0.000000000000000000e+00 -2.790868512704225424e-02 1.557169079992144940e-02 1.505711080971451621e-02 1.133802805147723393e-02
1.904154741361163303e+02 -5.028895622269019441e+02 -1.920404063411764284e+00 0.000000000000000000e+00 0.000000000000000000e+00 1.011590043239474213e-03 1.557169079992144940e-02 1.505711080971451621e-02 1.133799858102719528e-02
-1.845721346917509322e+02 -5.092319466963663217e+02 -1.944197087708031679e+00 0.000000000000000000e+00 0.000000000000000000e+00 -1.665923503906485692e-02 1.601476867469488197e-02 1.597272077225525208e-02 1.141184961204544553e-02
-1.846383835241246629e+02 -9.252932965369532212e+02 -5.800543245646414547e+00 0.000000000000000000e+00 0.000000000000000000e+00 -1.610705445718085826e-02 1.601476867469488197e-02 1.597272077225525208e-02 1.141198888000067441e-02
1.906842953254518989e+02 -9.235166293278970215e+02 -5.797564825851851289e+00 0.000000000000000000e+00 0.000000000000000000e+00 -1.929802089783549945e-03 1.504732022315140305e-02 1.502597453802769802e-02 1.068485131785895659e-02
1.871233306880572229e+02 -1.721561216590072831e+02 -4.715687307644451653e-01 0.000000000000000000e+00 0.000000000000000000e+00 -1.364050059518551183e-02 1.557169079992144940e-02 1.505711080971451621e-02 1.133795175045370154e-02
-1.882799969727614098e+02 -1.733481370218761413e+02 -4.777051776232950631e-01 0.000000000000000000e+00 0.000000000000000000e+00 -2.099698041120456882e-02 1.557169079992144940e-02 1.505711080971451621e-02 1.133795198586443065e-02
1.849292427816048132e+02 2.492952131368840583e+02 -6.713412931040242393e-01 0.000000000000000000e+00 0.000000000000000000e+00 7.642418647851978442e-03 1.557169079992144940e-02 1.505711080971451621e-02 1.133795792537305169e-02
-1.909618347681009141e+02 2.421128502241249691e+02 -6.669371030996164018e-01 0.000000000000000000e+00 0.000000000000000000e+00 -8.149410954828240072e-03 1.655066985764986481e-02 1.600455978767643256e-02 1.207755317907136146e-02
-4.254275225793590742e+00 7.731252480635595248e+01 -3.846559680910589113e-02 0.000000000000000000e+00 0.000000000000000000e+00 -2.538204173642661515e-02 1.601476867469488197e-02 1.597272077225525208e-02 1.141177842278584889e-02
1.828942865711621835e+03 -1.997505352780375460e+03 -5.211901251804463442e+01 0.000000000000000000e+00 0.000000000000000000e+00 4.626552563472330348e-03 1.692740280190487348e-02 1.692740280190493246e-02 1.197170309169689854e-02
2.204809411403078684e+03 -1.990947343207570839e+03 -6.369007003851963589e+01 0.000000000000000000e+00 0.000000000000000000e+00 -8.483585252434977519e-03 1.692740280190487348e-02 1.692740280190493246e-02 1.197222988528129188e-02
2.014554642112127794e+03 -2.162628859456835016e+03 -6.195997340314517743e+01 0.000000000000000000e+00 0.000000000000000000e+00 -1.936937038443176107e-02 1.692740280190487348e-02 1.692740280190493246e-02 1.197210647381571035e-02
1.830183484897960170e+03 -2.412788568336976823e+03 -6.363951927423052979e+01 0.000000000000000000e+00 0.000000000000000000e+00 -2.600885842978328810e-02 1.742466266468694486e-02 1.744657781364099963e-02 1.227779747191902991e-02
2.205243854465658387e+03 -2.410820975810137497e+03 -7.517139002661029679e+01 0.000000000000000000e+00 0.000000000000000000e+00 -2.209826631239764083e-02 1.742466266468694486e-02 1.744657781364099963e-02 1.227832315744856878e-02
6.730520503303113173e+02 -1.419732067693634235e+03 -1.665818452721837417e+01 0.000000000000000000e+00 0.000000000000000000e+00 1.082545382082855667e-03 1.504732022315140305e-02 1.502597453802769802e-02 1.068525040017047345e-02
8.621735484069433824e+02 -1.246255162959853578e+03 -1.599730734313054903e+01 0.000000000000000000e+00 0.000000000000000000e+00 6.089175297102400464e-03 1.557169079992144940e-02 1.505711080971451621e-02 1.133851428127609362e-02
8.642131187328957367e+02 -1.667090262453736159e+03 -2.392740382432290858e+01 0.000000000000000000e+00 0.000000000000000000e+00 -8.752478938873764491e-04 1.504732022315140305e-02 1.502597453802769802e-02 1.068551630702129288e-02
4.871933444672731071e+02 -1.254815917461853587e+03 -1.207985006895836122e+01 0.000000000000000000e+00 0.000000000000000000e+00 -5.301743713911122313e-03 1.504732022315140305e-02 1.502597453802769802e-02 1.068507976852636591e-02
4.883764690398996891e+02 -1.671077755273790899e+03 -1.995332898030254398e+01 0.000000000000000000e+00 0.000000000000000000e+00 1.452897044815060212e-02 1.504732022315140305e-02 1.502597453802769802e-02 1.068534783526530266e-02
1.925887788340267264e+02 -1.671735103229008246e+03 -1.835504593240228033e+01 0.000000000000000000e+00 0.000000000000000000e+00 1.519434756623638805e-03 1.601476867469488197e-02 1.597272077225525208e-02 1.141244252676043049e-02
-1.829069672052661133e+02 -1.674110819170764671e+03 -1.837722023684759520e+01 0.000000000000000000e+00 0.000000000000000000e+00 6.888148910121572044e-03 1.601476867469488197e-02 1.597272077225525208e-02 1.141244306727301656e-02
2.679612770985873027e+00 -1.422307151523212269e+03 -1.307240664461221158e+01 0.000000000000000000e+00 0.000000000000000000e+00 -7.018715201176917162e-04 1.601476867469488197e-02 1.597272077225525208e-02 1.141224916969408795e-02
1.927597412592809007e+02 -1.250289657918229977e+03 -1.039816390587967909e+01 0.000000000000000000e+00 0.000000000000000000e+00 1.066231330742795080e-03 1.504732022315140305e-02 1.502597453802769802e-02 1.068500853196776602e-02
-1.819006403854588427e+02 -1.257347735678747767e+03 -1.047992411370579724e+01 0.000000000000000000e+00 0.000000000000000000e+00 4.994154948489537560e-03 1.601476867469488197e-02 1.597272077225525208e-02 1.141215792689660724e-02
8.663425537375467229e+02 -1.997268981800524216e+03 -3.172387050095523620e+01 0.000000000000000000e+00 0.000000000000000000e+00 8.587844278199696646e-03 1.596138797399078782e-02 1.640676286331468892e-02 1.104959753723469551e-02
4.915514355075401909e+02 -2.004196879654940403e+03 -2.785706116020071832e+01 0.000000000000000000e+00 0.000000000000000000e+00 -1.220512660378147984e-03 1.645665866834925342e-02 1.643528347098421882e-02 1.168233186642681463e-02
6.764620383249397264e+02 -2.169338419447928118e+03 -3.398946134373326800e+01 0.000000000000000000e+00 0.000000000000000000e+00 -6.879307007494617210e-03 1.645665866834925342e-02 1.643528347098421882e-02 1.168257267504014922e-02
8.666393987130254573e+02 -2.416923666592932477e+03 -4.354103522959757555e+01 0.000000000000000000e+00 0.000000000000000000e+00 -1.079347029793353840e-02 1.645665866834925342e-02 1.643528347098421882e-02 1.168294044185645524e-02
4.923361208846998807e+02 -2.420623595090362414e+03 -3.964838943266777704e+01 0.000000000000000000e+00 0.000000000000000000e+00 1.204574416018289185e-02 1.645665866834925342e-02 1.643528347098421882e-02 1.168276627905937698e-02
-4.809427454813226746e+02 -1.779279565033138795e+02 -2.059682456882411472e+00 0.000000000000000000e+00 0.000000000000000000e+00 -1.387238979417659834e-02 1.700402638551018128e-02 1.694189180859917432e-02 1.215298353467480011e-02
-4.814815715404634489e+02 2.442714202397411327e+02 -2.235425856499933417e+00 0.000000000000000000e+00 0.000000000000000000e+00 8.470842289072244569e-03 1.742084131555341614e-02 1.737867750887427468e-02 1.240640263662933993e-02
-6.729237443798920140e+02 7.262654022671659959e+01 -3.658249941356827240e+00 0.000000000000000000e+00 0.000000000000000000e+00 -9.515177794107820830e-03 1.742084131555341614e-02 1.737867750887427468e-02 1.240647602525153138e-02
-8.575306522975807866e+02 -1.793718391339054392e+02 -6.099705941154265787e+00 0.000000000000000000e+00 0.000000000000000000e+00 6.309554983205067913e-03 1.840551378163734000e-02 1.834312711284980316e-02 1.314479308478642451e-02
-8.561498944558702533e+02 2.381230841335595301e+02 -6.215806247368518278e+00 0.000000000000000000e+00 0.000000000000000000e+00 1.700442639895172192e-02 1.742084131555341614e-02 1.737867750887427468e-02 1.240659640040618801e-02
2.499990885804164918e+03 -1.995361986699848103e+03 -7.443096412847827992e+01 0.000000000000000000e+00 0.000000000000000000e+00 -1.671058162199301478e-02 1.833801970206361265e-02 1.833801970206368204e-02 1.297043437720139109e-02
2.500528826577251039e+03 -2.411981149160641053e+03 -8.572264338021903995e+01 0.000000000000000000e+00 0.000000000000000000e+00 -1.205450499352878069e-02 1.974863660222235529e-02 1.974863660222242467e-02 1.396859053891547249e-02
2.874204716673472376e+03 -1.988178340022124303e+03 -8.944978902599859794e+01 0.000000000000000000e+00 0.000000000000000000e+00 2.347129882082299446e-02 2.160039784587225453e-02 2.204557543382964016e-02 1.504241777648160534e-02
2.684988106740391686e+03 -2.160423902640123742e+03 -8.590634861899079056e+01 0.000000000000000000e+00 0.000000000000000000e+00 -3.532446780178588597e-02 1.974863660222235529e-02 1.974863660222242467e-02 1.396869147385522252e-02
2.874699624917646815e+03 -2.409155442328043137e+03 -1.006505430712169300e+02 0.000000000000000000e+00 0.000000000000000000e+00 3.243337920773115002e-02 2.348795763972831574e-02 2.481313846785065252e-02 1.581951617762045875e-02
-4.786466052786595355e+02 -5.074965788234811157e+02 -3.500593523090086201e+00 0.000000000000000000e+00 0.000000000000000000e+00 -6.860640158485420415e-03 1.601476867469488197e-02 1.597272077225525208e-02 1.141192036118626740e-02
-8.531219635435224973e+02 -9.290610930321554406e+02 -1.141647352717411401e+01 0.000000000000000000e+00 0.000000000000000000e+00 -3.589297757036646885e-03 1.645665866834925342e-02 1.643528347098421882e-02 1.168175750321355510e-02
-4.791212153929783426e+02 -9.276913793891343403e+02 -7.401336678522487666e+00 0.000000000000000000e+00 0.000000000000000000e+00 -2.194072446152439682e-03 1.601476867469488197e-02 1.597272077225525208e-02 1.141206136835859822e-02
-6.694961513838699148e+02 -6.785280407383257852e+02 -6.570890173935685752e+00 0.000000000000000000e+00 0.000000000000000000e+00 -1.002354948793282574e-02 1.601476867469488197e-02 1.597272077225525208e-02 1.141204761029317345e-02
-8.540668400215301972e+02 -5.121543128286081128e+02 -7.544920434946467580e+00 0.000000000000000000e+00 0.000000000000000000e+00 8.463999044436398833e-03 1.742084131555341614e-02 1.737867750887427468e-02 1.240665255922034430e-02
2.209962103565236248e+03 -2.739791966743615376e+03 -8.570149130367440193e+01 0.000000000000000000e+00 0.000000000000000000e+00 -3.094052019488913174e-02 1.977310420619130329e-02 2.023883796524059836e-02 1.366844834194081738e-02
1.835585323169931371e+03 -2.745810702907916038e+03 -7.443541054345340058e+01 0.000000000000000000e+00 0.000000000000000000e+00 1.454501059669155438e-03 1.836517261528885364e-02 1.882919653615233724e-02 1.267251119852951836e-02
2.208517107803397266e+03 -3.160328703060212774e+03 -1.005817299048495528e+02 0.000000000000000000e+00 0.000000000000000000e+00 -9.568175181058791168e-03 2.265135722425853232e-02 2.224101009664201586e-02 1.619820033127735565e-02
1.835065494521959408e+03 -3.163218073128487049e+03 -8.946153223057551429e+01 0.000000000000000000e+00 0.000000000000000000e+00 -6.982403415847215911e-03 2.165399660443014657e-02 2.167586647396128538e-02 1.527030094847258747e-02
2.018964113373101554e+03 -2.910178008054440397e+03 -8.547444227253325266e+01 0.000000000000000000e+00 0.000000000000000000e+00 9.323332768929049053e-04 2.118139312666831101e-02 2.164860647357015958e-02 1.466410164901914281e-02
-2.500829862408383178e+03 2.476942277607140568e+03 -8.541390660762159825e+01 0.000000000000000000e+00 0.000000000000000000e+00 4.370251435086913716e-02 1.791844652895632078e-02 1.747573181690269609e-02 1.289982426667471080e-02
-2.691472541961214574e+03 2.308604045464449428e+03 -8.807418059866172655e+01 0.000000000000000000e+00 0.000000000000000000e+00 1.492546505450320637e-02 1.884491900191771763e-02 1.836797598355520075e-02 1.360643732161918341e-02
-2.874639339449371164e+03 2.473492564344180209e+03 -1.002045292968424377e+02 0.000000000000000000e+00 0.000000000000000000e+00 -7.103589508328411739e-02 2.307456394541213332e-02 2.259962334105509313e-02 1.659876342598829227e-02
-2.875295138949710235e+03 2.057499969077969581e+03 -8.929603610176340567e+01 0.000000000000000000e+00 0.000000000000000000e+00 -9.377132860066694775e-03 1.932820291226925238e-02 1.888534729532690207e-02 1.389772777576631785e-02
-2.502059685849865673e+03 2.057657428455979698e+03 -7.428886084687806601e+01 0.000000000000000000e+00 0.000000000000000000e+00 1.148794248905460336e-03 1.883431501866439720e-02 1.885621296352812601e-02 1.327532186292522745e-02
-2.218006840062195806e+03 2.810509659154548899e+03 -8.580666466713921636e+01 0.000000000000000000e+00 0.000000000000000000e+00 1.230642416453520127e-02 1.883431501866439720e-02 1.885621296352812601e-02 1.327562171541603678e-02
-1.843145740295311498e+03 2.808591258167959950e+03 -7.437912002769786568e+01 0.000000000000000000e+00 0.000000000000000000e+00 -7.717529167337033869e-03 1.883431501866439720e-02 1.885621296352812601e-02 1.327509730886056345e-02
-2.210457202861643054e+03 3.220634223000951351e+03 -9.996814722252696583e+01 0.000000000000000000e+00 0.000000000000000000e+00 -2.575512280142788768e-02 1.932820291226925238e-02 1.888534729532690207e-02 1.389775017807928954e-02
-2.030551935657519607e+03 3.058643796105674937e+03 -8.841257486530533072e+01 0.000000000000000000e+00 0.000000000000000000e+00 1.463891450997323318e-02 1.791844652895632078e-02 1.747573181690269609e-02 1.289974110992199441e-02
-1.837366052854918280e+03 3.222161251962447750e+03 -8.887649426779883299e+01 0.000000000000000000e+00 0.000000000000000000e+00 3.059244776174807612e-02 1.974863660222235529e-02 1.974863660222242467e-02 1.396829963804957324e-02
-2.205704222988340007e+03 2.475998454855664477e+03 -7.500392628398057582e+01 0.000000000000000000e+00 0.000000000000000000e+00 1.574460373348074427e-02 1.895611219469621467e-02 1.858430770690061573e-02 1.352773361653076753e-02
-2.208867780159599079e+03 2.063369160471843315e+03 -6.400719875343745002e+01 0.000000000000000000e+00 0.000000000000000000e+00 -2.264141522812224139e-02 1.701833151758729706e-02 1.661240062348056865e-02 1.220901293324096019e-02
-2.024689672353060814e+03 2.314160836111330809e+03 -6.464308701370985943e+01 0.000000000000000000e+00 0.000000000000000000e+00 -2.594963429235974672e-02 1.701833151758729706e-02 1.661240062348056865e-02 1.220896353684945874e-02
-1.834404231553176487e+03 2.061689736679336875e+03 -5.245832537111432003e+01 0.000000000000000000e+00 0.000000000000000000e+00 -3.582909531161249106e-04 1.742466266468694486e-02 1.744657781364099963e-02 1.227727201009528972e-02
-1.834686530623506769e+03 2.479606168750165580e+03 -6.382393667378902080e+01 0.000000000000000000e+00 0.000000000000000000e+00 -1.875204961964271888e-02 1.701833151758729706e-02 1.661240062348056865e-02 1.220887845240884589e-02
-1.544021798923488632e+03 2.818129347040256107e+03 -6.708771353281849770e+01 0.000000000000000000e+00 0.000000000000000000e+00 7.564575553146823950e-03 1.842604628345648893e-02 1.801874033524418495e-02 1.320559275473158663e-02
-1.167649632558126768e+03 2.820092876001077457e+03 -5.945220874074266959e+01 0.000000000000000000e+00 0.000000000000000000e+00 3.123475498149730356e-03 1.650883715718060724e-02 1.606629212623517100e-02 1.190115673794709013e-02
-1.542162973006588118e+03 3.235933040774190431e+03 -8.198923136755043117e+01 0.000000000000000000e+00 0.000000000000000000e+00 1.506971284162261782e-02 1.833801970206361265e-02 1.833801970206368204e-02 1.297026230613976261e-02
-1.360101707897373899e+03 3.070501279179276480e+03 -7.188996292124615195e+01 0.000000000000000000e+00 0.000000000000000000e+00 1.270202913232765241e-03 1.833801970206361265e-02 1.833801970206368204e-02 1.296986220955210177e-02
-1.168840235149685441e+03 3.238043793143394851e+03 -7.451962663094552397e+01 0.000000000000000000e+00 0.000000000000000000e+00 -2.921202385981302996e-02 1.974863660222235529e-02 1.974863660222242467e-02 1.396762541961201615e-02
-8.740632772088836191e+02 2.819167038777004109e+03 -5.488032680480947079e+01 0.000000000000000000e+00 0.000000000000000000e+00 -2.994558016638393383e-03 1.650883715718060724e-02 1.606629212623517100e-02 1.190097460225303209e-02
-6.923434174182328888e+02 3.071324491644041700e+03 -6.161341734829487393e+01 0.000000000000000000e+00 0.000000000000000000e+00 -4.699320937726270131e-02 1.791844652895632078e-02 1.747573181690269609e-02 1.289860101478813685e-02
-5.010355909514959762e+02 2.819699440077944018e+03 -5.100256156668561403e+01 0.000000000000000000e+00 0.000000000000000000e+00 -1.749350236276114856e-02 1.702919731858312455e-02 1.609794607440344361e-02 1.254064572677721957e-02
-5.008368531300172322e+02 3.240205285979392102e+03 -6.624076201323828172e+01 0.000000000000000000e+00 0.000000000000000000e+00 -2.246450817875711436e-02 1.791844652895632078e-02 1.747573181690269609e-02 1.289875058888287872e-02
-8.717171310002623841e+02 3.238156472804787882e+03 -6.998378211392113712e+01 0.000000000000000000e+00 0.000000000000000000e+00 -1.858073809461302517e-02 2.073807632599193249e-02 2.029510193302670046e-02 1.489390051220176002e-02
-2.501643191650473909e+03 1.734228931186205500e+03 -6.702221212657678961e+01 0.000000000000000000e+00 0.000000000000000000e+00 -3.384649321191091076e-03 1.883431501866439720e-02 1.885621296352812601e-02 1.327506723132662256e-02
-2.874242893500064383e+03 1.727055686709109068e+03 -8.195517460325382331e+01 0.000000000000000000e+00 0.000000000000000000e+00 3.281149081573175863e-03 2.160653458495011628e-02 2.249599597901956113e-02 1.483493545110165131e-02
-2.691234282003770659e+03 1.565131289279870998e+03 -7.116734462437347020e+01 0.000000000000000000e+00 0.000000000000000000e+00 2.111691866844012111e-03 1.926552989281816314e-02 1.972077768515872326e-02 1.334957170235880931e-02
-2.500543775018762062e+03 1.316853100187866175e+03 -5.941991512339859582e+01 0.000000000000000000e+00 0.000000000000000000e+00 2.187364036243621968e-02 1.971818554346291275e-02 2.060902517863326747e-02 1.342829469758104535e-02
-2.873611626647819776e+03 1.316259393661080594e+03 -7.461261269822516340e+01 0.000000000000000000e+00 0.000000000000000000e+00 2.570217747397407493e-02 2.254545735595777159e-02 2.297898605081779774e-02 1.575000016683560794e-02
2.489670201557826658e+03 2.542330828884741720e+02 -4.915070825368241003e+01 0.000000000000000000e+00 0.000000000000000000e+00 4.357931795205871595e-02 1.645665866834925342e-02 1.643528347098421882e-02 1.168350573070611048e-02
2.490168898145244839e+03 -1.626025296927157058e+02 -4.907357343641874792e+01 0.000000000000000000e+00 0.000000000000000000e+00 4.504659197963434281e-02 1.645665866834925342e-02 1.643528347098421882e-02 1.168352159869980381e-02
2.675271481595579644e+03 8.944272431775362975e+01 -5.624732408070925516e+01 0.000000000000000000e+00 0.000000000000000000e+00 4.642977718095409045e-02 1.692740280190487348e-02 1.692740280190493246e-02 1.197212192621952172e-02
2.865740358816594380e+03 -1.609008753868330359e+02 -6.454493110006352197e+01 0.000000000000000000e+00 0.000000000000000000e+00 2.492036365667615883e-02 1.737092991754165053e-02 1.781624903493744458e-02 1.204868984722047565e-02
2.865571317515213650e+03 2.607169151698588507e+02 -6.462469590989579160e+01 0.000000000000000000e+00 0.000000000000000000e+00 3.373984720283829120e-02 1.832021514780484556e-02 1.875604329237146387e-02 1.275888012267246963e-02
2.015805166839826370e+02 -2.749569435590776266e+03 -4.885051823418799444e+01 0.000000000000000000e+00 0.000000000000000000e+00 1.480784276329671911e-02 1.737092991754165053e-02 1.781624903493744458e-02 1.204758431575974655e-02
2.017256250702518230e+02 -3.170154693439003950e+03 -6.445597284620684775e+01 0.000000000000000000e+00 0.000000000000000000e+00 1.056133149681670602e-02 1.833801970206361265e-02 1.833801970206368204e-02 1.296960665533251900e-02
1.060075086657775678e+01 -2.921358762177904282e+03 -5.467116107550932469e+01 0.000000000000000000e+00 0.000000000000000000e+00 5.916836924058088698e-03 1.737092991754165053e-02 1.781624903493744458e-02 1.204782404073276129e-02
-1.735186705609046385e+02 -2.755118487627224567e+03 -4.896106607076824702e+01 0.000000000000000000e+00 0.000000000000000000e+00 1.622046397790910532e-02 1.786619890276258671e-02 1.784479909676162449e-02 1.268000680317137724e-02
-1.737945205101939052e+02 -3.171844778312876315e+03 -6.444175271981150388e+01 0.000000000000000000e+00 0.000000000000000000e+00 1.999623371763448176e-02 1.878063328064462356e-02 1.922590106535461765e-02 1.304567334858424549e-02
1.952383732967078913e+02 -2.421838949824466454e+03 -3.807265266428833428e+01 0.000000000000000000e+00 0.000000000000000000e+00 1.979313354228651178e-02 1.645665866834925342e-02 1.643528347098421882e-02 1.168269558169082734e-02
-1.802921298288958099e+02 -2.422315812295662454e+03 -3.804302173284418132e+01 0.000000000000000000e+00 0.000000000000000000e+00 6.754992495849876377e-03 1.645665866834925342e-02 1.643528347098421882e-02 1.168269414009305736e-02
4.820646270672035882e+00 -2.172733628162302466e+03 -3.045201136091858274e+01 0.000000000000000000e+00 0.000000000000000000e+00 -5.822646657190233555e-03 1.645665866834925342e-02 1.643528347098421882e-02 1.168241154808488148e-02
-1.784066368700350438e+02 -2.005924987471340273e+03 -2.623011311903059806e+01 0.000000000000000000e+00 0.000000000000000000e+00 1.398518431190964861e-02 1.601476867469488197e-02 1.597272077225525208e-02 1.141272555391938288e-02
1.965884003799647815e+02 -2.001084153733097992e+03 -2.615977901234937519e+01 0.000000000000000000e+00 0.000000000000000000e+00 2.585045385728435008e-02 1.645665866834925342e-02 1.643528347098421882e-02 1.168225491502561560e-02
-4.747507823686915458e+02 -2.419494427307765363e+03 -3.947936919444233439e+01 0.000000000000000000e+00 0.000000000000000000e+00 2.199039049415318914e-03 1.645665866834925342e-02 1.643528347098421882e-02 1.168275901220057998e-02
-8.463874158313859652e+02 -2.000217311944152470e+03 -3.152819138257774156e+01 0.000000000000000000e+00 0.000000000000000000e+00 -5.018978371456483956e-03 1.691253544294175903e-02 1.734936041554781608e-02 1.176051532421582869e-02
-4.738211742859215860e+02 -1.999568148973901543e+03 -2.760176490236537816e+01 0.000000000000000000e+00 0.000000000000000000e+00 -7.459762865192232084e-03 1.601476867469488197e-02 1.597272077225525208e-02 1.141278778222609182e-02
-6.663930758408431529e+02 -2.168062928184563134e+03 -3.384693091569239698e+01 0.000000000000000000e+00 0.000000000000000000e+00 7.647179491357292136e-03 1.691253544294175903e-02 1.734936041554781608e-02 1.176059461266327696e-02
-8.473238077469100062e+02 -2.420929540601939152e+03 -4.340377690879884653e+01 0.000000000000000000e+00 0.000000000000000000e+00 -1.323868302394970442e-02 1.742084131555341614e-02 1.737867750887427468e-02 1.240804284905332525e-02
-1.139311090262562402e+03 -2.003019590478655800e+03 -3.620544862725081003e+01 0.000000000000000000e+00 0.000000000000000000e+00 -1.082022451947040054e-02 1.691253544294175903e-02 1.734936041554781608e-02 1.176073724824751310e-02
-1.139508306008145837e+03 -2.423874429824641993e+03 -4.804817746643612253e+01 0.000000000000000000e+00 0.000000000000000000e+00 -1.104763400392982930e-02 1.840551378163734000e-02 1.834312711284980316e-02 1.314654305245959234e-02
-1.331218909457925974e+03 -2.173588763626493346e+03 -4.447250166182605824e+01 0.000000000000000000e+00 0.000000000000000000e+00 -3.841298953062732835e-03 1.840551378163734000e-02 1.834312711284980316e-02 1.314643795827102023e-02
-1.511555260182804204e+03 -2.426000143873818161e+03 -5.580311326499439417e+01 0.000000000000000000e+00 0.000000000000000000e+00 1.483263880248131272e-02 1.882759380955049966e-02 1.878533297880283920e-02 1.340376296473133784e-02
-1.513057603773187338e+03 -2.009036584012577578e+03 -4.416280676892465351e+01 0.000000000000000000e+00 0.000000000000000000e+00 -7.258756732575477599e-03 1.840551378163734000e-02 1.834312711284980316e-02 1.314646748523451945e-02
-1.146353181113948949e+03 -1.252704180110910102e+03 -2.066041467318681768e+01 0.000000000000000000e+00 0.000000000000000000e+00 7.309555741255024941e-03 1.700402638551018128e-02 1.694189180859917432e-02 1.215377652833013987e-02
-1.148756558038885942e+03 -1.672816468607599518e+03 -2.860756685884282291e+01 0.000000000000000000e+00 0.000000000000000000e+00 2.134845609549529399e-02 1.648287160315807520e-02 1.691181755239231851e-02 1.149272531201117782e-02
-1.522197317976122577e+03 -1.674762631330336944e+03 -3.654185333708814198e+01 0.000000000000000000e+00 0.000000000000000000e+00 2.048212541272675935e-02 1.742084131555341614e-02 1.737867750887427468e-02 1.240790211228219239e-02
-1.520336757430410671e+03 -1.255097428214397951e+03 -2.862392571315817591e+01 0.000000000000000000e+00 0.000000000000000000e+00 1.065198472745265690e-02 1.742084131555341614e-02 1.737867750887427468e-02 1.240760028357321826e-02
-1.339327449738662381e+03 -1.422219430389703348e+03 -2.739316057375490132e+01 0.000000000000000000e+00 0.000000000000000000e+00 3.259097350021278316e-03 1.742084131555341614e-02 1.737867750887427468e-02 1.240751155968347098e-02
-1.524456066489039586e+03 -5.135452517642967223e+02 -2.026598539698075641e+01 0.000000000000000000e+00 0.000000000000000000e+00 1.767306653228928326e-02 1.887880125011653573e-02 1.929489980757223555e-02 1.322588756656564030e-02
-1.149671254803621878e+03 -5.089649088445405596e+02 -1.225997748354152606e+01 0.000000000000000000e+00 0.000000000000000000e+00 2.472430779043577331e-02 1.742084131555341614e-02 1.737867750887427468e-02 1.240688437697402315e-02
-1.523449415838943423e+03 -9.309690426172924163e+02 -2.414081559179135894e+01 0.000000000000000000e+00 0.000000000000000000e+00 8.096712609464873367e-03 1.788616593824612563e-02 1.831313018407777771e-02 1.248672004907368412e-02
-1.149640340357135301e+03 -9.299496677626954124e+02 -1.617679899946018196e+01 0.000000000000000000e+00 0.000000000000000000e+00 -6.710325855266319195e-03 1.742084131555341614e-02 1.737867750887427468e-02 1.240703887957038572e-02
-1.338248511039930008e+03 -6.800440997135166299e+02 -1.731784103540407216e+01 0.000000000000000000e+00 0.000000000000000000e+00 2.166276789719034923e-03 1.742084131555341614e-02 1.737867750887427468e-02 1.240711993956943732e-02
-1.821760616622931366e+03 -1.820637570173672088e+02 -2.661230694759592907e+01 0.000000000000000000e+00 0.000000000000000000e+00 5.401684322627886559e-03 1.977340805361382445e-02 2.066409854944625119e-02 1.356530335952113933e-02
-2.196755941134748809e+03 2.314867418931260090e+02 -3.844266323181832234e+01 0.000000000000000000e+00 0.000000000000000000e+00 2.101672235204432582e-02 2.020073190295138682e-02 2.109149308727852404e-02 1.383642593880574437e-02
-2.011857844648710852e+03 6.646759448258822545e+01 -3.210100016849705895e+01 0.000000000000000000e+00 0.000000000000000000e+00 2.952015110217587335e-03 1.977340805361382445e-02 2.066409854944625119e-02 1.356560739351870409e-02
-1.822007824797680541e+03 2.367438741118492374e+02 -2.667788624258401242e+01 0.000000000000000000e+00 0.000000000000000000e+00 -5.807513127781049889e-03 1.972831445139148349e-02 2.016327585537811690e-02 1.375360720532950096e-02
-2.195580508258937698e+03 -1.843807575231904821e+02 -3.839578231790500240e+01 0.000000000000000000e+00 0.000000000000000000e+00 1.535795702423570219e-03 2.076805185330182421e-02 2.165525161631520756e-02 1.430356963129579377e-02
-8.519112564304766693e+02 -1.260453653093550884e+03 -1.608626986583797702e+01 0.000000000000000000e+00 0.000000000000000000e+00 8.169076376063344469e-03 1.645665866834925342e-02 1.643528347098421882e-02 1.168193106556836974e-02
-4.760811451141493080e+02 -1.255741030576495859e+03 -1.200892220683528500e+01 0.000000000000000000e+00 0.000000000000000000e+00 -1.129696927364953751e-02 1.601476867469488197e-02 1.597272077225525208e-02 1.141222746600227197e-02
-6.666959673801694635e+02 -1.426109674837109196e+03 -1.670714211482888700e+01 0.000000000000000000e+00 0.000000000000000000e+00 -1.212427122197823337e-03 1.601476867469488197e-02 1.597272077225525208e-02 1.141241266592039026e-02
-8.519866431821411652e+02 -1.678355834201485777e+03 -2.400259062598857085e+01 0.000000000000000000e+00 0.000000000000000000e+00 8.307567399238990902e-03 1.648287160315807520e-02 1.691181755239231851e-02 1.149250869214764152e-02
-4.764492431919236424e+02 -1.676769328222940658e+03 -1.998413064840872977e+01 0.000000000000000000e+00 0.000000000000000000e+00 -1.868876331990421136e-02 1.601476867469488197e-02 1.597272077225525208e-02 1.141251471285485188e-02
-4.739165330095100330e+02 -3.172453019997054071e+03 -6.596269512261622481e+01 0.000000000000000000e+00 0.000000000000000000e+00 3.465123846632423010e-02 1.927589665923799475e-02 1.925447602283657592e-02 1.367775240333166456e-02
-6.644217630182511130e+02 -2.919181574236672532e+03 -5.802161880381191139e+01 0.000000000000000000e+00 0.000000000000000000e+00 1.270145328905414317e-02 1.832021514780484556e-02 1.875604329237146387e-02 1.275814723291349324e-02
-4.689912824713381951e+02 -2.751647498188533518e+03 -5.032558957794736898e+01 0.000000000000000000e+00 0.000000000000000000e+00 -7.403860191068645236e-03 1.742084131555341614e-02 1.737867750887427468e-02 1.240827529455248469e-02
-8.424252230372534314e+02 -2.752144335345094987e+03 -5.416374013614863259e+01 0.000000000000000000e+00 0.000000000000000000e+00 1.337942185978135967e-02 1.832021514780484556e-02 1.875604329237146387e-02 1.275799435142747386e-02
-8.476510528638821143e+02 -3.170898492947058003e+03 -6.969395244801386013e+01 0.000000000000000000e+00 0.000000000000000000e+00 2.413432361878165011e-02 2.023488436466051518e-02 2.019254115681256428e-02 1.439973800297297823e-02
-1.138637323454414400e+03 -2.752460122527413205e+03 -5.873307697098352520e+01 0.000000000000000000e+00 0.000000000000000000e+00 -2.600957741933029865e-03 1.935774890878650192e-02 1.881674148926940071e-02 1.406425017889717521e-02
-1.329352478074056762e+03 -2.921373856952767710e+03 -6.832954554433480610e+01 0.000000000000000000e+00 0.000000000000000000e+00 -5.315903367439034355e-02 1.980829729913666237e-02 1.974569843231882560e-02 1.414000532457612008e-02
-1.511067013971317238e+03 -2.755647093287755069e+03 -6.645866487258072652e+01 0.000000000000000000e+00 0.000000000000000000e+00 -2.834493867794662947e-03 2.023488436466051518e-02 2.019254115681256428e-02 1.439970623090117835e-02
-1.514268008940230857e+03 -3.174811458439306989e+03 -8.182606899370979647e+01 0.000000000000000000e+00 0.000000000000000000e+00 -1.351135059148589335e-02 2.068571973319267496e-02 2.066428123846120873e-02 1.467571840098557193e-02
-1.140097214708835281e+03 -3.174063829266858647e+03 -7.426008777821148499e+01 0.000000000000000000e+00 0.000000000000000000e+00 -4.873810182701276972e-03 2.023488436466051518e-02 2.019254115681256428e-02 1.439996724820603868e-02
-1.996847754227743280e+03 -2.923414947637566456e+03 -8.527520277805155047e+01 0.000000000000000000e+00 0.000000000000000000e+00 -8.583913354982541932e-03 2.174834424910144365e-02 2.118108840758974390e-02 1.580155852713145334e-02
-2.178664505904968337e+03 -2.757600343618012175e+03 -8.526310640854920564e+01 0.000000000000000000e+00 0.000000000000000000e+00 -4.138376493486362051e-03 2.174834424910144365e-02 2.118108840758974390e-02 1.580163737807377747e-02
-1.806540461234475288e+03 -2.757468255717856664e+03 -7.402427171383418170e+01 0.000000000000000000e+00 0.000000000000000000e+00 -3.578737235731921373e-02 2.023488436466051518e-02 2.019254115681256428e-02 1.440009595374056560e-02
-2.180492704117438279e+03 -3.176384722211330882e+03 -1.002786578665235879e+02 0.000000000000000000e+00 0.000000000000000000e+00 5.346807361405581105e-03 2.271280548616886469e-02 2.166420277885175438e-02 1.672167854578426871e-02
-1.809169779768572425e+03 -3.177708062584321851e+03 -8.930961557391931649e+01 0.000000000000000000e+00 0.000000000000000000e+00 -2.291124717932291333e-02 2.216842198277626033e-02 2.163128074947905446e-02 1.605301806785866189e-02
-2.184093482414726168e+03 -2.430506922148471403e+03 -7.505200876645528751e+01 0.000000000000000000e+00 0.000000000000000000e+00 -2.062543095834712403e-02 2.121211979727518834e-02 2.114933996511516798e-02 1.513385426031208479e-02
-1.811042377122087146e+03 -2.430074970085641780e+03 -6.362438374127529528e+01 0.000000000000000000e+00 0.000000000000000000e+00 1.720673367628933192e-03 1.980829729913666237e-02 1.974569843231882560e-02 1.413993085738078810e-02
-2.001104497550683391e+03 -2.177585899471872381e+03 -6.194907059622405399e+01 0.000000000000000000e+00 0.000000000000000000e+00 -1.984568475702985779e-02 1.929052844617751630e-02 1.971576986654548572e-02 1.348313220769771503e-02
-1.810692769695326888e+03 -2.009041164782226588e+03 -5.189344114617031067e+01 0.000000000000000000e+00 0.000000000000000000e+00 -2.155570799983053121e-02 1.840551378163734000e-02 1.834312711284980316e-02 1.314685017055451134e-02
-2.182730766981985198e+03 -2.012611171410560473e+03 -6.348609948730674546e+01 0.000000000000000000e+00 0.000000000000000000e+00 -9.467197058782517161e-03 1.980829729913666237e-02 1.974569843231882560e-02 1.414005970178851962e-02
-2.193434557640109233e+03 -9.290725970729500887e+02 -4.371520994207953237e+01 0.000000000000000000e+00 0.000000000000000000e+00 1.150900365423268568e-02 2.027885155064064818e-02 2.069265555724352640e-02 1.421922009611556979e-02
-1.820574436762829919e+03 -9.272174254881463185e+02 -3.195288275609509299e+01 0.000000000000000000e+00 0.000000000000000000e+00 -1.340708634544895972e-02 1.882759380955049966e-02 1.878533297880283920e-02 1.340288703934454720e-02
-2.009734663822083348e+03 -6.741676437865444314e+02 -3.504053520471791927e+01 0.000000000000000000e+00 0.000000000000000000e+00 -2.643013532008353650e-03 2.027885155064064818e-02 2.069265555724352640e-02 1.421875119010643576e-02
-1.818048903495247259e+03 -5.067317104307666682e+02 -2.798328275034080903e+01 0.000000000000000000e+00 0.000000000000000000e+00 -8.448303861609218757e-03 2.027885155064064818e-02 2.069265555724352640e-02 1.421835804685570200e-02
-2.191012394787389439e+03 -5.082676711404972139e+02 -3.973126734859863518e+01 0.000000000000000000e+00 0.000000000000000000e+00 1.745338964120435321e-03 2.321207383684468703e-02 2.310978752705262346e-02 1.662837445730802263e-02
-2.477672510660975604e+03 -2.427691353071423237e+03 -8.532952510975709970e+01 0.000000000000000000e+00 0.000000000000000000e+00 -3.773628746273516299e-03 2.174834424910144365e-02 2.118108840758974390e-02 1.580179894968341409e-02
-2.476002384841002822e+03 -2.006811484996748277e+03 -7.380521069149563118e+01 0.000000000000000000e+00 0.000000000000000000e+00 -7.243010470290300873e-04 2.034720975003255494e-02 1.977764095487333923e-02 1.481052770972041653e-02
-2.668974204066016227e+03 -2.176409839563875266e+03 -8.568432270823802810e+01 0.000000000000000000e+00 0.000000000000000000e+00 -7.007031532680230157e-03 2.370190791961258522e-02 2.261876291464995359e-02 1.746927074276757863e-02
-2.853237183389142047e+03 -2.432259053281768047e+03 -1.004104603009027699e+02 0.000000000000000000e+00 0.000000000000000000e+00 4.018389010582268384e-03 2.426943213182309114e-02 2.265384539079820861e-02 1.815494116126740998e-02
-2.851257234629563300e+03 -2.010450005931765418e+03 -8.900710092274540841e+01 0.000000000000000000e+00 0.000000000000000000e+00 -1.206287995286459136e-02 2.629552867900876098e-02 2.460806965016320777e-02 1.968304152164821949e-02
-2.484136887078446307e+03 -1.677534688583775960e+03 -6.657359735542507906e+01 0.000000000000000000e+00 0.000000000000000000e+00 -5.446129005974853499e-03 2.034720975003255494e-02 1.977764095487333923e-02 1.481026474259063835e-02
-2.484432205418782814e+03 -1.257859313101581165e+03 -5.885228085893220396e+01 0.000000000000000000e+00 0.000000000000000000e+00 7.628783554963547431e-03 2.121211979727518834e-02 2.114933996511516798e-02 1.513331369017840641e-02
-2.855921984510392576e+03 -1.680744697385954851e+03 -8.175333342344981702e+01 0.000000000000000000e+00 0.000000000000000000e+00 5.772287540793286098e-03 2.594236637008193180e-02 2.421328749209064254e-02 1.947828356373094982e-02
-2.674767181755791626e+03 -1.426985140063814015e+03 -6.924573435598456683e+01 0.000000000000000000e+00 0.000000000000000000e+00 3.176015904141138435e-02 2.535723129174232218e-02 2.417709899787334402e-02 1.877424941393652028e-02
-2.856782820464147790e+03 -1.264254189843852373e+03 -7.418867607461159253e+01 0.000000000000000000e+00 0.000000000000000000e+00 -3.170990882743751627e-02 3.151679387942685207e-02 2.968362998455889579e-02 2.358896039906802078e-02
-2.187269499581539549e+03 -1.687301009927977930e+03 -5.609109533354250487e+01 0.000000000000000000e+00 0.000000000000000000e+00 -1.030643059649349880e-02 1.929052844617751630e-02 1.971576986654548572e-02 1.348294325445398116e-02
-1.815732073511235058e+03 -1.681707407842167640e+03 -4.438912334483735833e+01 0.000000000000000000e+00 0.000000000000000000e+00 1.056477101332120583e-02 1.840551378163734000e-02 1.834312711284980316e-02 1.314656145275036603e-02
-2.008864088189814538e+03 -1.431107683617290832e+03 -4.521111443595313517e+01 0.000000000000000000e+00 0.000000000000000000e+00 -3.902842883469759272e-03 1.887880125011653573e-02 1.929489980757223555e-02 1.322711345533247179e-02
-2.191319863132860064e+03 -1.266445724426545667e+03 -4.836670192090630849e+01 0.000000000000000000e+00 0.000000000000000000e+00 1.462352263532551433e-02 1.980829729913666237e-02 1.974569843231882560e-02 1.413944736861140299e-02
-1.818894983020367818e+03 -1.262497269132395786e+03 -3.661294667346600562e+01 0.000000000000000000e+00 0.000000000000000000e+00 7.270369013276933856e-03 1.788616593824612563e-02 1.831313018407777771e-02 1.248731352034063158e-02
-1.527271013912783246e+03 2.341248844366514845e+02 -1.889498879679735666e+01 0.000000000000000000e+00 0.000000000000000000e+00 -2.823609341181310128e-03 1.832021514780484556e-02 1.875604329237146387e-02 1.275655207446852596e-02
-1.342564378520742821e+03 6.997966829254596632e+01 -1.440464001860539334e+01 0.000000000000000000e+00 0.000000000000000000e+00 1.067277405617872432e-02 1.832021514780484556e-02 1.875604329237146387e-02 1.275632475663374121e-02
-1.152305104619632402e+03 -1.801932458265188757e+02 -1.083138121830282330e+01 0.000000000000000000e+00 0.000000000000000000e+00 1.015880726491502628e-02 1.882759380955049966e-02 1.878533297880283920e-02 1.340182640228823260e-02
-1.152720383314841683e+03 2.405465313712391264e+02 -1.096279925309070080e+01 0.000000000000000000e+00 0.000000000000000000e+00 -4.878731679308856428e-03 1.832021514780484556e-02 1.875604329237146387e-02 1.275613984458540302e-02
-1.527335169188714417e+03 -1.825286730760713567e+02 -1.882301469910433767e+01 0.000000000000000000e+00 0.000000000000000000e+00 -1.467517749581759290e-03 1.882759380955049966e-02 1.878533297880283920e-02 1.340224719475751128e-02
-2.869544389682590008e+03 2.259416314905567447e+02 -6.470945104662484937e+01 0.000000000000000000e+00 0.000000000000000000e+00 3.334251702710844256e-02 2.937814601067443090e-02 3.118890850001014917e-02 1.993966463526291102e-02
-2.492782139885924607e+03 2.333048509562262325e+02 -4.921451186776636177e+01 0.000000000000000000e+00 0.000000000000000000e+00 4.199622050995799327e-02 2.558529200854008784e-02 2.740400281423826037e-02 1.721141092803011446e-02
-2.683089704478275962e+03 6.241013137043227488e+01 -5.655414664298357508e+01 0.000000000000000000e+00 0.000000000000000000e+00 2.737905825325981368e-02 2.418771554275098851e-02 2.505878772564042178e-02 1.679580937441976438e-02
-2.491930597479286916e+03 -1.882304017680275479e+02 -4.920573501529457872e+01 0.000000000000000000e+00 0.000000000000000000e+00 2.258280849041227611e-02 2.557871892354285012e-02 2.644559625449054499e-02 1.778305732978313972e-02
-2.866400862447203053e+03 -1.904935194676531296e+02 -6.464925915433151715e+01 0.000000000000000000e+00 0.000000000000000000e+00 -2.363244706545231111e-02 3.302129373534663098e-02 3.332846423270097169e-02 2.349984404074617270e-02
2.480092123666057432e+03 2.500262070720810243e+03 -8.532390029208418980e+01 0.000000000000000000e+00 0.000000000000000000e+00 -3.308377403286044682e-03 1.937460003063392819e-02 1.840009692588480752e-02 1.425739937313094848e-02
2.479823915157873671e+03 2.084696022737033672e+03 -7.411670125258453368e+01 0.000000000000000000e+00 0.000000000000000000e+00 1.562508334319545611e-02 2.025469826496650860e-02 1.977851543458543360e-02 1.460299969471319341e-02
2.855449977494201903e+03 2.088427010568104834e+03 -8.919656445331831662e+01 0.000000000000000000e+00 0.000000000000000000e+00 6.975341532225343144e-03 2.209564413681569875e-02 2.207419016336676504e-02 1.567364251469807387e-02
2.852354208286427365e+03 2.508132787790302245e+03 -1.002615615109368292e+02 0.000000000000000000e+00 0.000000000000000000e+00 -1.515003090177913236e-02 2.632586251408988026e-02 2.630437242428364936e-02 1.866638128938780811e-02
2.663545675853400098e+03 2.336574089729029311e+03 -8.771995529880791764e+01 0.000000000000000000e+00 0.000000000000000000e+00 4.684508825744160276e-02 2.178863381919508846e-02 2.035921321667082465e-02 1.618355872232298681e-02
2.181613291198411844e+03 2.086983377538834702e+03 -6.368458555467336168e+01 0.000000000000000000e+00 0.000000000000000000e+00 -6.927108527612801936e-03 1.852244536784048920e-02 1.702456140508453938e-02 1.392860753431684161e-02
1.992664591161043290e+03 2.335679511772856131e+03 -6.426620924452605266e+01 0.000000000000000000e+00 0.000000000000000000e+00 -1.594724334763952811e-02 1.712092917511845794e-02 1.561489737741667515e-02 1.293666388961442308e-02
1.807528892597514414e+03 2.085950815924066319e+03 -5.231661629074626063e+01 0.000000000000000000e+00 0.000000000000000000e+00 -3.124575419292341394e-03 1.669662891115616943e-02 1.512726962158345186e-02 1.269334463365615236e-02
1.807510980153921992e+03 2.501262386328319735e+03 -6.371864856752931416e+01 0.000000000000000000e+00 0.000000000000000000e+00 2.264780951026068578e-02 1.712092917511845794e-02 1.561489737741667515e-02 1.293657245951230009e-02
2.183241291096619079e+03 2.507158403303467367e+03 -7.518101914755675352e+01 0.000000000000000000e+00 0.000000000000000000e+00 6.541339788668665278e-03 1.852244536784048920e-02 1.702456140508453938e-02 1.392892928959566304e-02
1.539473358532791053e+03 -3.164625797071005309e+03 -8.201412916284623122e+01 0.000000000000000000e+00 0.000000000000000000e+00 -1.503939891860284206e-02 1.977310420619130329e-02 2.023883796524059836e-02 1.366814587327420082e-02
1.165786845563909537e+03 -3.167035480901174196e+03 -7.443759479581761695e+01 0.000000000000000000e+00 0.000000000000000000e+00 -1.372933949433274847e-02 1.926552989281816314e-02 1.972077768515872326e-02 1.334947437603953811e-02
1.349980535166865138e+03 -2.914787553821468919e+03 -6.851547574214949066e+01 0.000000000000000000e+00 0.000000000000000000e+00 -6.487415641188931659e-03 1.883431501866439720e-02 1.885621296352812601e-02 1.327491874244824538e-02
1.540180569406560380e+03 -2.742489952870844263e+03 -6.669223049406477344e+01 0.000000000000000000e+00 0.000000000000000000e+00 -7.955745951562676055e-03 1.785584244891127298e-02 1.831023870582796850e-02 1.235221254629094954e-02
1.163609519048625771e+03 -2.750604624264560698e+03 -5.911463717668804208e+01 0.000000000000000000e+00 0.000000000000000000e+00 -8.077160456593901472e-03 1.692740280190487348e-02 1.692740280190493246e-02 1.197181790008489816e-02
8.698383115248151398e+02 -3.167430358670063015e+03 -6.985006547588307058e+01 0.000000000000000000e+00 0.000000000000000000e+00 -2.577295876420748755e-03 1.926552989281816314e-02 1.972077768515872326e-02 1.334924906365268608e-02
4.950685596075782087e+02 -3.168754913080023925e+03 -6.597488357993459829e+01 0.000000000000000000e+00 0.000000000000000000e+00 -2.596438233283038244e-03 1.878063328064462356e-02 1.922590106535461765e-02 1.304574808248859692e-02
6.797297333794033420e+02 -2.918120128928165286e+03 -5.814245757880618726e+01 0.000000000000000000e+00 0.000000000000000000e+00 9.636020771843334387e-03 1.833801970206361265e-02 1.833801970206368204e-02 1.296937548726304762e-02
8.707575396881322831e+02 -2.748065570457584727e+03 -5.440064676619797979e+01 0.000000000000000000e+00 0.000000000000000000e+00 8.282799583767541662e-03 1.786619890276258671e-02 1.784479909676162449e-02 1.268026503953742674e-02
4.950928084917756564e+02 -2.753094618031379014e+03 -5.057253712282987124e+01 0.000000000000000000e+00 0.000000000000000000e+00 -2.213132860027400284e-02 1.786619890276258671e-02 1.784479909676162449e-02 1.268008350865247255e-02
-2.487206969604401365e+03 -5.122348192719190365e+02 -5.053780553958459620e+01 0.000000000000000000e+00 0.000000000000000000e+00 -7.975144984015969385e-04 2.824380276861288355e-02 2.755590674065277329e-02 2.060331578442160458e-02
-2.860819655541924931e+03 -5.140881604734058783e+02 -6.592773365797448548e+01 0.000000000000000000e+00 0.000000000000000000e+00 -9.132329695802354763e-04 3.335215663397772534e-02 3.205598712015308993e-02 2.463230937893747322e-02
-2.861283974194764596e+03 -9.330022249865608046e+02 -6.981798678657679602e+01 0.000000000000000000e+00 0.000000000000000000e+00 -3.544800047615126459e-02 3.137713007975012625e-02 2.904757584220944017e-02 2.369782532397980701e-02
-2.488336163741986638e+03 -9.323980208881573617e+02 -5.448293252179021096e+01 0.000000000000000000e+00 0.000000000000000000e+00 -2.418734173857473024e-02 2.872445696406246765e-02 2.854671910398986698e-02 2.068330862307896090e-02
-2.678826144246015247e+03 -6.805340672786217056e+02 -5.947879351057586206e+01 0.000000000000000000e+00 0.000000000000000000e+00 -1.970903660336631447e-02 3.229457068730335473e-02 3.102172845422504835e-02 2.384485588958816862e-02
1.136687792138463692e+03 3.247199848274794931e+03 -7.431613982370768667e+01 0.000000000000000000e+00 0.000000000000000000e+00 -4.695188642671155321e-03 1.897795789237698150e-02 1.754086094879567584e-02 1.419216204627432067e-02
1.511868788769876801e+03 2.833287522414732848e+03 -6.685712483653298932e+01 0.000000000000000000e+00 0.000000000000000000e+00 8.881910192883424315e-03 1.757388878167848167e-02 1.613206257592581655e-02 1.319750747754197019e-02
1.511150440185581374e+03 3.252935241147778015e+03 -8.193271235952956033e+01 0.000000000000000000e+00 0.000000000000000000e+00 -1.861327307484827998e-02 1.945793774771231027e-02 1.808191371391965410e-02 1.447181060262126180e-02
1.138127243046668355e+03 2.832316239294738807e+03 -5.935033584736750356e+01 0.000000000000000000e+00 0.000000000000000000e+00 -3.328349429168042661e-04 1.860558046472089375e-02 1.671139072287439187e-02 1.413221171756391670e-02
1.321435232357297082e+03 3.082312647191292399e+03 -7.154297462546239217e+01 0.000000000000000000e+00 0.000000000000000000e+00 -9.340860482694779421e-03 1.897795789237698150e-02 1.754086094879567584e-02 1.419211701651853716e-02
1.802967969412732600e+03 2.834789077209482912e+03 -7.415505325458144625e+01 0.000000000000000000e+00 0.000000000000000000e+00 5.292375605847610132e-04 1.757388878167848167e-02 1.613206257592581655e-02 1.319780528758286373e-02
2.177638901941397762e+03 2.834104343032627639e+03 -8.526694474173952187e+01 0.000000000000000000e+00 0.000000000000000000e+00 -1.912198235514495082e-02 1.992524602276908932e-02 1.843437121362593786e-02 1.492190617015962117e-02
1.988610498089154135e+03 3.085369559016340645e+03 -8.812233075916314817e+01 0.000000000000000000e+00 0.000000000000000000e+00 -9.039399730042418923e-03 2.038293120963933711e-02 1.894992988837718509e-02 1.518783393114529236e-02
2.179553116937349387e+03 3.256083996812684290e+03 -1.003009457821461012e+02 0.000000000000000000e+00 0.000000000000000000e+00 4.565393459600386450e-02 3.385764034123309868e-02 3.036747349140240734e-02 2.581430554783285813e-02
1.803588873133639481e+03 3.251010912972231836e+03 -8.905677406497257209e+01 0.000000000000000000e+00 0.000000000000000000e+00 -8.981818221954540604e-03 2.086333848152589418e-02 1.948849230828852627e-02 1.546832716008074773e-02
