# x y z x_res y_res z_res
2.103932566486134874e+03 -1.381818595687221205e+03 7.811923064785794679e+01 0.000000000000000000e+00 0.000000000000000000e+00 -4.708487054472243472e-04
2.294969060155580337e+03 -1.618432942697676708e+03 9.696163478795945423e+01 0.000000000000000000e+00 0.000000000000000000e+00 2.949590314408112590e-02
1.909762875568148729e+03 -1.620813350692006679e+03 7.605617187938592849e+01 0.000000000000000000e+00 0.000000000000000000e+00 1.643464311442244252e-03
1.906233970241485849e+03 -1.221945277655974905e+03 6.323549976503069558e+01 0.000000000000000000e+00 0.000000000000000000e+00 1.479997440252134311e-02
2.299366605487069592e+03 -1.225830141693711539e+03 8.477692459400161340e+01 0.000000000000000000e+00 0.000000000000000000e+00 -5.110125994505665403e-03
1.599139659620852626e+03 -1.225942820495561818e+03 4.950232165484207769e+01 0.000000000000000000e+00 0.000000000000000000e+00 4.909196043252705977e-02
1.403078113073217992e+03 -1.381956647025592474e+03 4.651347617261030365e+01 0.000000000000000000e+00 0.000000000000000000e+00 4.816757206886990161e-02
1.595610957941232300e+03 -1.618171757614297576e+03 6.180762512274758791e+01 0.000000000000000000e+00 0.000000000000000000e+00 9.230445394827313521e-03
1.209062937953636492e+03 -1.621571384878287745e+03 4.809224819677415041e+01 0.000000000000000000e+00 0.000000000000000000e+00 -8.706214132999434696e-03
1.205323876200475297e+03 -1.221991245128030187e+03 3.528714830307073669e+01 0.000000000000000000e+00 0.000000000000000000e+00 2.209286500679752407e-02
8.942716499686617908e+02 -9.072116739991221266e+02 1.948129932000571785e+01 0.000000000000000000e+00 0.000000000000000000e+00 1.154387688510638554e-02
5.079236725888534352e+02 -9.090527318801583760e+02 1.264620234357994910e+01 0.000000000000000000e+00 0.000000000000000000e+00 -4.236619921194062499e-03
7.012672535266297018e+02 -6.698136930619775740e+02 1.135814070924807062e+01 0.000000000000000000e+00 0.000000000000000000e+00 1.027154623061399263e-02
5.025802657136056837e+02 -5.104403125850675451e+02 6.190249474835496812e+00 0.000000000000000000e+00 0.000000000000000000e+00 1.538569118855459550e-02
8.975410308871815914e+02 -5.135906881302898910e+02 1.327637236952457123e+01 0.000000000000000000e+00 0.000000000000000000e+00 3.418478355001752789e-04
1.906215904557986050e+03 -1.934401535280245753e+03 8.836397294280568815e+01 0.000000000000000000e+00 0.000000000000000000e+00 -3.397686085932605238e-03
2.299296281532584999e+03 -1.935736827100992059e+03 1.098750821763423033e+02 0.000000000000000000e+00 0.000000000000000000e+00 -1.632156811945151276e-02
2.103697261758915829e+03 -2.092698348142013401e+03 1.057802623655441323e+02 0.000000000000000000e+00 0.000000000000000000e+00 -3.469006675082653146e-02
1.909852376212751778e+03 -2.332946673530359021e+03 1.076620702060133965e+02 0.000000000000000000e+00 0.000000000000000000e+00 -2.720312303779337526e-03
2.296598433437653966e+03 -2.328976224467394786e+03 1.286417138381837333e+02 0.000000000000000000e+00 0.000000000000000000e+00 -3.502431811941164597e-02
8.974527859121890287e+02 -1.225191578163059376e+03 2.715027872658969699e+01 0.000000000000000000e+00 0.000000000000000000e+00 1.246251228231542996e-02
5.032524792142993988e+02 -1.221929082262505517e+03 2.007242758618022194e+01 0.000000000000000000e+00 0.000000000000000000e+00 2.221791754998392321e-02
7.012694256959755421e+02 -1.380470766099925186e+03 2.770495655917646616e+01 0.000000000000000000e+00 0.000000000000000000e+00 3.016673833231564572e-02
8.930837105811609717e+02 -1.617573389805100078e+03 3.951600582013340102e+01 0.000000000000000000e+00 0.000000000000000000e+00 -7.857499482405216895e-03
5.086205897055036758e+02 -1.620652317729137167e+03 3.281288290366598659e+01 0.000000000000000000e+00 0.000000000000000000e+00 1.369798666646460106e-02
-1.962504624920005938e+02 -5.115909936856882041e+02 3.480655891583274819e+00 0.000000000000000000e+00 0.000000000000000000e+00 1.447826692281184435e-02
4.292013082857013551e-01 -6.712926554914072312e+02 5.135581970772269855e+00 0.000000000000000000e+00 0.000000000000000000e+00 2.170938121485832539e-03
1.925315166832534715e+02 -9.074752457632334881e+02 9.817815514671721644e+00 0.000000000000000000e+00 0.000000000000000000e+00 9.589311076201312289e-03
-1.931616239544034386e+02 -9.106659861935041818e+02 9.886270687311347061e+00 0.000000000000000000e+00 0.000000000000000000e+00 7.300450681228198846e-03
1.980085032924547477e+02 -5.162316718497663715e+02 3.543686379800592423e+00 0.000000000000000000e+00 0.000000000000000000e+00 -4.575654502796400180e-03
-5.033711577223112954e+02 -5.154736555770846280e+02 6.258869046999183006e+00 0.000000000000000000e+00 0.000000000000000000e+00 -9.983258632319191861e-03
-5.071984815907087523e+02 -9.087841608803590816e+02 1.263138373095720191e+01 0.000000000000000000e+00 0.000000000000000000e+00 4.768689691475813675e-03
-8.935466833065460150e+02 -9.106063542993800866e+02 1.953405903535870891e+01 0.000000000000000000e+00 0.000000000000000000e+00 1.013315495705668923e-02
-8.976691815099901532e+02 -5.116512413890828839e+02 1.325698854787104608e+01 0.000000000000000000e+00 0.000000000000000000e+00 -6.059461415684808117e-03
-7.000549825119377374e+02 -6.716397563641100987e+02 1.136414495296145866e+01 0.000000000000000000e+00 0.000000000000000000e+00 -6.626801725316155967e-03
1.599367500690439556e+03 -1.936365147344879460e+03 7.460788970147683585e+01 0.000000000000000000e+00 0.000000000000000000e+00 -1.413274926143515131e-02
1.206175072437390781e+03 -1.933283677712623557e+03 6.037818958923507751e+01 0.000000000000000000e+00 0.000000000000000000e+00 -8.386712064876178374e-04
1.403579058956187055e+03 -2.093077905028264922e+03 7.414594117451349575e+01 0.000000000000000000e+00 0.000000000000000000e+00 -4.285380049765308286e-03
1.596017594409376670e+03 -2.329587596711975948e+03 9.327781101561629384e+01 0.000000000000000000e+00 0.000000000000000000e+00 -1.679278390251681685e-02
1.208869605614773491e+03 -2.331599802548215848e+03 7.945837060805371266e+01 0.000000000000000000e+00 0.000000000000000000e+00 -1.267876321614380686e-02
1.971490516710854024e+02 -1.227199869799726912e+03 1.751012617750071954e+01 0.000000000000000000e+00 0.000000000000000000e+00 8.924517138112264547e-03
-1.968625604772728934e+02 -1.223113338559935755e+03 1.739644841249014107e+01 0.000000000000000000e+00 0.000000000000000000e+00 -3.514991911014320181e-02
1.111081492124128989e+00 -1.383396589820630879e+03 2.158635475950700666e+01 0.000000000000000000e+00 0.000000000000000000e+00 -3.059293977976551560e-03
1.930931204771574983e+02 -1.620468046060309234e+03 3.001334125764626037e+01 0.000000000000000000e+00 0.000000000000000000e+00 -1.017166206266750805e-02
-1.941001012896121836e+02 -1.621973725314147941e+03 3.007274889862709344e+01 0.000000000000000000e+00 0.000000000000000000e+00 2.797694687579621586e-04
-5.040219224540381333e+02 -1.226553741282310511e+03 2.020909456311784069e+01 0.000000000000000000e+00 0.000000000000000000e+00 -3.441282139765533543e-02
-7.004498339334173806e+02 -1.384546577329824459e+03 2.781643912778929462e+01 0.000000000000000000e+00 0.000000000000000000e+00 -2.088858014934658058e-02
-5.062739441679581773e+02 -1.618841134074714319e+03 3.271732661837299361e+01 0.000000000000000000e+00 0.000000000000000000e+00 -1.550592471794232097e-02
-8.972259365551158226e+02 -1.222881533922698054e+03 2.708183696598876367e+01 0.000000000000000000e+00 0.000000000000000000e+00 -3.514898739183180965e-02
-8.941443823431543478e+02 -1.622843716657727782e+03 3.973067414570259359e+01 0.000000000000000000e+00 0.000000000000000000e+00 5.544192590889451822e-03
8.985850213313261747e+02 -1.936778584488527713e+03 5.230269508926135558e+01 0.000000000000000000e+00 0.000000000000000000e+00 -1.145382246391335457e-02
5.048319448412926249e+02 -1.933269131179298256e+03 4.515668328955526789e+01 0.000000000000000000e+00 0.000000000000000000e+00 -5.330290253347413909e-03
7.018248792473518733e+02 -2.091787222281831873e+03 5.527900330471289436e+01 0.000000000000000000e+00 0.000000000000000000e+00 9.727590094897209383e-03
8.940311209295950903e+02 -2.329942832366255061e+03 7.093021441427642060e+01 0.000000000000000000e+00 0.000000000000000000e+00 -2.660800929299966811e-02
5.079918971288435614e+02 -2.331514674518029551e+03 6.413827316985629068e+01 0.000000000000000000e+00 0.000000000000000000e+00 -4.475890960122796969e-03
1.973143000061657517e+02 -1.938258838385619811e+03 4.264583979704260486e+01 0.000000000000000000e+00 0.000000000000000000e+00 -1.173436997966348372e-02
-1.958671398407895481e+02 -1.933837059585500128e+03 4.244783621897434500e+01 0.000000000000000000e+00 0.000000000000000000e+00 -1.546253750630199875e-02
6.434144724453563224e-01 -2.092983476079151842e+03 4.910537113461707293e+01 0.000000000000000000e+00 0.000000000000000000e+00 -1.068060792746905463e-03
1.931698042553862535e+02 -2.330465209150161627e+03 6.128729306115585018e+01 0.000000000000000000e+00 0.000000000000000000e+00 -2.723327316446955138e-02
-1.931205448651377026e+02 -2.333618403008154473e+03 6.145107806852595900e+01 0.000000000000000000e+00 0.000000000000000000e+00 -7.741355918369663414e-03
-5.043253217922957674e+02 -1.938013070632893005e+03 4.535497840575132500e+01 0.000000000000000000e+00 0.000000000000000000e+00 -2.862526173160517828e-03
-8.975242442170786035e+02 -1.935451136664320074e+03 5.222117619433889502e+01 0.000000000000000000e+00 0.000000000000000000e+00 5.599249896945934779e-04
-6.998674127985856330e+02 -2.093961163203845445e+03 5.534575508517059461e+01 0.000000000000000000e+00 0.000000000000000000e+00 2.814308510089347237e-03
-5.067559650521664025e+02 -2.330146654339960151e+03 6.405120406067528904e+01 0.000000000000000000e+00 0.000000000000000000e+00 -2.091948081090322376e-02
-8.936642929452950739e+02 -2.333009561384596054e+03 7.108170340511391316e+01 0.000000000000000000e+00 0.000000000000000000e+00 -6.499372640504930132e-03
1.599640114963272254e+03 -2.649276839844621009e+03 1.113447075769162495e+02 0.000000000000000000e+00 0.000000000000000000e+00 -3.355145760967559454e-02
1.206650147553456463e+03 -2.644960904217645748e+03 9.688229766831202028e+01 0.000000000000000000e+00 0.000000000000000000e+00 -1.917661225466815722e-02
1.594876197847654339e+03 -3.041297578358474766e+03 1.364036918500177080e+02 0.000000000000000000e+00 0.000000000000000000e+00 -3.079542019270320452e-02
1.403031222252263206e+03 -2.804469611245584019e+03 1.132686747760177042e+02 0.000000000000000000e+00 0.000000000000000000e+00 -2.336861661034106419e-02
1.208728217226066818e+03 -3.042599340939234935e+03 1.224441557791418234e+02 0.000000000000000000e+00 0.000000000000000000e+00 -1.492851608362855131e-02
8.971827155891979828e+02 -2.648236267801879876e+03 8.873868003367563517e+01 0.000000000000000000e+00 0.000000000000000000e+00 -2.433730792958499478e-03
7.016660165723852742e+02 -2.804456773836077446e+03 9.429809083077111609e+01 0.000000000000000000e+00 0.000000000000000000e+00 6.285338277919549910e-03
8.938538519049386650e+02 -3.040709841763135501e+03 1.137710730999645534e+02 0.000000000000000000e+00 0.000000000000000000e+00 2.325482856917915342e-03
5.071615179798017721e+02 -3.043454264877053902e+03 1.069956613753534782e+02 0.000000000000000000e+00 0.000000000000000000e+00 4.556047600667056940e-02
5.040963671688220415e+02 -2.645425690141051746e+03 8.154545009913789499e+01 0.000000000000000000e+00 0.000000000000000000e+00 1.843301749407544321e-02
1.968118117101201676e+02 -2.648199592142378151e+03 7.896921800613904452e+01 0.000000000000000000e+00 0.000000000000000000e+00 1.560069020848686705e-02
-1.978833771526706471e+02 -2.645713951062884007e+03 7.882745086477200402e+01 0.000000000000000000e+00 0.000000000000000000e+00 8.527960292951775045e-03
4.310178401103121337e-01 -2.804043416473255093e+03 8.798610862625133677e+01 0.000000000000000000e+00 0.000000000000000000e+00 1.230452861227604444e-02
-1.927782290412379211e+02 -3.042530301072979910e+03 1.041110080555470319e+02 0.000000000000000000e+00 0.000000000000000000e+00 8.630919993890984188e-03
1.931541207825066806e+02 -3.040304391939977450e+03 1.039605907138380587e+02 0.000000000000000000e+00 0.000000000000000000e+00 -2.797748540233158110e-02
-5.053970019412032002e+02 -2.650630690269523257e+03 8.187065678100387345e+01 0.000000000000000000e+00 0.000000000000000000e+00 5.587522438219139076e-03
-8.968641751441015231e+02 -2.646510146693614388e+03 8.862890162817431872e+01 0.000000000000000000e+00 0.000000000000000000e+00 -2.880592860253727849e-02
-7.008727666641464111e+02 -2.806539762427767073e+03 9.441504144084446182e+01 0.000000000000000000e+00 0.000000000000000000e+00 2.722224917647508846e-03
-5.088381786912657390e+02 -3.043151392638940706e+03 1.069967667785784045e+02 0.000000000000000000e+00 0.000000000000000000e+00 3.927073114311951940e-03
-8.946149329610576615e+02 -3.044160955115465185e+03 1.140255207430343489e+02 0.000000000000000000e+00 0.000000000000000000e+00 -7.781679425946208539e-03
1.210633399282260370e+03 -9.109947479098400436e+02 2.803739789363167034e+01 0.000000000000000000e+00 0.000000000000000000e+00 1.181487812940673621e-02
1.596761615946613574e+03 -9.078183449029277199e+02 4.184898018635722394e+01 0.000000000000000000e+00 0.000000000000000000e+00 2.823239407070587959e-02
1.206047063221328926e+03 -5.122330041339600939e+02 2.156326468952773112e+01 0.000000000000000000e+00 0.000000000000000000e+00 -3.121638269771409568e-03
1.404370614629838656e+03 -6.712256538748205230e+02 3.029069540471964217e+01 0.000000000000000000e+00 0.000000000000000000e+00 1.723040799272368417e-02
1.599938232877450446e+03 -5.145985867322542617e+02 3.580223938799552741e+01 0.000000000000000000e+00 0.000000000000000000e+00 3.128965187833898653e-03
1.910177990640734379e+03 -9.093610146108441086e+02 5.604171997313849118e+01 0.000000000000000000e+00 0.000000000000000000e+00 2.317192477597274092e-02
1.907236746164251372e+03 -5.107536979029771373e+02 4.970594498170701314e+01 0.000000000000000000e+00 0.000000000000000000e+00 1.841576485399087915e-02
2.297608901425271142e+03 -9.069206710607521700e+02 7.716734679165554667e+01 0.000000000000000000e+00 0.000000000000000000e+00 1.397461851283310352e-02
2.105013408649584107e+03 -6.707867864457285805e+02 6.205841485622010367e+01 0.000000000000000000e+00 0.000000000000000000e+00 2.708288068308917218e-02
2.300557828080091895e+03 -5.144105130823407990e+02 7.132967496213184688e+01 0.000000000000000000e+00 0.000000000000000000e+00 1.812693325810244005e-02
-1.599236875261181922e+03 -1.223038912567833449e+03 4.942703407379369906e+01 0.000000000000000000e+00 0.000000000000000000e+00 -7.326776634897669283e-03
-1.205019162551662475e+03 -1.226328643136119354e+03 3.539645076958964864e+01 0.000000000000000000e+00 0.000000000000000000e+00 -1.881832603923783154e-02
-1.400112152484570743e+03 -1.382604295855634973e+03 4.642735067265454063e+01 0.000000000000000000e+00 0.000000000000000000e+00 1.802373059389594800e-02
-1.594790582562076452e+03 -1.622252133215921504e+03 6.192180820623472925e+01 0.000000000000000000e+00 0.000000000000000000e+00 -2.889740255709938310e-02
-1.207640893494690772e+03 -1.620371540789623168e+03 4.800509790569422819e+01 0.000000000000000000e+00 0.000000000000000000e+00 -3.282304554759463144e-02
-1.906090371604582288e+03 -1.938611679816848664e+03 8.854065366420466887e+01 0.000000000000000000e+00 0.000000000000000000e+00 7.086519354970732820e-04
-2.102239050266919548e+03 -2.093747280477550248e+03 1.057500184084529451e+02 0.000000000000000000e+00 0.000000000000000000e+00 1.627224214382749778e-02
-1.909370252638705779e+03 -2.331254473892977785e+03 1.075492623889051629e+02 0.000000000000000000e+00 0.000000000000000000e+00 -3.786072336808388172e-03
-2.296497358536475076e+03 -2.332249513332964852e+03 1.288084032474185392e+02 0.000000000000000000e+00 0.000000000000000000e+00 1.191283810851473390e-02
-2.299235361466126051e+03 -1.933685777820989188e+03 1.097821496635607019e+02 0.000000000000000000e+00 0.000000000000000000e+00 -2.801590393616493202e-03
-1.598734104662714572e+03 -1.934736464139498366e+03 7.451134766304828361e+01 0.000000000000000000e+00 0.000000000000000000e+00 -4.919962118520970762e-03
-1.205047361354343138e+03 -1.938411555530622991e+03 6.056535046539887901e+01 0.000000000000000000e+00 0.000000000000000000e+00 -3.904949834094395555e-03
-1.401970977705547512e+03 -2.094109150091845549e+03 7.413656487646875348e+01 0.000000000000000000e+00 0.000000000000000000e+00 -7.097134531704796245e-03
-1.594410526162439055e+03 -2.333566697882154131e+03 9.342026853292881583e+01 0.000000000000000000e+00 0.000000000000000000e+00 7.163196013806327755e-03
-1.207747586492026585e+03 -2.331472158326113458e+03 7.941705776088113566e+01 0.000000000000000000e+00 0.000000000000000000e+00 2.040840697753765198e-02
-1.599159268922064712e+03 -2.644617873506033447e+03 1.110465664625039750e+02 0.000000000000000000e+00 0.000000000000000000e+00 -2.316568237533545016e-02
-1.593214037548265651e+03 -3.043851400002254650e+03 1.365112690579626360e+02 0.000000000000000000e+00 0.000000000000000000e+00 -2.908861015583852350e-02
-1.206915163279641774e+03 -3.041394697260756402e+03 1.223046069673351184e+02 0.000000000000000000e+00 0.000000000000000000e+00 -4.206663225785689519e-02
-1.205068333420792214e+03 -2.648662410200933664e+03 9.705353984466290740e+01 0.000000000000000000e+00 0.000000000000000000e+00 1.467491426495826090e-03
-1.400681821721020015e+03 -2.804013266990813008e+03 1.131547347973893949e+02 0.000000000000000000e+00 0.000000000000000000e+00 -8.979593586971645891e-03
-1.909776595371802841e+03 -1.620329225143336771e+03 7.603930850244724127e+01 0.000000000000000000e+00 0.000000000000000000e+00 -3.380330704837319900e-02
-2.296349586389914748e+03 -1.623541248138902574e+03 9.722951156126507044e+01 0.000000000000000000e+00 0.000000000000000000e+00 -5.843857794543794171e-02
-2.103219322493910113e+03 -1.383662892287297154e+03 7.813718050663767656e+01 0.000000000000000000e+00 0.000000000000000000e+00 -1.846850976906466713e-02
-2.301828509236561786e+03 -1.223380208849578366e+03 8.485795957083718122e+01 0.000000000000000000e+00 0.000000000000000000e+00 -5.095060552054064829e-02
-1.908710429428394491e+03 -1.226531725497637808e+03 6.348229940635427226e+01 0.000000000000000000e+00 0.000000000000000000e+00 -2.945625365983062238e-02
2.608606549360306872e+03 -1.222473561340236301e+03 1.045492533957490338e+02 0.000000000000000000e+00 0.000000000000000000e+00 -2.548360666884263992e-02
2.611341783231518093e+03 -1.621785852098788610e+03 1.173947133933371560e+02 0.000000000000000000e+00 0.000000000000000000e+00 -2.925636316244606405e-02
2.995823121755563534e+03 -1.618917993446918672e+03 1.458120432555362811e+02 0.000000000000000000e+00 0.000000000000000000e+00 1.353721122967499468e-03
2.804519240160412664e+03 -1.382411505998207076e+03 1.231546872683215526e+02 0.000000000000000000e+00 0.000000000000000000e+00 2.140077076413149371e-02
3.000941536170662403e+03 -1.226856365132103747e+03 1.337838839414574466e+02 0.000000000000000000e+00 0.000000000000000000e+00 1.723082150843424643e-02
1.932351186272007055e+02 -1.972920034960530984e+02 9.246804129779381265e-01 0.000000000000000000e+00 0.000000000000000000e+00 1.204790915215303571e-03
1.966784634654069350e+02 1.960131678576605623e+02 9.438831844476236466e-01 0.000000000000000000e+00 0.000000000000000000e+00 -4.774828270364461780e-03
-1.965096192274281748e+02 2.001011335544396559e+02 9.618923579003628710e-01 0.000000000000000000e+00 0.000000000000000000e+00 -3.192222769339170263e-03
-6.895846429558884216e-02 3.924817536182937516e+01 1.779911133283975516e-02 0.000000000000000000e+00 0.000000000000000000e+00 -6.537936696006756837e-03
-1.944890366437839759e+02 -1.993062031199567343e+02 9.400413496179131911e-01 0.000000000000000000e+00 0.000000000000000000e+00 -1.275116906875950473e-02
5.073802663380556055e+02 -1.985012377831415904e+02 3.744618471958886197e+00 0.000000000000000000e+00 0.000000000000000000e+00 1.358806175265048211e-02
8.940535741157403891e+02 -1.964649098480989835e+02 1.068037507809196640e+01 0.000000000000000000e+00 0.000000000000000000e+00 -1.078232542962354046e-03
5.027708152116560427e+02 2.012556145845468620e+02 3.728926826537723116e+00 0.000000000000000000e+00 0.000000000000000000e+00 -1.728132889659006466e-02
7.009988794107009653e+02 4.095731913348858200e+01 6.336963568671902358e+00 0.000000000000000000e+00 0.000000000000000000e+00 -6.005701759531412165e-03
8.974374016627192532e+02 1.968914997481967930e+02 1.084864221122566796e+01 0.000000000000000000e+00 0.000000000000000000e+00 -7.649542755816085560e-03
1.926690411983940692e+02 5.127254968764569867e+02 3.552569027765247522e+00 0.000000000000000000e+00 0.000000000000000000e+00 1.403672272287836975e-02
1.960907452934702917e+02 9.060458661091964814e+02 1.018713431356310650e+01 0.000000000000000000e+00 0.000000000000000000e+00 1.632089388721169598e-04
-1.011555879887623272e-01 7.501425171167527424e+02 6.610828149308092705e+00 0.000000000000000000e+00 0.000000000000000000e+00 3.486376878217978259e-02
-1.979448893275215653e+02 9.099699579636516091e+02 1.028181701749549504e+01 0.000000000000000000e+00 0.000000000000000000e+00 -2.981898626920553852e-03
-1.957022264875412816e+02 5.106238827177941175e+02 3.542566685983002284e+00 0.000000000000000000e+00 0.000000000000000000e+00 8.107156839470608389e-03
1.208490365637105469e+03 -1.992047477111071316e+02 1.919367221210891472e+01 0.000000000000000000e+00 0.000000000000000000e+00 6.700289042701257358e-03
1.204430629476682725e+03 1.992242656749433252e+02 1.922487753172732639e+01 0.000000000000000000e+00 0.000000000000000000e+00 -7.725596059383832426e-03
1.595451408520257928e+03 -1.977277957697129125e+02 3.320918957221978474e+01 0.000000000000000000e+00 0.000000000000000000e+00 3.775323409581687883e-02
1.402448913143014806e+03 3.921760555052798480e+01 2.540717103324613291e+01 0.000000000000000000e+00 0.000000000000000000e+00 2.039364420353706464e-02
1.598589491379416131e+03 1.958222385854087690e+02 3.359748132687207800e+01 0.000000000000000000e+00 0.000000000000000000e+00 2.635173880431551652e-02
5.073579928000509653e+02 5.121230109061986013e+02 6.407741888777155559e+00 0.000000000000000000e+00 0.000000000000000000e+00 -1.919964605412172176e-02
8.969925055141711709e+02 9.073617586324571676e+02 2.029388059736912453e+01 0.000000000000000000e+00 0.000000000000000000e+00 -7.133523236333871864e-03
7.004221798344643730e+02 7.507107027489753364e+02 1.304000707260310854e+01 0.000000000000000000e+00 0.000000000000000000e+00 -8.487914606345015045e-03
8.944879145466428554e+02 5.150357971939981780e+02 1.350961075971502545e+01 0.000000000000000000e+00 0.000000000000000000e+00 -1.193057054025814523e-02
5.030749339546090368e+02 9.116376916188636415e+02 1.312833887243943032e+01 0.000000000000000000e+00 0.000000000000000000e+00 -8.570708957586603560e-03
1.909889961054952437e+03 -1.997575816785152085e+02 4.754826789750472926e+01 0.000000000000000000e+00 0.000000000000000000e+00 3.799687516729477466e-02
1.905211509793957930e+03 1.995015381065062172e+02 4.769289661353786869e+01 0.000000000000000000e+00 0.000000000000000000e+00 1.932420637193388302e-02
2.103022403644235055e+03 4.005195972294532680e+01 5.749720585219740343e+01 0.000000000000000000e+00 0.000000000000000000e+00 2.935021702982965053e-02
2.296458932743921650e+03 -1.962493900111211360e+02 6.883877465581943511e+01 0.000000000000000000e+00 0.000000000000000000e+00 2.334696815366044120e-02
2.298678420032178110e+03 1.964894162999793537e+02 6.950395116939246520e+01 0.000000000000000000e+00 0.000000000000000000e+00 -2.201494378347490510e-02
2.609222814113015829e+03 -9.091633697647440613e+02 9.725482587446691696e+01 0.000000000000000000e+00 0.000000000000000000e+00 -2.091035124556128721e-02
2.606340807395597039e+03 -5.105462944482935654e+02 9.103135657070882303e+01 0.000000000000000000e+00 0.000000000000000000e+00 -1.024714473003029980e-02
2.803943525340620909e+03 -6.711065540851117248e+02 1.071551943923650185e+02 0.000000000000000000e+00 0.000000000000000000e+00 1.901311329902455327e-03
2.995339608616665828e+03 -9.073970310311301546e+02 1.258865544333403221e+02 0.000000000000000000e+00 0.000000000000000000e+00 8.370652532931899259e-04
3.000103145025840604e+03 -5.148769628949506796e+02 1.204228146139382147e+02 0.000000000000000000e+00 0.000000000000000000e+00 5.784474697634323093e-05
2.610714544951768858e+03 -1.989210848640618110e+02 8.922644426360497505e+01 0.000000000000000000e+00 0.000000000000000000e+00 -1.365870361691179369e-02
2.996053542890069821e+03 -1.969994547809197343e+02 1.180583044326010054e+02 0.000000000000000000e+00 0.000000000000000000e+00 2.502609458517213170e-02
2.804430394515118678e+03 4.096432435265751337e+01 1.031936786638924275e+02 0.000000000000000000e+00 0.000000000000000000e+00 -6.145518140058925383e-03
2.607495446919629558e+03 2.003000335839758179e+02 8.969011007605702446e+01 0.000000000000000000e+00 0.000000000000000000e+00 -2.231199826981367096e-02
2.999654050406956230e+03 1.960424364157568391e+02 1.192062068621532376e+02 0.000000000000000000e+00 0.000000000000000000e+00 3.510530958611468577e-02
3.000373013826857459e+03 1.616910375884649966e+03 1.548056851121238537e+02 0.000000000000000000e+00 0.000000000000000000e+00 5.205041981582780863e-03
2.996503728963025424e+03 1.225022874356791590e+03 1.394444261421642750e+02 0.000000000000000000e+00 0.000000000000000000e+00 -1.674231138218829074e-02
2.805406996312487536e+03 1.460867885759649653e+03 1.326038220159803416e+02 0.000000000000000000e+00 0.000000000000000000e+00 4.459724640472018109e-02
2.607395426249052434e+03 1.622654131952085663e+03 1.243802591400332318e+02 0.000000000000000000e+00 0.000000000000000000e+00 -2.729541225582465813e-02
2.610660512897362878e+03 1.223989663108384548e+03 1.096385973918957291e+02 0.000000000000000000e+00 0.000000000000000000e+00 2.135700370220661171e-02
3.000084077587193406e+03 9.057472379103983258e+02 1.304878194725270930e+02 0.000000000000000000e+00 0.000000000000000000e+00 1.632645636075835682e-02
2.996038845038994623e+03 5.115899996133375112e+02 1.223493190303027376e+02 0.000000000000000000e+00 0.000000000000000000e+00 2.667591236738076077e-02
2.804513656746060406e+03 7.504010347008721737e+02 1.114649807845568859e+02 0.000000000000000000e+00 0.000000000000000000e+00 1.829375842291369736e-02
2.610279493085739887e+03 5.119452215182978989e+02 9.311186038526132336e+01 0.000000000000000000e+00 0.000000000000000000e+00 -4.070731639984614958e-04
2.606938921025297077e+03 9.102890917077006634e+02 1.005152604464691137e+02 0.000000000000000000e+00 0.000000000000000000e+00 2.935572031530853110e-02
2.298505575502773354e+03 2.329119204081921907e+03 1.401329424614991979e+02 0.000000000000000000e+00 0.000000000000000000e+00 6.759025046534361536e-03
2.296247749951109199e+03 1.937290163131521695e+03 1.179468549977488152e+02 0.000000000000000000e+00 0.000000000000000000e+00 5.103781732586298858e-03
2.102823785752755157e+03 2.173129206974155750e+03 1.187994163115845652e+02 0.000000000000000000e+00 0.000000000000000000e+00 -7.883429308449763084e-03
1.904116482884483275e+03 2.332834444548019292e+03 1.170975616583219789e+02 0.000000000000000000e+00 0.000000000000000000e+00 4.068678268211556315e-03
1.910041177769390060e+03 1.934729458467376617e+03 9.532610892725169549e+01 0.000000000000000000e+00 0.000000000000000000e+00 -1.467258533146775790e-02
1.598435879880335960e+03 3.040303372429219053e+03 1.522070279527768548e+02 0.000000000000000000e+00 0.000000000000000000e+00 -2.641381174385060149e-02
1.597150486439603128e+03 2.648581902223341331e+03 1.226309499593143499e+02 0.000000000000000000e+00 0.000000000000000000e+00 -3.598844521621913373e-02
1.403668990104469458e+03 2.885838565252819535e+03 1.317208433685893283e+02 0.000000000000000000e+00 0.000000000000000000e+00 -2.712542896006198134e-02
1.204728201692433913e+03 3.044037649748092917e+03 1.367584996658505645e+02 0.000000000000000000e+00 0.000000000000000000e+00 -9.011848472653127828e-04
1.209519266048760301e+03 2.645471079533067496e+03 1.071260027609856991e+02 0.000000000000000000e+00 0.000000000000000000e+00 -3.396075764797501506e-02
2.297990561971000261e+03 1.618167227569423858e+03 1.032407087098885938e+02 0.000000000000000000e+00 0.000000000000000000e+00 2.451438077646628244e-02
2.296729200108223722e+03 1.224830293984790387e+03 8.864901229332863863e+01 0.000000000000000000e+00 0.000000000000000000e+00 1.693224518328406702e-02
2.102944403356508701e+03 1.462730650784261115e+03 8.529057379232639846e+01 0.000000000000000000e+00 0.000000000000000000e+00 2.596547078874777981e-02
1.905249523961098703e+03 1.621668989084297209e+03 8.076602115487894196e+01 0.000000000000000000e+00 0.000000000000000000e+00 -5.831789266508735636e-03
1.910099788726780616e+03 1.221718285697376359e+03 6.652934494729588266e+01 0.000000000000000000e+00 0.000000000000000000e+00 9.583150002626439345e-03
1.595926948075922155e+03 2.328984253908361097e+03 1.018125782763295035e+02 0.000000000000000000e+00 0.000000000000000000e+00 -3.472036066244754693e-02
1.592760974705617400e+03 1.936786953448693794e+03 8.013430289142742424e+01 0.000000000000000000e+00 0.000000000000000000e+00 2.142338011154265587e-03
1.400029976841211010e+03 2.173488835729869606e+03 8.464678244910749072e+01 0.000000000000000000e+00 0.000000000000000000e+00 -3.076801143544116712e-02
1.202092627219012911e+03 2.333043273372691147e+03 8.675262261863065305e+01 0.000000000000000000e+00 0.000000000000000000e+00 -6.129240730572860230e-03
1.206601203781076265e+03 1.935506655206088453e+03 6.526716315785166955e+01 0.000000000000000000e+00 0.000000000000000000e+00 -3.354582508028158827e-02
2.298719092025075952e+03 9.077509210530704422e+02 8.000379694856188451e+01 0.000000000000000000e+00 0.000000000000000000e+00 3.613747259731781014e-02
2.295401818533589449e+03 5.132734163354880366e+02 7.243774612119072742e+01 0.000000000000000000e+00 0.000000000000000000e+00 3.263577229610348240e-02
2.103081323351167157e+03 7.520939141984583785e+02 6.510092880440255669e+01 0.000000000000000000e+00 0.000000000000000000e+00 1.864722495977844119e-02
1.904902883428499990e+03 9.110603521637096947e+02 5.786271815786150796e+01 0.000000000000000000e+00 0.000000000000000000e+00 2.366494760975967893e-02
1.909710696684873710e+03 5.123008488639434290e+02 5.087241531830311914e+01 0.000000000000000000e+00 0.000000000000000000e+00 -1.027182861584208240e-03
8.959320715251454885e+02 3.038497419429765614e+03 1.270888056842425442e+02 0.000000000000000000e+00 0.000000000000000000e+00 1.815681276683278611e-02
8.931549220374778315e+02 2.647949478765545337e+03 9.798231822120007450e+01 0.000000000000000000e+00 0.000000000000000000e+00 -3.341777456479633202e-02
6.996776274251834593e+02 2.883913071243444847e+03 1.106405411099854916e+02 0.000000000000000000e+00 0.000000000000000000e+00 1.174904585477065666e-02
5.019405457231806622e+02 3.043722139950455130e+03 1.196947383151012048e+02 0.000000000000000000e+00 0.000000000000000000e+00 1.951068987948190170e-02
5.063484491178064673e+02 2.645649657475459662e+03 9.026437937734179684e+01 0.000000000000000000e+00 0.000000000000000000e+00 3.716950674558461287e-03
1.598541295847949186e+03 1.618062386464627934e+03 6.598279643410876361e+01 0.000000000000000000e+00 0.000000000000000000e+00 1.751753585709536765e-02
1.595582052723460720e+03 1.225105027340655624e+03 5.180158682637249257e+01 0.000000000000000000e+00 0.000000000000000000e+00 -4.657649632093807668e-04
1.402580149757641266e+03 1.462446180462010261e+03 5.199632466756504101e+01 0.000000000000000000e+00 0.000000000000000000e+00 -8.380131320109285298e-03
1.204563437623430900e+03 1.623398982060447452e+03 5.123545013845918561e+01 0.000000000000000000e+00 0.000000000000000000e+00 -1.653021566634294004e-02
1.208515150104326494e+03 1.223048011604076692e+03 3.721450016950365836e+01 0.000000000000000000e+00 0.000000000000000000e+00 2.057672928756915098e-04
8.963373414528958847e+02 2.327207089129787619e+03 7.752694306708177407e+01 0.000000000000000000e+00 0.000000000000000000e+00 -1.885232079386867099e-02
8.922971323035508249e+02 1.934792150627108640e+03 5.623318166366244242e+01 0.000000000000000000e+00 0.000000000000000000e+00 -6.906095060010386533e-03
6.997944622427246486e+02 2.172689406862506530e+03 6.436582408146068701e+01 0.000000000000000000e+00 0.000000000000000000e+00 -1.133690104029483336e-02
5.023545735030335777e+02 2.333027708470135622e+03 7.026783732436987862e+01 0.000000000000000000e+00 0.000000000000000000e+00 -2.599751734720712193e-03
5.056905116981435526e+02 1.935479884856890521e+03 4.891344708747539016e+01 0.000000000000000000e+00 0.000000000000000000e+00 -1.564704357866730788e-02
1.960544006993447965e+02 3.039650531511555982e+03 1.163456319618885146e+02 0.000000000000000000e+00 0.000000000000000000e+00 -1.316834319088400207e-02
1.915690618911804393e+02 2.647207947816869819e+03 8.730734851556078979e+01 0.000000000000000000e+00 0.000000000000000000e+00 -1.675071331837330035e-02
1.376884989671723902e-01 2.883188048425517536e+03 1.036933653527549950e+02 0.000000000000000000e+00 0.000000000000000000e+00 7.264892371722453390e-03
-1.986719439060454135e+02 3.042972633317906457e+03 1.166253377132417199e+02 0.000000000000000000e+00 0.000000000000000000e+00 2.074634399005503838e-02
-1.945245828356296158e+02 2.645007501104275434e+03 8.717327234885540577e+01 0.000000000000000000e+00 0.000000000000000000e+00 -4.424349686929929248e-02
1.599103356765138187e+03 9.069544879544414471e+02 4.348405969442170971e+01 0.000000000000000000e+00 0.000000000000000000e+00 1.337968300217085016e-02
1.595364329287442160e+03 5.135681098781620904e+02 3.634982360544914570e+01 0.000000000000000000e+00 0.000000000000000000e+00 8.459191952375988421e-03
1.402500360559490900e+03 7.507813705733075267e+02 3.245646533265570355e+01 0.000000000000000000e+00 0.000000000000000000e+00 3.319167077627582785e-03
1.205055982284679885e+03 9.104867692662568288e+02 2.891199413748387670e+01 0.000000000000000000e+00 0.000000000000000000e+00 -8.601630302468521450e-03
1.208966515162429232e+03 5.125431625063210959e+02 2.211882839724068717e+01 0.000000000000000000e+00 0.000000000000000000e+00 1.538019491612629963e-02
8.976416097042541651e+02 1.617728091857035452e+03 4.229869473894896004e+01 0.000000000000000000e+00 0.000000000000000000e+00 3.624203819107663094e-03
7.007277845188066294e+02 1.462398026350486816e+03 3.216489620744426503e+01 0.000000000000000000e+00 0.000000000000000000e+00 -2.339327437451288461e-02
8.932933855602793756e+02 1.224226000860644717e+03 2.842108715468374314e+01 0.000000000000000000e+00 0.000000000000000000e+00 1.550335258232848901e-02
5.037527660590578762e+02 1.622140419181879224e+03 3.504636809970749312e+01 0.000000000000000000e+00 0.000000000000000000e+00 -3.223718686387400112e-02
5.065043335053978808e+02 1.223329759570354554e+03 2.120032361435917423e+01 0.000000000000000000e+00 0.000000000000000000e+00 -2.650767514607110797e-02
1.960525416294060506e+02 2.327951043268502417e+03 6.701973943765879937e+01 0.000000000000000000e+00 0.000000000000000000e+00 -7.215816274680264542e-03
2.805611992240106822e-01 2.172748275749715049e+03 5.765796332933515345e+01 0.000000000000000000e+00 0.000000000000000000e+00 -1.539508394230892918e-03
1.922923443181326775e+02 1.935853144908449622e+03 4.596042889467057080e+01 0.000000000000000000e+00 0.000000000000000000e+00 -5.226375326316201608e-03
-1.981993408134856054e+02 2.331946820591138021e+03 6.726775983300190376e+01 0.000000000000000000e+00 0.000000000000000000e+00 -5.362607108419581436e-02
-1.933111795959013364e+02 1.934041206818717455e+03 4.587831914734083938e+01 0.000000000000000000e+00 0.000000000000000000e+00 1.644308401206728831e-02
-7.006117074461086531e+02 2.884379659992825509e+03 1.106941415344293347e+02 0.000000000000000000e+00 0.000000000000000000e+00 -4.197760011933837632e-02
-5.076423371770945892e+02 2.648122187899382880e+03 9.045155566923514812e+01 0.000000000000000000e+00 0.000000000000000000e+00 -5.839279569126176739e-02
-8.977270033429863361e+02 3.043839376013491801e+03 1.275630895362022130e+02 0.000000000000000000e+00 0.000000000000000000e+00 -6.738475096140916776e-02
-8.943043006581691543e+02 2.646112610357888116e+03 9.788504471678258767e+01 0.000000000000000000e+00 0.000000000000000000e+00 1.720526224454488329e-02
-5.033382422859265830e+02 3.039509347618835818e+03 1.193779447105364255e+02 0.000000000000000000e+00 0.000000000000000000e+00 1.068912083955808612e-02
1.974060789021479820e+02 1.618505738227353959e+03 3.201548875279330986e+01 0.000000000000000000e+00 0.000000000000000000e+00 1.881703134807111155e-02
1.437571448275295261e+00 1.461019663484828925e+03 2.555032324024697488e+01 0.000000000000000000e+00 0.000000000000000000e+00 4.644938740464255034e-02
1.942670264670325935e+02 1.224806407500245086e+03 1.834208317175135861e+01 0.000000000000000000e+00 0.000000000000000000e+00 2.958110617519338348e-02
-1.964706999655531945e+02 1.621613993391261147e+03 3.213440980602590002e+01 0.000000000000000000e+00 0.000000000000000000e+00 9.404664223538361512e-03
-1.941678335312715546e+02 1.222658011260869216e+03 1.827798132253185770e+01 0.000000000000000000e+00 0.000000000000000000e+00 1.405079814552223638e-02
-5.032662063779486630e+02 2.327850906917393331e+03 6.997360928435938376e+01 0.000000000000000000e+00 0.000000000000000000e+00 -6.100501729972052090e-02
-7.004283747758646541e+02 2.172208431969648700e+03 6.435155307913629485e+01 0.000000000000000000e+00 0.000000000000000000e+00 -1.891227290275310224e-02
-5.078249405799401188e+02 1.934809902956053975e+03 4.891043597203054105e+01 0.000000000000000000e+00 0.000000000000000000e+00 7.242229028832980475e-03
-8.978274104190742264e+02 2.332404209513349088e+03 7.787332381999181052e+01 0.000000000000000000e+00 0.000000000000000000e+00 -3.556443253708607699e-02
-8.952609636031573928e+02 1.934209844840121377e+03 5.627704015746439126e+01 0.000000000000000000e+00 0.000000000000000000e+00 -1.074353992544274661e-02
-5.030193474623374073e+02 1.616221105427241582e+03 3.480011220753478796e+01 0.000000000000000000e+00 0.000000000000000000e+00 2.238400493733649910e-02
-7.008146918005982116e+02 1.462203528667867431e+03 3.215953931346960104e+01 0.000000000000000000e+00 0.000000000000000000e+00 2.072933561947820635e-02
-5.075804890771780151e+02 1.226064261940783126e+03 2.129606155908312104e+01 0.000000000000000000e+00 0.000000000000000000e+00 -3.552968479759499587e-03
-8.954344595891823246e+02 1.223395415527801106e+03 2.844719295714205032e+01 0.000000000000000000e+00 0.000000000000000000e+00 6.746900879527117922e-03
-8.978867514161786403e+02 1.621375280298920870e+03 4.245118590471906117e+01 0.000000000000000000e+00 0.000000000000000000e+00 4.949593139897956462e-03
-5.025701589506736582e+02 9.063679849542934335e+02 1.300683615565850992e+01 0.000000000000000000e+00 0.000000000000000000e+00 -2.786952201013548347e-03
-8.973107615827071868e+02 9.099019802481697070e+02 2.035727093641086682e+01 0.000000000000000000e+00 0.000000000000000000e+00 1.916563445264074517e-02
-6.988662158203661647e+02 7.502929846313169264e+02 1.300397406838237657e+01 0.000000000000000000e+00 0.000000000000000000e+00 -2.528193040502557665e-03
-5.063759066007850151e+02 5.129955456949277277e+02 6.405384842694785696e+00 0.000000000000000000e+00 0.000000000000000000e+00 -2.264946431347247824e-02
-8.932146607131470546e+02 5.109392552772803811e+02 1.342944026197906560e+01 0.000000000000000000e+00 0.000000000000000000e+00 -9.099275546915919222e-03
-1.206979557289945433e+03 1.222809934380446521e+03 3.715781309746800076e+01 0.000000000000000000e+00 0.000000000000000000e+00 2.830943062754442963e-03
-1.204421583708288836e+03 1.616665787548487515e+03 5.095823217653881443e+01 0.000000000000000000e+00 0.000000000000000000e+00 -1.441023203206981407e-02
-1.399088996413473069e+03 1.460492686791856158e+03 5.179310837224290509e+01 0.000000000000000000e+00 0.000000000000000000e+00 3.676075436246151185e-03
-1.598318158099692937e+03 1.620743665437333675e+03 6.608292955877365671e+01 0.000000000000000000e+00 0.000000000000000000e+00 -8.673659947319833918e-03
-1.594328043510994803e+03 1.221869648528523612e+03 5.164885442164221274e+01 0.000000000000000000e+00 0.000000000000000000e+00 -9.269093086388124902e-03
-1.205778261047897104e+03 9.070213382314733508e+02 2.885795113377182020e+01 0.000000000000000000e+00 0.000000000000000000e+00 8.217375099519586001e-03
-1.208690799979354551e+03 5.123371685182032707e+02 2.210752542773292362e+01 0.000000000000000000e+00 0.000000000000000000e+00 -2.759008698227205514e-02
-1.599763844148255430e+03 9.100736509811279120e+02 4.358278274296264243e+01 0.000000000000000000e+00 0.000000000000000000e+00 -5.053047788123876671e-03
-1.402390465693472379e+03 7.501610819290599466e+02 3.244091677006829855e+01 0.000000000000000000e+00 0.000000000000000000e+00 1.298173772426025607e-03
-1.594553051285404990e+03 5.106626712539203936e+02 3.627836161793294423e+01 0.000000000000000000e+00 0.000000000000000000e+00 -1.302134193851856026e-02
-5.032841593435326786e+02 1.944209257233010533e+02 3.703649930733059925e+00 0.000000000000000000e+00 0.000000000000000000e+00 -8.770651349754743364e-03
-8.978979948360986327e+02 1.990718871110773875e+02 1.086989460878058544e+01 0.000000000000000000e+00 0.000000000000000000e+00 -1.442620072868017189e-02
-7.001182090203742518e+02 3.844746048321803045e+01 6.318436799040582308e+00 0.000000000000000000e+00 0.000000000000000000e+00 -2.700456123072836334e-02
-5.076124991794492303e+02 -1.992293755660235490e+02 3.750912427820551454e+00 0.000000000000000000e+00 0.000000000000000000e+00 -2.647266476006215896e-03
-8.938978641538172951e+02 -1.996331475383101690e+02 1.069059668722867684e+01 0.000000000000000000e+00 0.000000000000000000e+00 -2.292685512077419219e-02
-1.205957584887138864e+03 1.972619860250925115e+02 1.926279737689650773e+01 0.000000000000000000e+00 0.000000000000000000e+00 9.937652578486222410e-03
-1.401653275662313490e+03 4.045563414423887849e+01 2.538001101799876835e+01 0.000000000000000000e+00 0.000000000000000000e+00 -6.559267867416451736e-04
-1.207604861754975218e+03 -1.961077715822092671e+02 1.915313053606276839e+01 0.000000000000000000e+00 0.000000000000000000e+00 1.137937458135240831e-02
-1.594879937776238876e+03 -1.995227758860701499e+02 3.319267377914059836e+01 0.000000000000000000e+00 0.000000000000000000e+00 -3.339927215073856814e-02
-1.599167587748164351e+03 1.995722857062489766e+02 3.364163718020133587e+01 0.000000000000000000e+00 0.000000000000000000e+00 -1.355544668633967831e-02
-1.204407797012985156e+03 -5.163822554238918201e+02 2.156003494968899759e+01 0.000000000000000000e+00 0.000000000000000000e+00 -6.093470092708130892e-02
-1.599398492051310768e+03 -5.125757471504057321e+02 3.575728295178836902e+01 0.000000000000000000e+00 0.000000000000000000e+00 -2.155200364083498243e-02
-1.401535192697250977e+03 -6.724733137625451036e+02 3.020722788657451474e+01 0.000000000000000000e+00 0.000000000000000000e+00 -9.637467022756140977e-04
-1.207896214667344793e+03 -9.104299940516946208e+02 2.794144256989160269e+01 0.000000000000000000e+00 0.000000000000000000e+00 -3.893087794830663029e-02
-1.595984461929142071e+03 -9.113951320955786741e+02 4.188939051683988879e+01 0.000000000000000000e+00 0.000000000000000000e+00 -2.682377799118995654e-02
-2.994790895775354329e+03 -1.622998969320912465e+03 1.458782824659386961e+02 0.000000000000000000e+00 0.000000000000000000e+00 4.067744311271326296e-03
-2.608662002886668688e+03 -1.621179930209176291e+03 1.171888087048615432e+02 0.000000000000000000e+00 0.000000000000000000e+00 3.329150197870944794e-02
-2.801817178790823164e+03 -1.382993407058608227e+03 1.229722815164593044e+02 0.000000000000000000e+00 0.000000000000000000e+00 5.766160554669852445e-02
-2.606300989028100503e+03 -1.227354025251284838e+03 1.045235410489393217e+02 0.000000000000000000e+00 0.000000000000000000e+00 -5.950674902460661997e-02
-2.998620297329206096e+03 -1.223599466312703271e+03 1.335103774161302397e+02 0.000000000000000000e+00 0.000000000000000000e+00 5.439364472150032270e-02
-2.610390063950943841e+03 -9.087929050337783110e+02 9.732771820528870421e+01 0.000000000000000000e+00 0.000000000000000000e+00 2.297406048927541633e-02
-2.803366001060669532e+03 -6.724387452303659529e+02 1.071310004934360336e+02 0.000000000000000000e+00 0.000000000000000000e+00 9.211589837562428329e-03
-2.608419745928251359e+03 -5.153301558832284854e+02 9.122483218479771949e+01 0.000000000000000000e+00 0.000000000000000000e+00 5.062022765400797653e-05
-3.000835899641919241e+03 -5.124095695795823531e+02 1.204564774510994027e+02 0.000000000000000000e+00 0.000000000000000000e+00 1.277844572126696221e-02
-2.996729819309260165e+03 -9.107189789109096409e+02 1.260626416272853305e+02 0.000000000000000000e+00 0.000000000000000000e+00 2.816779428043503231e-02
-2.297122343403872492e+03 -9.092043418409951983e+02 7.718358942473805939e+01 0.000000000000000000e+00 0.000000000000000000e+00 2.174041489458033993e-02
-1.910376995523262394e+03 -9.083200519656587630e+02 5.603065550211856305e+01 0.000000000000000000e+00 0.000000000000000000e+00 9.529596724107136652e-04
-2.102833504868855016e+03 -6.699635730926914903e+02 6.192708799946589693e+01 0.000000000000000000e+00 0.000000000000000000e+00 1.954979594790984265e-02
-1.907040181306593240e+03 -5.142587653357322779e+02 4.973477041481228866e+01 0.000000000000000000e+00 0.000000000000000000e+00 2.822428011398869785e-03
-2.300727330079571857e+03 -5.106858946413772173e+02 7.129993994794143930e+01 0.000000000000000000e+00 0.000000000000000000e+00 3.453918974906855510e-02
-2.296413724771506168e+03 -1.998339915577038823e+02 6.884808136767811959e+01 0.000000000000000000e+00 0.000000000000000000e+00 1.320559203522009284e-02
-1.910547784462137315e+03 -1.980954348905698055e+02 4.757485079466746924e+01 0.000000000000000000e+00 0.000000000000000000e+00 -5.563825785017684211e-04
-1.905620652134273314e+03 1.955877173028087839e+02 4.769134732604111804e+01 0.000000000000000000e+00 0.000000000000000000e+00 1.374852826906192149e-03
-2.299614554085328109e+03 2.008091772933712775e+02 6.958737530359077539e+01 0.000000000000000000e+00 0.000000000000000000e+00 2.915117862626459555e-02
-2.102094384565074961e+03 3.925641778233696044e+01 5.744422576500332411e+01 0.000000000000000000e+00 0.000000000000000000e+00 3.346830810887269081e-02
-1.204992015529890296e+03 3.038784812651512766e+03 1.363441552456719137e+02 0.000000000000000000e+00 0.000000000000000000e+00 -1.065212289768169285e-02
-1.400171967485619462e+03 2.882876421861815743e+03 1.313561000287261606e+02 0.000000000000000000e+00 0.000000000000000000e+00 -6.386058703725439045e-03
-1.208275801066869462e+03 2.646655484103430808e+03 1.071654817765404459e+02 0.000000000000000000e+00 0.000000000000000000e+00 4.419685236308623644e-02
-1.598721929404024650e+03 3.042602167280283993e+03 1.524068538849010963e+02 0.000000000000000000e+00 0.000000000000000000e+00 -5.354645776660049705e-02
-1.595530388675403856e+03 2.644992292560221813e+03 1.223085278487306056e+02 0.000000000000000000e+00 0.000000000000000000e+00 -2.916533228577122827e-02
-1.202885064292205016e+03 2.328663088095091098e+03 8.651666684029022747e+01 0.000000000000000000e+00 0.000000000000000000e+00 -3.564537962262193105e-03
-1.400597713204266938e+03 2.172436695428275470e+03 8.461009842272414971e+01 0.000000000000000000e+00 0.000000000000000000e+00 -3.470029907944649494e-03
-1.207989870969822277e+03 1.935964882786482576e+03 6.533540642886897842e+01 0.000000000000000000e+00 0.000000000000000000e+00 4.885684657878641701e-03
-1.595695137820209311e+03 1.933234160901516134e+03 8.008703972090523848e+01 0.000000000000000000e+00 0.000000000000000000e+00 7.493135823551710928e-03
-1.597876976497868327e+03 2.333079957647813444e+03 1.021469157246582711e+02 0.000000000000000000e+00 0.000000000000000000e+00 -1.990236484826368724e-02
-1.906517762655638535e+03 2.327932567468219077e+03 1.169265779067811337e+02 0.000000000000000000e+00 0.000000000000000000e+00 -2.894348996166229426e-02
-1.912245834756620980e+03 1.935236502757218659e+03 9.546769768765996389e+01 0.000000000000000000e+00 0.000000000000000000e+00 4.090772908553219622e-02
-2.298782159952981601e+03 1.934658495718757649e+03 1.179751150400854698e+02 0.000000000000000000e+00 0.000000000000000000e+00 1.756350297291930929e-02
-2.104098184489567302e+03 2.172741850185184376e+03 1.188521819375375941e+02 0.000000000000000000e+00 0.000000000000000000e+00 -2.867940122881407206e-02
-1.905424297177771450e+03 1.617126739478203262e+03 8.058692168817798063e+01 0.000000000000000000e+00 0.000000000000000000e+00 -1.419707864179997614e-02
-2.102325825275559509e+03 1.462067652166084372e+03 8.523017508772619522e+01 0.000000000000000000e+00 0.000000000000000000e+00 3.006120500735676160e-02
-1.910202538613907336e+03 1.224656856351984970e+03 6.662589023678903288e+01 0.000000000000000000e+00 0.000000000000000000e+00 5.593494203353088778e-03
-2.295399876995816157e+03 1.222982593934536681e+03 8.850745176114803314e+01 0.000000000000000000e+00 0.000000000000000000e+00 4.467500730459050828e-02
-2.299854069223770693e+03 1.621297430677681632e+03 1.034905241884780907e+02 0.000000000000000000e+00 0.000000000000000000e+00 4.142206287600913583e-02
-1.904557082589434458e+03 9.065267456064715361e+02 5.774064365582263036e+01 0.000000000000000000e+00 0.000000000000000000e+00 3.066105120147000207e-02
-2.298615785939422494e+03 9.097939857707182227e+02 8.004568634467349852e+01 0.000000000000000000e+00 0.000000000000000000e+00 2.532613935974836750e-02
-2.101774408761278664e+03 7.496749165526076695e+02 6.498063634945710021e+01 0.000000000000000000e+00 0.000000000000000000e+00 2.366119001069932892e-02
-1.909545306499028811e+03 5.130307783870122194e+02 5.087372157314626264e+01 0.000000000000000000e+00 0.000000000000000000e+00 2.983295563777943471e-02
-2.295946015953608367e+03 5.112044462029626857e+02 7.244266699978481938e+01 0.000000000000000000e+00 0.000000000000000000e+00 2.560073210310065406e-02
-2.996166516849114942e+03 -2.011140555523417959e+02 1.180782741723899676e+02 0.000000000000000000e+00 0.000000000000000000e+00 3.518354429657222227e-02
-2.801861695035200682e+03 3.832314588253045429e+01 1.029931266426980727e+02 0.000000000000000000e+00 0.000000000000000000e+00 2.897552730627239725e-02
-2.607452581998150436e+03 1.946897681076036122e+02 8.965081950668496802e+01 0.000000000000000000e+00 0.000000000000000000e+00 1.371712267260249973e-02
-2.610158408013524422e+03 -1.978247023570215504e+02 8.918456958817820635e+01 0.000000000000000000e+00 0.000000000000000000e+00 -2.245677735871254299e-03
-3.000194614067821021e+03 1.970683809124873562e+02 1.192572131377925757e+02 0.000000000000000000e+00 0.000000000000000000e+00 4.094152505339820891e-02
-2.610658588365647120e+03 1.225302047776558766e+03 1.096808810901080733e+02 0.000000000000000000e+00 0.000000000000000000e+00 1.519084930758651808e-02
-2.606730291782473159e+03 1.617737144250163965e+03 1.241217029960922247e+02 0.000000000000000000e+00 0.000000000000000000e+00 3.903218318484391602e-02
-2.997256326997247470e+03 1.221730271350897738e+03 1.393978021959164550e+02 0.000000000000000000e+00 0.000000000000000000e+00 2.058571369317974131e-02
-3.000424082498199368e+03 1.620825989053380908e+03 1.549811109967791083e+02 0.000000000000000000e+00 0.000000000000000000e+00 1.308294801845022448e-04
-2.802637193649750316e+03 1.461619126354406262e+03 1.324179554419334011e+02 0.000000000000000000e+00 0.000000000000000000e+00 1.272010063152606563e-02
-2.607383394598368795e+03 9.077507731847839523e+02 1.004853660948302121e+02 0.000000000000000000e+00 0.000000000000000000e+00 2.176762622028149963e-02
-2.612546138437225181e+03 5.131761747357070362e+02 9.328856610119508730e+01 0.000000000000000000e+00 0.000000000000000000e+00 3.305119212922136285e-02
-2.996854474811233558e+03 5.113599021784733054e+02 1.224123599659882160e+02 0.000000000000000000e+00 0.000000000000000000e+00 7.780589732587372964e-02
-2.803794856268175863e+03 7.505968801290737247e+02 1.114141997327134845e+02 0.000000000000000000e+00 0.000000000000000000e+00 2.806748210331022619e-02
-3.000364400197254781e+03 9.103930427579440448e+02 1.306265791456466161e+02 0.000000000000000000e+00 0.000000000000000000e+00 8.006566916949964252e-02
