0.005331 35.366458
0.004486 43.233733
0.006276 51.101008
0.006033 58.968283
0.006936 66.835558
0.006184 74.702832
0.006785 82.570107
0.006046 90.437382
0.007079 98.304657
0.004110 106.171932
0.004627 114.039207
0.005160 121.906482
0.005731 129.773757
0.007107 137.641031
0.006132 145.508306
0.008728 153.375581
0.006619 161.242856
0.004879 169.110131
nan 176.977406
0.006455 184.844681
nan 192.711956
nan 200.579230
nan 208.446505
0.002018 216.313780
0.003071 224.181055
0.004059 232.048330
0.003066 239.915605
0.004788 247.782880
0.003501 255.650155
0.004474 263.517430
0.004779 271.384704
0.006110 279.251979
0.004868 287.119254
0.006595 294.986529
0.005787 302.853804
0.007452 310.721079
0.003419 318.588354
0.004128 326.455629
0.002814 334.322903
0.005735 342.190178
0.006979 350.057453
0.005911 357.924728
0.005525 365.792003
0.005544 373.659278
0.006484 381.526553
0.003848 389.393828
0.005747 397.261102
0.007163 405.128377
0.005800 412.995652
0.005419 420.862927
0.006094 428.730202
0.006713 436.597477
0.004752 444.464752
0.008083 452.332027
0.004192 460.199301
0.006960 468.066576
0.006616 475.933851
0.006766 483.801126
0.004939 491.668401
0.005623 499.535676
0.009952 507.402951
0.004940 515.270226
0.007010 523.137500
0.006307 531.004775
0.009010 538.872050
0.009775 546.739325
0.003999 554.606600
0.008880 562.473875
0.005610 570.341150
0.005375 578.208425
0.005877 586.075699
0.007597 593.942974
0.005207 601.810249
0.005392 609.677524
0.008768 617.544799
0.006537 625.412074
0.007002 633.279349
0.008716 641.146624
0.008346 649.013898
0.004013 656.881173
0.007898 664.748448
0.006606 672.615723
0.007957 680.482998
0.002470 688.350273
0.002798 696.217548
0.005937 704.084823
0.006110 711.952097
0.003934 719.819372
0.003544 727.686647
0.007927 735.553922
0.009533 743.421197
0.010457 751.288472
0.003347 759.155747
0.007499 767.023022
0.004231 774.890296
nan 782.757571
0.009179 790.624846
0.003360 798.492121
nan 806.359396
0.002858 814.226671
