0.013726 25.602651
nan 32.814110
nan 40.025569
0.013675 47.237027
0.002152 54.448486
0.006436 61.659944
0.008722 68.871403
0.010552 76.082862
0.013308 83.294320
0.002395 90.505779
0.008857 97.717238
0.006773 104.928696
0.000318 112.140155
nan 119.351613
0.005854 126.563072
0.014073 133.774531
nan 140.985989
0.008180 148.197448
0.012600 155.408906
nan 162.620365
0.011565 169.831824
0.007236 177.043282
0.007661 184.254741
0.002970 191.466199
0.006717 198.677658
0.017259 205.889117
0.015620 213.100575
0.007409 220.312034
0.006364 227.523493
0.013240 234.734951
0.007506 241.946410
0.011457 249.157868
0.012539 256.369327
0.006252 263.580786
0.011947 270.792244
0.010864 278.003703
0.012063 285.215161
0.005396 292.426620
0.009185 299.638079
0.008628 306.849537
0.007571 314.060996
0.007782 321.272455
0.012561 328.483913
0.008398 335.695372
0.008017 342.906830
0.016700 350.118289
0.003058 357.329748
0.001198 364.541206
0.006391 371.752665
0.008950 378.964123
0.006341 386.175582
0.011820 393.387041
0.015492 400.598499
0.006061 407.809958
0.008895 415.021417
0.008539 422.232875
0.004077 429.444334
0.006855 436.655792
0.012192 443.867251
0.010275 451.078710
0.002088 458.290168
0.010895 465.501627
0.007055 472.713085
0.012096 479.924544
0.015275 487.136003
0.005647 494.347461
0.005400 501.558920
0.008415 508.770379
0.007826 515.981837
0.005953 523.193296
nan 530.404754
0.003585 537.616213
0.006734 544.827672
nan 552.039130
0.000258 559.250589
0.011790 566.462047
0.007566 573.673506
0.007127 580.884965
0.001697 588.096423
0.010713 595.307882
0.001238 602.519340
nan 609.730799
0.004999 616.942258
0.004190 624.153716
0.001173 631.365175
0.001076 638.576634
0.006873 645.788092
0.004956 652.999551
0.003794 660.211009
nan 667.422468
0.004675 674.633927
0.004338 681.845385
0.008514 689.056844
nan 696.268302
nan 703.479761
nan 710.691220
nan 717.902678
0.000919 725.114137
nan 732.325596
0.003527 739.537054
