0.003346 43.441026
0.005178 49.822312
0.009585 56.203599
nan 62.584885
nan 68.966172
nan 75.347458
0.006034 81.728745
0.004853 88.110031
0.005538 94.491318
nan 100.872604
0.008028 107.253891
0.008390 113.635177
0.011827 120.016464
nan 126.397750
0.005598 132.779037
0.007681 139.160323
0.001541 145.541610
0.015053 151.922896
nan 158.304183
0.003137 164.685469
0.009064 171.066756
0.014909 177.448042
0.022839 183.829329
0.011261 190.210615
nan 196.591902
0.007496 202.973188
0.019493 209.354475
nan 215.735761
nan 222.117048
0.012293 228.498334
0.015378 234.879621
nan 241.260908
0.003963 247.642194
0.023853 254.023481
0.005043 260.404767
nan 266.786054
0.007820 273.167340
nan 279.548627
nan 285.929913
0.014093 292.311200
nan 298.692486
nan 305.073773
0.005808 311.455059
0.010918 317.836346
0.008105 324.217632
0.008191 330.598919
0.012829 336.980205
0.002453 343.361492
0.013605 349.742778
0.011652 356.124065
0.009930 362.505351
0.004276 368.886638
0.001303 375.267924
0.015816 381.649211
0.003225 388.030497
0.005647 394.411784
0.008322 400.793070
nan 407.174357
0.006250 413.555643
0.003152 419.936930
0.015085 426.318216
0.009212 432.699503
0.005894 439.080789
nan 445.462076
0.006482 451.843362
0.003315 458.224649
0.011094 464.605935
0.003298 470.987222
0.008079 477.368508
0.010163 483.749795
0.007696 490.131081
nan 496.512368
0.012591 502.893654
nan 509.274941
0.006157 515.656227
nan 522.037514
0.005129 528.418800
0.006267 534.800087
nan 541.181373
0.002544 547.562660
nan 553.943946
0.002150 560.325233
nan 566.706519
0.009074 573.087806
0.007584 579.469092
0.017445 585.850379
nan 592.231665
0.004201 598.612952
nan 604.994238
nan 611.375525
nan 617.756811
nan 624.138098
nan 630.519384
nan 636.900671
nan 643.281957
nan 649.663244
nan 656.044530
nan 662.425817
nan 668.807103
0.008721 675.188390
