0.008149 26.431267
0.005399 35.299956
0.007252 44.168645
0.005343 53.037335
0.004962 61.906024
0.006631 70.774713
0.008014 79.643403
0.007304 88.512092
0.005119 97.380781
0.004892 106.249470
0.008844 115.118160
0.005409 123.986849
0.005731 132.855538
0.005928 141.724228
0.009040 150.592917
0.007838 159.461606
0.006502 168.330296
0.009351 177.198985
0.007770 186.067674
0.007748 194.936363
0.007898 203.805053
0.007491 212.673742
0.006800 221.542431
0.007258 230.411121
0.007414 239.279810
0.008040 248.148499
0.008880 257.017189
0.006521 265.885878
0.009254 274.754567
0.008414 283.623257
0.008415 292.491946
0.006974 301.360635
0.007941 310.229324
0.007412 319.098014
0.008037 327.966703
0.006796 336.835392
0.009423 345.704082
0.006730 354.572771
0.007481 363.441460
0.007073 372.310150
0.011220 381.178839
0.008820 390.047528
0.008119 398.916217
0.007135 407.784907
0.009094 416.653596
0.006783 425.522285
0.006439 434.390975
0.008061 443.259664
0.007814 452.128353
0.005865 460.997043
0.007476 469.865732
0.008177 478.734421
0.007410 487.603110
0.006230 496.471800
0.006690 505.340489
0.007657 514.209178
0.006333 523.077868
0.006013 531.946557
0.007481 540.815246
0.008169 549.683936
0.007455 558.552625
0.006031 567.421314
0.006842 576.290004
0.007699 585.158693
0.006703 594.027382
0.004328 602.896071
0.005561 611.764761
0.005013 620.633450
0.008112 629.502139
0.008605 638.370829
0.009722 647.239518
0.009077 656.108207
0.006188 664.976897
0.007458 673.845586
0.007566 682.714275
0.007923 691.582964
0.005536 700.451654
0.008606 709.320343
0.006462 718.189032
0.006099 727.057722
0.006103 735.926411
0.006986 744.795100
0.008658 753.663790
0.008101 762.532479
0.006259 771.401168
0.003969 780.269857
0.002228 789.138547
0.003835 798.007236
0.003278 806.875925
0.006631 815.744615
0.004431 824.613304
0.003995 833.481993
0.005639 842.350683
nan 851.219372
0.003938 860.088061
0.003454 868.956750
nan 877.825440
0.002074 886.694129
nan 895.562818
0.000693 904.431508
