0.008126 26.431267
0.012623 35.299956
0.013282 44.168645
0.004718 53.037335
0.005035 61.906024
0.008359 70.774713
0.010105 79.643403
0.007015 88.512092
0.005636 97.380781
0.005196 106.249470
0.008351 115.118160
0.006077 123.986849
0.007093 132.855538
0.008474 141.724228
0.008920 150.592917
0.007652 159.461606
0.007628 168.330296
0.010808 177.198985
0.011701 186.067674
0.005773 194.936363
0.005783 203.805053
0.010279 212.673742
0.005955 221.542431
0.009203 230.411121
0.008275 239.279810
0.007731 248.148499
0.011130 257.017189
0.007744 265.885878
0.010192 274.754567
0.010679 283.623257
0.009237 292.491946
0.007696 301.360635
0.009310 310.229324
0.007024 319.098014
0.009585 327.966703
0.008624 336.835392
0.010530 345.704082
0.008134 354.572771
0.008030 363.441460
0.007066 372.310150
0.012314 381.178839
0.010654 390.047528
0.008232 398.916217
0.009283 407.784907
0.011142 416.653596
0.007818 425.522285
0.004469 434.390975
0.010408 443.259664
0.009167 452.128353
0.005252 460.997043
0.007068 469.865732
0.010366 478.734421
0.008669 487.603110
0.007334 496.471800
0.008245 505.340489
0.009695 514.209178
0.005168 523.077868
0.006058 531.946557
0.007292 540.815246
0.011981 549.683936
0.006426 558.552625
0.008995 567.421314
0.006432 576.290004
0.007329 585.158693
0.011110 594.027382
0.005441 602.896071
0.004127 611.764761
0.005012 620.633450
0.007203 629.502139
0.008647 638.370829
0.009703 647.239518
0.010285 656.108207
0.005770 664.976897
0.005126 673.845586
0.006813 682.714275
0.006285 691.582964
0.002209 700.451654
0.003751 709.320343
0.002869 718.189032
0.002807 727.057722
0.012759 735.926411
0.004419 744.795100
nan 753.663790
0.010223 762.532479
0.005744 771.401168
nan 780.269857
0.005020 789.138547
0.004726 798.007236
0.009246 806.875925
nan 815.744615
0.012345 824.613304
nan 833.481993
0.009641 842.350683
nan 851.219372
0.000091 860.088061
nan 868.956750
nan 877.825440
0.007710 886.694129
nan 895.562818
0.005006 904.431508
